# z rho/M
-108.086 0
-107.586 0
-107.086 0
-106.586 0
-106.086 0
-105.586 0
-105.086 0
-104.586 0
-104.086 0
-103.586 0
-103.086 0
-102.586 0
-102.086 0
-101.586 0
-101.086 0
-100.586 0
-100.086 0
-99.5858 0
-99.0858 0
-98.5858 0
-98.0858 0
-97.5858 0
-97.0858 0
-96.5858 0
-96.0858 0
-95.5858 0
-95.0858 0
-94.5858 0
-94.0858 0
-93.5858 0
-93.0858 0
-92.5858 0
-92.0858 0
-91.5858 0
-91.0858 0
-90.5858 0
-90.0858 0
-89.5858 0
-89.0858 0
-88.5858 0
-88.0858 0
-87.5858 0
-87.0858 0
-86.5858 0
-86.0858 0
-85.5858 0
-85.0858 0
-84.5858 0
-84.0858 0
-83.5858 0
-83.0858 0
-82.5858 0
-82.0858 0
-81.5858 0
-81.0858 0
-80.5858 0
-80.0858 0
-79.5858 0
-79.0858 0
-78.5858 0
-78.0858 0
-77.5858 0
-77.0858 0
-76.5858 0
-76.0858 0
-75.5858 0
-75.0858 0
-74.5858 0
-74.0858 0
-73.5858 0
-73.0858 0
-72.5858 0
-72.0858 0
-71.5858 0
-71.0858 0
-70.5858 0
-70.0858 0
-69.5858 0
-69.0858 0
-68.5858 0
-68.0858 0
-67.5858 0
-67.0858 0
-66.5858 0
-66.0858 0
-65.5858 0
-65.0858 0
-64.5858 0
-64.0858 0
-63.5858 0
-63.0858 0
-62.5858 0
-62.0858 0
-61.5858 0
-61.0858 0
-60.5858 0
-60.0858 0
-59.5858 0
-59.0858 0
-58.5858 0
-58.0858 0
-57.5858 0
-57.0858 0
-56.5858 0
-56.0858 0
-55.5858 0
-55.0858 0
-54.5858 0
-54.0858 0
-53.5858 0
-53.0858 0
-52.5858 0
-52.0858 0
-51.5858 0
-51.0858 0
-50.5858 0
-50.0858 0
-49.5858 0
-49.0858 0
-48.5858 0
-48.0858 0
-47.5858 0
-47.0858 0
-46.5858 0
-46.0858 0
-45.5858 0
-45.0858 0
-44.5858 0
-44.0858 0
-43.5858 0
-43.0858 0
-42.5858 0
-42.0858 0
-41.5858 0
-41.0858 0
-40.5858 0
-40.0858 0
-39.5858 0
-39.0858 0
-38.5858 0
-38.0858 0
-37.5858 0
-37.0858 0
-36.5858 0
-36.0858 0
-35.5858 0
-35.0858 0
-34.5858 0
-34.0858 0
-33.5858 0
-33.0858 0
-32.5858 0
-32.0858 0
-31.5858 0
-31.0858 0
-30.5858 0
-30.0858 0
-29.5858 0
-29.0858 0
-28.5858 0
-28.0858 0
-27.5858 0
-27.0858 0.000170174
-26.5858 0.000170174
-26.0858 0.000850872
-25.5858 0.00289296
-25.0858 0.00987011
-24.5858 0.0237393
-24.0858 0.0650917
-23.5858 0.144989
-23.0858 0.326224
-22.5858 0.642578
-22.0858 1.16433
-21.5858 1.86868
-21.0858 2.73062
-20.5858 3.42068
-20.0858 3.92226
-19.5858 4.00522
-19.0858 3.86994
-18.5858 3.76307
-18.0858 3.87291
-17.5858 4.05585
-17.0858 4.14009
-16.5858 3.91418
-16.0858 3.26556
-15.5858 2.45681
-15.0858 1.58934
-14.5858 0.931279
-14.0858 0.470958
-13.5858 0.223014
-13.0858 0.101764
-12.5858 0.0425436
-12.0858 0.0170174
-11.5858 0.00561575
-11.0858 0.00289296
-10.5858 0.000765785
-10.0858 0.000340349
-9.5858 0
-9.0858 0
-8.5858 0
-8.0858 0
-7.5858 0
-7.0858 0
-6.5858 0
-6.0858 0
-5.5858 0
-5.0858 0
-4.5858 0
-4.0858 0
-3.5858 0
-3.0858 0
-2.5858 0
-2.0858 0
-1.5858 0
-1.0858 0
-0.585798 0
-0.0857975 0
0.414202 0
0.914202 0
1.4142 0
1.9142 0
2.4142 0
2.9142 0
3.4142 0
3.9142 0
4.4142 0
4.9142 0
5.4142 0
5.9142 0
6.4142 0
6.9142 0
7.4142 0
7.9142 0
8.4142 0
8.9142 0
9.4142 0
9.9142 8.50872e-05
10.4142 0.000340349
10.9142 0.00229735
11.4142 0.00655171
11.9142 0.0164218
12.4142 0.0371831
12.9142 0.096574
13.4142 0.228374
13.9142 0.483721
14.4142 0.919112
14.9142 1.5725
15.4142 2.4369
15.9142 3.31185
16.4142 3.91265
16.9142 4.13754
17.4142 4.03483
17.9142 3.79804
18.4142 3.79634
18.9142 3.89904
19.4142 4.03067
19.9142 3.92865
20.4142 3.46662
20.9142 2.70101
21.4142 1.86937
21.9142 1.14502
22.4142 0.645642
22.9142 0.322651
23.4142 0.148562
23.9142 0.0655171
24.4142 0.025356
24.9142 0.00833855
25.4142 0.00340349
25.9142 0.00110613
26.4142 8.50872e-05
26.9142 0
27.4142 0
27.9142 0
28.4142 0
28.9142 0
29.4142 0
29.9142 0
30.4142 0
30.9142 0
31.4142 0
31.9142 0
32.4142 0
32.9142 0
33.4142 0
33.9142 0
34.4142 0
34.9142 0
35.4142 0
35.9142 0
36.4142 0
36.9142 0
37.4142 0
37.9142 0
38.4142 0
38.9142 0
39.4142 0
39.9142 0
40.4142 0
40.9142 0
41.4142 0
41.9142 0
42.4142 0
42.9142 0
43.4142 0
43.9142 0
44.4142 0
44.9142 0
45.4142 0
45.9142 0
46.4142 0
46.9142 0
47.4142 0
47.9142 0
48.4142 0
48.9142 0
49.4142 0
49.9142 0
50.4142 0
50.9142 0
51.4142 0
51.9142 0
52.4142 0
52.9142 0
53.4142 0
53.9142 0
54.4142 0
54.9142 0
55.4142 0
55.9142 0
56.4142 0
56.9142 0
57.4142 0
57.9142 0
58.4142 0
58.9142 0
59.4142 0
59.9142 0
60.4142 0
60.9142 0
61.4142 0
61.9142 0
62.4142 0
62.9142 0
63.4142 0
63.9142 0
64.4142 0
64.9142 0
65.4142 0
65.9142 0
66.4142 0
66.9142 0
67.4142 0
67.9142 0
68.4142 0
68.9142 0
69.4142 0
69.9142 0
70.4142 0
70.9142 0
71.4142 0
71.9142 0
72.4142 0
72.9142 0
73.4142 0
73.9142 0
74.4142 0
74.9142 0
75.4142 0
75.9142 0
76.4142 0
76.9142 0
77.4142 0
77.9142 0
78.4142 0
78.9142 0
79.4142 0
79.9142 0
80.4142 0
80.9142 0
81.4142 0
81.9142 0
82.4142 0
82.9142 0
83.4142 0
83.9142 0
84.4142 0
84.9142 0
85.4142 0
85.9142 0
86.4142 0
86.9142 0
87.4142 0
87.9142 0
88.4142 0
88.9142 0
89.4142 0
89.9142 0
90.4142 0
90.9142 0
91.4142 0
91.9142 0
92.4142 0
92.9142 0
93.4142 0
93.9142 0
94.4142 0
94.9142 0
95.4142 0
95.9142 0
96.4142 0
96.9142 0
97.4142 0
97.9142 0
98.4142 0
98.9142 0
99.4142 0
99.9142 0
100.414 0
100.914 0
101.414 0
101.914 0
102.414 0
102.914 0
103.414 0
103.914 0
104.414 0
104.914 0
105.414 0
105.914 0
106.414 0
106.914 0
107.414 0
107.914 0
