# z rho/M
-100.021 0
-99.521 0
-99.021 0
-98.521 0
-98.021 0
-97.521 0
-97.021 0
-96.521 0
-96.021 0
-95.521 0
-95.021 0
-94.521 0
-94.021 0
-93.521 0
-93.021 0
-92.521 0
-92.021 0
-91.521 0
-91.021 0
-90.521 0
-90.021 0
-89.521 0
-89.021 0
-88.521 0
-88.021 0
-87.521 0
-87.021 0
-86.521 0
-86.021 0
-85.521 0
-85.021 0
-84.521 0
-84.021 0
-83.521 0
-83.021 0
-82.521 0
-82.021 0
-81.521 0
-81.021 0
-80.521 0
-80.021 0
-79.521 0
-79.021 0
-78.521 0
-78.021 0
-77.521 0
-77.021 0
-76.521 0
-76.021 0
-75.521 0
-75.021 0
-74.521 0
-74.021 0
-73.521 0
-73.021 0
-72.521 0
-72.021 0
-71.521 0
-71.021 0
-70.521 0
-70.021 0
-69.521 0
-69.021 0
-68.521 0
-68.021 0
-67.521 0
-67.021 0
-66.521 0
-66.021 0
-65.521 0
-65.021 0
-64.521 0
-64.021 0
-63.521 0
-63.021 0
-62.521 0
-62.021 0
-61.521 0
-61.021 0
-60.521 0
-60.021 0
-59.521 0
-59.021 0
-58.521 0
-58.021 0
-57.521 0
-57.021 0
-56.521 0
-56.021 0
-55.521 0
-55.021 0
-54.521 0
-54.021 0
-53.521 0
-53.021 0
-52.521 0
-52.021 0
-51.521 0
-51.021 0
-50.521 0
-50.021 0
-49.521 0
-49.021 0
-48.521 0
-48.021 0
-47.521 0
-47.021 0
-46.521 0
-46.021 0
-45.521 0
-45.021 0
-44.521 0
-44.021 0
-43.521 0
-43.021 0
-42.521 0
-42.021 0
-41.521 0
-41.021 0
-40.521 0
-40.021 0
-39.521 0
-39.021 0
-38.521 0
-38.021 0
-37.521 0
-37.021 0
-36.521 0
-36.021 0
-35.521 0
-35.021 0
-34.521 0
-34.021 0
-33.521 0
-33.021 0
-32.521 0
-32.021 0
-31.521 0
-31.021 0
-30.521 0
-30.021 7.87385e-05
-29.521 0.000236215
-29.021 0.000393692
-28.521 0.00110234
-28.021 0.00133855
-27.521 0.0030708
-27.021 0.00527548
-26.521 0.0092124
-26.021 0.0181098
-25.521 0.0377945
-25.021 0.0631482
-24.521 0.108344
-24.021 0.17661
-23.521 0.279128
-23.021 0.441408
-22.521 0.655813
-22.021 0.938641
-21.521 1.24745
-21.021 1.62532
-20.521 1.9909
-20.021 2.39948
-19.521 2.72018
-19.021 2.9949
-18.521 3.22347
-18.021 3.35749
-17.521 3.38993
-17.021 3.29977
-16.521 3.11718
-16.021 2.81907
-15.521 2.49987
-15.021 2.12562
-14.521 1.71603
-14.021 1.36399
-13.521 1.02809
-13.021 0.770535
-12.521 0.570933
-12.021 0.419597
-11.521 0.306135
-11.021 0.22409
-10.521 0.171414
-10.021 0.119761
-9.52103 0.090628
-9.02103 0.0729118
-8.52103 0.0512587
-8.02103 0.040944
-7.52103 0.0332276
-7.02103 0.0258262
-6.52103 0.0196846
-6.02103 0.013543
-5.52103 0.00842501
-5.02103 0.00622034
-4.52103 0.00425188
-4.02103 0.00181098
-3.52103 0.00188972
-3.02103 0.000866123
-2.52103 0.000236215
-2.02103 0.000314954
-1.52103 7.87385e-05
-1.02103 0.000236215
-0.521031 0.000236215
-0.0210305 0.000314954
0.478969 0.000472431
0.978969 0.000393692
1.47897 0.00157477
1.97897 0.00283458
2.47897 0.00370071
2.97897 0.00448809
3.47897 0.00551169
3.97897 0.00740141
4.47897 0.00976357
4.97897 0.0092124
5.47897 0.0140942
5.97897 0.0194484
6.47897 0.0249601
6.97897 0.0272435
7.47897 0.0372433
7.97897 0.0466132
8.47897 0.0649592
8.97897 0.0822817
9.47897 0.109446
9.97897 0.147792
10.479 0.197476
10.979 0.268577
11.479 0.357158
11.979 0.478021
12.479 0.644396
12.979 0.872737
13.479 1.15596
13.979 1.46493
14.479 1.83823
14.979 2.20546
15.479 2.58624
15.979 2.91372
16.479 3.19143
16.979 3.37024
17.479 3.38843
17.979 3.37591
18.479 3.24749
18.979 3.02411
19.479 2.72467
19.979 2.40223
20.479 1.99216
20.979 1.61579
21.479 1.25108
21.979 0.911398
22.479 0.648175
22.979 0.429125
23.479 0.274876
23.979 0.175351
24.479 0.104801
24.979 0.0579515
25.479 0.0368496
25.979 0.0207082
26.479 0.0122832
26.979 0.00598412
27.479 0.00377945
27.979 0.00188972
28.479 0.00125982
28.979 0.0010236
29.479 0.000472431
29.979 0.000236215
30.479 7.87385e-05
30.979 7.87385e-05
31.479 7.87385e-05
31.979 0
32.479 0
32.979 7.87385e-05
33.479 0
33.979 0
34.479 0
34.979 0
35.479 0
35.979 0
36.479 0
36.979 0
37.479 0
37.979 0
38.479 0
38.979 0
39.479 0
39.979 0
40.479 0
40.979 0
41.479 0
41.979 0
42.479 0
42.979 0
43.479 0
43.979 0
44.479 0
44.979 0
45.479 0
45.979 0
46.479 0
46.979 0
47.479 0
47.979 0
48.479 0
48.979 0
49.479 0
49.979 0
50.479 0
50.979 0
51.479 0
51.979 0
52.479 0
52.979 0
53.479 0
53.979 0
54.479 0
54.979 0
55.479 0
55.979 0
56.479 0
56.979 0
57.479 0
57.979 0
58.479 0
58.979 0
59.479 0
59.979 0
60.479 0
60.979 0
61.479 0
61.979 0
62.479 0
62.979 0
63.479 0
63.979 0
64.479 0
64.979 0
65.479 0
65.979 0
66.479 0
66.979 0
67.479 0
67.979 0
68.479 0
68.979 0
69.479 0
69.979 0
70.479 0
70.979 0
71.479 0
71.979 0
72.479 0
72.979 0
73.479 0
73.979 0
74.479 0
74.979 0
75.479 0
75.979 0
76.479 0
76.979 0
77.479 0
77.979 0
78.479 0
78.979 0
79.479 0
79.979 0
80.479 0
80.979 0
81.479 0
81.979 0
82.479 0
82.979 0
83.479 0
83.979 0
84.479 0
84.979 0
85.479 0
85.979 0
86.479 0
86.979 0
87.479 0
87.979 0
88.479 0
88.979 0
89.479 0
89.979 0
90.479 0
90.979 0
91.479 0
91.979 0
92.479 0
92.979 0
93.479 0
93.979 0
94.479 0
94.979 0
95.479 0
95.979 0
96.479 0
96.979 0
97.479 0
97.979 0
98.479 0
98.979 0
99.479 0
99.979 0
