# z rho/M
-88.0387 0
-87.5387 0
-87.0387 0
-86.5387 0
-86.0387 0
-85.5387 0
-85.0387 0
-84.5387 0
-84.0387 0
-83.5387 0
-83.0387 0
-82.5387 0
-82.0387 0
-81.5387 0
-81.0387 0
-80.5387 0
-80.0387 0
-79.5387 0
-79.0387 0
-78.5387 0
-78.0387 0
-77.5387 0
-77.0387 0
-76.5387 0
-76.0387 0
-75.5387 0
-75.0387 0
-74.5387 0
-74.0387 0
-73.5387 0
-73.0387 0
-72.5387 0
-72.0387 0
-71.5387 0
-71.0387 0
-70.5387 0
-70.0387 0
-69.5387 0
-69.0387 0
-68.5387 0
-68.0387 0
-67.5387 0
-67.0387 0
-66.5387 0
-66.0387 0
-65.5387 0
-65.0387 0
-64.5387 0
-64.0387 0
-63.5387 0
-63.0387 0
-62.5387 0
-62.0387 0
-61.5387 0
-61.0387 0
-60.5387 0
-60.0387 0
-59.5387 0
-59.0387 0
-58.5387 0
-58.0387 0
-57.5387 0
-57.0387 0
-56.5387 0
-56.0387 0
-55.5387 0
-55.0387 0
-54.5387 0
-54.0387 0
-53.5387 0
-53.0387 0
-52.5387 0
-52.0387 0
-51.5387 0
-51.0387 0
-50.5387 0
-50.0387 0
-49.5387 0
-49.0387 0
-48.5387 0
-48.0387 0
-47.5387 0
-47.0387 0
-46.5387 0
-46.0387 0
-45.5387 0
-45.0387 0
-44.5387 0
-44.0387 0
-43.5387 0
-43.0387 0
-42.5387 0
-42.0387 0
-41.5387 0
-41.0387 0
-40.5387 0
-40.0387 0
-39.5387 0
-39.0387 0
-38.5387 0
-38.0387 0
-37.5387 6.93058e-05
-37.0387 0
-36.5387 0
-36.0387 0
-35.5387 0
-35.0387 0
-34.5387 6.93058e-05
-34.0387 0.000207917
-33.5387 0
-33.0387 0
-32.5387 0.000138612
-32.0387 0.000277223
-31.5387 0.00048514
-31.0387 0.000346529
-30.5387 0.000970281
-30.0387 0.0012475
-29.5387 0.00166334
-29.0387 0.00256431
-28.5387 0.00499002
-28.0387 0.00589099
-27.5387 0.00900975
-27.0387 0.0146235
-26.5387 0.0207917
-26.0387 0.0352766
-25.5387 0.0564842
-25.0387 0.0883649
-24.5387 0.131612
-24.0387 0.193017
-23.5387 0.277708
-23.0387 0.401419
-22.5387 0.560684
-22.0387 0.72674
-21.5387 0.977697
-21.0387 1.23364
-20.5387 1.51197
-20.0387 1.78753
-19.5387 2.06642
-19.0387 2.27843
-18.5387 2.47248
-18.0387 2.62468
-17.5387 2.65164
-17.0387 2.68657
-16.5387 2.58718
-16.0387 2.47089
-15.5387 2.26789
-15.0387 2.02997
-14.5387 1.7901
-14.0387 1.51218
-13.5387 1.25922
-13.0387 1.04395
-12.5387 0.822798
-12.0387 0.68287
-11.5387 0.531298
-11.0387 0.426369
-10.5387 0.340638
-10.0387 0.260035
-9.53874 0.205561
-9.03874 0.159403
-8.53874 0.130919
-8.03874 0.099731
-7.53874 0.0730483
-7.03874 0.0607119
-6.53874 0.0464349
-6.03874 0.0330589
-5.53874 0.0284154
-5.03874 0.0198908
-4.53874 0.0155938
-4.03874 0.0116434
-3.53874 0.00790086
-3.03874 0.0060296
-2.53874 0.00436626
-2.03874 0.00325737
-1.53874 0.00263362
-1.03874 0.00277223
-0.538744 0.00166334
-0.0387436 0.00263362
0.461256 0.0024257
0.961256 0.00381182
1.46126 0.00540585
1.96126 0.00609891
2.46126 0.00706919
2.96126 0.00803947
3.46126 0.00935628
3.96126 0.0157324
4.46126 0.0195442
4.96126 0.0216234
5.46126 0.0298015
5.96126 0.0372865
6.46126 0.0480289
6.96126 0.0606426
7.46126 0.0788007
7.96126 0.0925232
8.46126 0.121562
8.96126 0.162383
9.46126 0.19572
9.96126 0.256778
10.4613 0.312569
10.9613 0.423597
11.4613 0.518546
11.9613 0.653761
12.4613 0.800551
12.9613 1.00181
13.4613 1.23974
13.9613 1.49541
14.4613 1.75191
14.9613 2.00377
15.4613 2.25798
15.9613 2.42951
16.4613 2.58053
16.9613 2.66058
17.4613 2.67104
17.9613 2.60763
18.4613 2.46133
18.9613 2.28557
19.4613 2.03884
19.9613 1.78324
20.4613 1.49617
20.9613 1.21271
21.4613 0.969796
21.9613 0.740047
22.4613 0.564496
22.9613 0.395251
23.4613 0.285678
23.9613 0.199601
24.4613 0.124681
24.9613 0.0860085
25.4613 0.059395
25.9613 0.0345143
26.4613 0.0236333
26.9613 0.0176037
27.4613 0.0100493
27.9613 0.00665335
28.4613 0.00339598
28.9613 0.00298015
29.4613 0.0024257
29.9613 0.00131681
30.4613 0.000831669
30.9613 0.000207917
31.4613 0.000554446
31.9613 0.000138612
32.4613 0.000277223
32.9613 0.000207917
33.4613 0.000277223
33.9613 0.000138612
34.4613 0.000138612
34.9613 0.000138612
35.4613 6.93058e-05
35.9613 0
36.4613 6.93058e-05
36.9613 0
37.4613 0
37.9613 0
38.4613 0
38.9613 6.93058e-05
39.4613 6.93058e-05
39.9613 0
40.4613 0
40.9613 0
41.4613 0
41.9613 0
42.4613 0
42.9613 0
43.4613 0
43.9613 0
44.4613 0
44.9613 0
45.4613 0
45.9613 0
46.4613 0
46.9613 0
47.4613 0
47.9613 0
48.4613 0
48.9613 0
49.4613 0
49.9613 0
50.4613 0
50.9613 0
51.4613 0
51.9613 0
52.4613 0
52.9613 0
53.4613 0
53.9613 0
54.4613 0
54.9613 0
55.4613 0
55.9613 0
56.4613 0
56.9613 0
57.4613 0
57.9613 0
58.4613 0
58.9613 0
59.4613 0
59.9613 0
60.4613 0
60.9613 0
61.4613 0
61.9613 0
62.4613 0
62.9613 0
63.4613 0
63.9613 0
64.4613 0
64.9613 0
65.4613 0
65.9613 0
66.4613 0
66.9613 0
67.4613 0
67.9613 0
68.4613 0
68.9613 0
69.4613 0
69.9613 0
70.4613 0
70.9613 0
71.4613 0
71.9613 0
72.4613 0
72.9613 0
73.4613 0
73.9613 0
74.4613 0
74.9613 0
75.4613 0
75.9613 0
76.4613 0
76.9613 0
77.4613 0
77.9613 0
78.4613 0
78.9613 0
79.4613 0
79.9613 0
80.4613 0
80.9613 0
81.4613 0
81.9613 0
82.4613 0
82.9613 0
83.4613 0
83.9613 0
84.4613 0
84.9613 0
85.4613 0
85.9613 0
86.4613 0
86.9613 0
87.4613 0
87.9613 0
