# z rho/M
-107.922 0
-107.422 0
-106.922 0
-106.422 0
-105.922 0
-105.422 0
-104.922 0
-104.422 0
-103.922 0
-103.422 0
-102.922 0
-102.422 0
-101.922 0
-101.422 0
-100.922 0
-100.422 0
-99.922 0
-99.422 0
-98.922 0
-98.422 0
-97.922 0
-97.422 0
-96.922 0
-96.422 0
-95.922 0
-95.422 0
-94.922 0
-94.422 0
-93.922 0
-93.422 0
-92.922 0
-92.422 0
-91.922 0
-91.422 0
-90.922 0
-90.422 0
-89.922 0
-89.422 0
-88.922 0
-88.422 0
-87.922 0
-87.422 0
-86.922 0
-86.422 0
-85.922 0
-85.422 0
-84.922 0
-84.422 0
-83.922 0
-83.422 0
-82.922 0
-82.422 0
-81.922 0
-81.422 0
-80.922 0
-80.422 0
-79.922 0
-79.422 0
-78.922 0
-78.422 0
-77.922 0
-77.422 0
-76.922 0
-76.422 0
-75.922 0
-75.422 0
-74.922 0
-74.422 0
-73.922 0
-73.422 0
-72.922 0
-72.422 0
-71.922 0
-71.422 0
-70.922 0
-70.422 0
-69.922 0
-69.422 0
-68.922 0
-68.422 0
-67.922 0
-67.422 0
-66.922 0
-66.422 0
-65.922 0
-65.422 0
-64.922 0
-64.422 0
-63.922 0
-63.422 0
-62.922 0
-62.422 0
-61.922 0
-61.422 0
-60.922 0
-60.422 0
-59.922 0
-59.422 0
-58.922 0
-58.422 0
-57.922 0
-57.422 0
-56.922 0
-56.422 0
-55.922 0
-55.422 0
-54.922 0
-54.422 0
-53.922 0
-53.422 0
-52.922 0
-52.422 0
-51.922 0
-51.422 0
-50.922 0
-50.422 0
-49.922 0
-49.422 0
-48.922 0
-48.422 0
-47.922 0
-47.422 0
-46.922 0
-46.422 0
-45.922 0
-45.422 0
-44.922 0
-44.422 0
-43.922 0
-43.422 0
-42.922 0
-42.422 0
-41.922 0
-41.422 0
-40.922 0
-40.422 0
-39.922 0
-39.422 0
-38.922 0
-38.422 0
-37.922 0
-37.422 0
-36.922 0
-36.422 0
-35.922 0
-35.422 0
-34.922 0
-34.422 0
-33.922 0
-33.422 0
-32.922 0
-32.422 0
-31.922 0
-31.422 0
-30.922 0
-30.422 0
-29.922 0
-29.422 0
-28.922 0
-28.422 0
-27.922 0
-27.422 0
-26.922 0
-26.422 0
-25.922 0
-25.422 0
-24.922 0
-24.422 0
-23.922 0
-23.422 0
-22.922 0
-22.422 0
-21.922 0
-21.422 0
-20.922 8.49583e-05
-20.422 0
-19.922 0.000339833
-19.422 0.00144429
-18.922 0.00373816
-18.422 0.00798608
-17.922 0.0214944
-17.422 0.048936
-16.922 0.108067
-16.422 0.228368
-15.922 0.421138
-15.422 0.719851
-14.922 1.12663
-14.422 1.64743
-13.922 2.17731
-13.422 2.6806
-12.922 3.11839
-12.422 3.47913
-11.922 3.75099
-11.422 3.95566
-10.922 4.07196
-10.422 4.05319
-9.92202 3.97137
-9.42202 3.86212
-8.92202 3.57742
-8.42202 3.34379
-7.92202 3.07218
-7.42202 2.92945
-6.92202 2.92809
-6.42202 3.08135
-5.92202 3.32408
-5.42202 3.54556
-4.92202 3.78965
-4.42202 4.03977
-3.92202 4.18853
-3.42202 4.19354
-2.92202 4.08989
-2.42202 3.92422
-1.92202 3.52653
-1.42202 3.09087
-0.922022 2.60176
-0.422022 2.20263
0.0779776 2.05378
0.577978 2.21461
1.07798 2.59429
1.57798 3.08985
2.07798 3.57207
2.57798 3.91292
3.07798 4.15183
3.57798 4.19762
4.07798 4.14758
4.57798 4.04758
5.07798 3.76798
5.57798 3.51489
6.07798 3.30063
6.57798 3.0534
7.07798 2.93276
7.57798 2.95171
8.07798 3.09342
8.57798 3.3686
9.07798 3.59314
9.57798 3.84394
10.078 4.03169
10.578 4.07519
11.078 4.04342
11.578 3.94002
12.078 3.7216
12.578 3.4561
13.078 3.11228
13.578 2.67219
14.078 2.16329
14.578 1.65788
15.078 1.1415
15.578 0.734209
16.078 0.422328
16.578 0.222421
17.078 0.108322
17.578 0.0485112
18.078 0.0231936
18.578 0.00849583
19.078 0.0050975
19.578 0.00161421
20.078 0.00152925
20.578 0.000424791
21.078 8.49583e-05
21.578 8.49583e-05
22.078 8.49583e-05
22.578 0.000169917
23.078 0
23.578 0
24.078 0
24.578 0
25.078 0
25.578 0
26.078 0
26.578 0
27.078 0
27.578 0
28.078 0
28.578 0
29.078 0
29.578 0
30.078 0
30.578 0
31.078 0
31.578 0
32.078 0
32.578 0
33.078 0
33.578 0
34.078 0
34.578 0
35.078 0
35.578 0
36.078 0
36.578 0
37.078 0
37.578 0
38.078 0
38.578 0
39.078 0
39.578 0
40.078 0
40.578 0
41.078 0
41.578 0
42.078 0
42.578 0
43.078 0
43.578 0
44.078 0
44.578 0
45.078 0
45.578 0
46.078 0
46.578 0
47.078 0
47.578 0
48.078 0
48.578 0
49.078 0
49.578 0
50.078 0
50.578 0
51.078 0
51.578 0
52.078 0
52.578 0
53.078 0
53.578 0
54.078 0
54.578 0
55.078 0
55.578 0
56.078 0
56.578 0
57.078 0
57.578 0
58.078 0
58.578 0
59.078 0
59.578 0
60.078 0
60.578 0
61.078 0
61.578 0
62.078 0
62.578 0
63.078 0
63.578 0
64.078 0
64.578 0
65.078 0
65.578 0
66.078 0
66.578 0
67.078 0
67.578 0
68.078 0
68.578 0
69.078 0
69.578 0
70.078 0
70.578 0
71.078 0
71.578 0
72.078 0
72.578 0
73.078 0
73.578 0
74.078 0
74.578 0
75.078 0
75.578 0
76.078 0
76.578 0
77.078 0
77.578 0
78.078 0
78.578 0
79.078 0
79.578 0
80.078 0
80.578 0
81.078 0
81.578 0
82.078 0
82.578 0
83.078 0
83.578 0
84.078 0
84.578 0
85.078 0
85.578 0
86.078 0
86.578 0
87.078 0
87.578 0
88.078 0
88.578 0
89.078 0
89.578 0
90.078 0
90.578 0
91.078 0
91.578 0
92.078 0
92.578 0
93.078 0
93.578 0
94.078 0
94.578 0
95.078 0
95.578 0
96.078 0
96.578 0
97.078 0
97.578 0
98.078 0
98.578 0
99.078 0
99.578 0
100.078 0
100.578 0
101.078 0
101.578 0
102.078 0
102.578 0
103.078 0
103.578 0
104.078 0
104.578 0
105.078 0
105.578 0
106.078 0
106.578 0
107.078 0
107.578 0
