# z rho/M
-106.62 0.000335732
-106.12 0.000335732
-105.62 0.000167866
-105.12 0.000923263
-104.62 8.3933e-05
-104.12 0.000503598
-103.62 8.3933e-05
-103.12 0.000251799
-102.62 0.000419665
-102.12 0.000587531
-101.62 0.000587531
-101.12 0.000755397
-100.62 0.000335732
-100.12 0.000671464
-99.6196 0.000587531
-99.1196 0.000671464
-98.6196 0.00083933
-98.1196 0.000755397
-97.6196 0.000671464
-97.1196 0.000755397
-96.6196 0.000755397
-96.1196 0.00083933
-95.6196 0.00083933
-95.1196 0.00083933
-94.6196 0.000587531
-94.1196 0.000503598
-93.6196 0.000755397
-93.1196 0.000587531
-92.6196 0.000755397
-92.1196 0.00109113
-91.6196 0.00109113
-91.1196 0.000923263
-90.6196 0.000251799
-90.1196 0.000755397
-89.6196 0.000671464
-89.1196 0.000419665
-88.6196 0.000671464
-88.1196 0.000503598
-87.6196 0.000587531
-87.1196 0.000503598
-86.6196 0.000671464
-86.1196 0.000755397
-85.6196 0.000587531
-85.1196 0.000587531
-84.6196 0.00083933
-84.1196 0.000335732
-83.6196 0.000335732
-83.1196 0.000503598
-82.6196 0.000503598
-82.1196 0.000755397
-81.6196 0.000587531
-81.1196 0.000671464
-80.6196 0.000419665
-80.1196 0.000167866
-79.6196 0.000419665
-79.1196 0.000419665
-78.6196 0.000503598
-78.1196 0.000419665
-77.6196 0.000587531
-77.1196 0.000251799
-76.6196 0.000671464
-76.1196 0.000251799
-75.6196 0.000419665
-75.1196 0.000335732
-74.6196 0.000419665
-74.1196 0.000251799
-73.6196 0.000251799
-73.1196 0.000503598
-72.6196 0.000335732
-72.1196 0.000419665
-71.6196 8.3933e-05
-71.1196 0.000503598
-70.6196 0.000335732
-70.1196 0.000755397
-69.6196 0.000503598
-69.1196 8.3933e-05
-68.6196 0.000251799
-68.1196 0.000335732
-67.6196 0.000335732
-67.1196 0.000335732
-66.6196 0.000335732
-66.1196 0.000503598
-65.6196 0.000167866
-65.1196 0.000335732
-64.6196 0.000251799
-64.1196 0.000251799
-63.6196 0.000167866
-63.1196 0.000335732
-62.6196 0
-62.1196 0.000251799
-61.6196 8.3933e-05
-61.1196 0.000251799
-60.6196 0
-60.1196 8.3933e-05
-59.6196 0
-59.1196 0
-58.6196 0
-58.1196 0
-57.6196 0
-57.1196 0
-56.6196 8.3933e-05
-56.1196 0
-55.6196 8.3933e-05
-55.1196 0
-54.6196 8.3933e-05
-54.1196 8.3933e-05
-53.6196 8.3933e-05
-53.1196 0
-52.6196 0
-52.1196 0.000251799
-51.6196 0
-51.1196 0
-50.6196 0.000251799
-50.1196 0
-49.6196 0.000167866
-49.1196 8.3933e-05
-48.6196 0.000167866
-48.1196 8.3933e-05
-47.6196 0.000167866
-47.1196 0.000251799
-46.6196 0
-46.1196 8.3933e-05
-45.6196 0
-45.1196 0.000167866
-44.6196 8.3933e-05
-44.1196 8.3933e-05
-43.6196 0.000251799
-43.1196 0.000167866
-42.6196 8.3933e-05
-42.1196 0.000167866
-41.6196 0
-41.1196 0
-40.6196 8.3933e-05
-40.1196 8.3933e-05
-39.6196 8.3933e-05
-39.1196 0
-38.6196 0.000167866
-38.1196 8.3933e-05
-37.6196 8.3933e-05
-37.1196 8.3933e-05
-36.6196 8.3933e-05
-36.1196 0
-35.6196 0
-35.1196 0
-34.6196 0
-34.1196 8.3933e-05
-33.6196 0
-33.1196 0
-32.6196 0
-32.1196 8.3933e-05
-31.6196 0
-31.1196 0
-30.6196 0
-30.1196 8.3933e-05
-29.6196 0
-29.1196 0
-28.6196 0
-28.1196 8.3933e-05
-27.6196 0
-27.1196 0
-26.6196 0.000167866
-26.1196 0
-25.6196 0
-25.1196 0
-24.6196 0
-24.1196 0.000167866
-23.6196 0.000167866
-23.1196 8.3933e-05
-22.6196 8.3933e-05
-22.1196 8.3933e-05
-21.6196 0.000167866
-21.1196 0.000251799
-20.6196 0.000503598
-20.1196 0.000755397
-19.6196 0.00117506
-19.1196 0.00293765
-18.6196 0.00595924
-18.1196 0.0116667
-17.6196 0.0333214
-17.1196 0.0693286
-16.6196 0.151667
-16.1196 0.288646
-15.6196 0.526595
-15.1196 0.889438
-14.6196 1.38355
-14.1196 2.00331
-13.6196 2.63684
-13.1196 3.20632
-12.6196 3.6573
-12.1196 3.79704
-11.6196 3.91329
-11.1196 3.91933
-10.6196 4.01183
-10.1196 4.01896
-9.6196 3.9216
-9.1196 3.64966
-8.6196 3.26877
-8.1196 2.90307
-7.6196 2.6548
-7.1196 2.69576
-6.6196 2.94319
-6.1196 3.37436
-5.6196 3.73947
-5.1196 3.9629
-4.6196 4.06899
-4.1196 4.08326
-3.6196 4.11582
-3.1196 4.13941
-2.6196 4.02828
-2.1196 3.70119
-1.6196 3.19214
-1.1196 2.59596
-0.619601 2.12031
-0.119601 1.97427
0.380399 2.16942
0.880399 2.64397
1.3804 3.23788
1.8804 3.73376
2.3804 4.00083
2.8804 4.15107
3.3804 4.08863
3.8804 4.10751
4.3804 4.08023
4.8804 3.97893
5.3804 3.71185
5.8804 3.33415
6.3804 2.90249
6.8804 2.68745
7.3804 2.6762
7.8804 2.91189
8.3804 3.31208
8.8804 3.68642
9.3804 3.92026
9.8804 4.00713
10.3804 3.96567
10.8804 3.95274
11.3804 3.91245
11.8804 3.85873
12.3804 3.57571
12.8804 3.19566
13.3804 2.59806
13.8804 1.95849
14.3804 1.34452
14.8804 0.858718
15.3804 0.509893
15.8804 0.291919
16.3804 0.141679
16.8804 0.0724342
17.3804 0.030048
17.8804 0.012506
18.3804 0.00511991
18.8804 0.00167866
19.3804 0.0010072
19.8804 0.000419665
20.3804 0
20.8804 0
21.3804 0
21.8804 0
22.3804 0
22.8804 0
23.3804 0
23.8804 0
24.3804 0
24.8804 0
25.3804 0
25.8804 0
26.3804 0
26.8804 0
27.3804 0
27.8804 0
28.3804 0
28.8804 0
29.3804 0
29.8804 0
30.3804 0
30.8804 0
31.3804 0
31.8804 0
32.3804 0
32.8804 0
33.3804 0
33.8804 0
34.3804 0
34.8804 0
35.3804 8.3933e-05
35.8804 0
36.3804 0
36.8804 0
37.3804 0.000167866
37.8804 8.3933e-05
38.3804 8.3933e-05
38.8804 0.000167866
39.3804 0
39.8804 0
40.3804 0.000167866
40.8804 0.000251799
41.3804 0.000167866
41.8804 8.3933e-05
42.3804 0.000251799
42.8804 0.000167866
43.3804 0.000167866
43.8804 0.000251799
44.3804 0.000419665
44.8804 0.000251799
45.3804 0.000251799
45.8804 0.000251799
46.3804 0.000251799
46.8804 0
47.3804 0.000335732
47.8804 0.000671464
48.3804 0.000503598
48.8804 0.000503598
49.3804 0.000755397
49.8804 0.0010072
50.3804 0.0010072
50.8804 0.000755397
51.3804 0.000671464
51.8804 0.0010072
52.3804 0.000587531
52.8804 0.0010072
53.3804 0.00083933
53.8804 0.00142686
54.3804 0.00117506
54.8804 0.000923263
55.3804 0.00151079
55.8804 0.00159473
56.3804 0.00142686
56.8804 0.00151079
57.3804 0.00134293
57.8804 0.00083933
58.3804 0.00117506
58.8804 0.000923263
59.3804 0.00151079
59.8804 0.00125899
60.3804 0.000587531
60.8804 0.00134293
61.3804 0.00117506
61.8804 0.00134293
62.3804 0.000755397
62.8804 0.00083933
63.3804 0.000755397
63.8804 0.000923263
64.3804 0.000755397
64.8804 0.00109113
65.3804 0.000755397
65.8804 0.000671464
66.3804 0.000755397
66.8804 0.00142686
67.3804 0.000503598
67.8804 0.000419665
68.3804 0.000671464
68.8804 0.00117506
69.3804 0.00125899
69.8804 0.000671464
70.3804 0.0010072
70.8804 0.000755397
71.3804 0.000923263
71.8804 0.00083933
72.3804 0.00083933
72.8804 0.00109113
73.3804 0.000755397
73.8804 0.00109113
74.3804 0.000755397
74.8804 0.000587531
75.3804 0.000587531
75.8804 0.000671464
76.3804 0.000923263
76.8804 0.000755397
77.3804 0.000923263
77.8804 0.000587531
78.3804 0.000923263
78.8804 0.000671464
79.3804 0.000587531
79.8804 0.00083933
80.3804 0.000251799
80.8804 0.000419665
81.3804 0.000671464
81.8804 0.0010072
82.3804 0.000587531
82.8804 0.000419665
83.3804 0.000587531
83.8804 0.000419665
84.3804 0.000503598
84.8804 0.000335732
85.3804 0.00083933
85.8804 0.000671464
86.3804 0.000587531
86.8804 0.000503598
87.3804 0.000587531
87.8804 0.00117506
88.3804 0.0010072
88.8804 0.000755397
89.3804 0.000419665
89.8804 0.00083933
90.3804 0.000587531
90.8804 0.000755397
91.3804 0.000755397
91.8804 0.000503598
92.3804 0.000503598
92.8804 0.000671464
93.3804 0.00109113
93.8804 0.000923263
94.3804 0.0010072
94.8804 0.00083933
95.3804 0.000923263
95.8804 0.00083933
96.3804 0.000671464
96.8804 0.000587531
97.3804 0.00083933
97.8804 0.000419665
98.3804 0.000503598
98.8804 0.000755397
99.3804 0.000587531
99.8804 0.0010072
100.38 0.000251799
100.88 0.00083933
101.38 0.000587531
101.88 0.000503598
102.38 0.000503598
102.88 0.000419665
103.38 0.000251799
103.88 0.000335732
104.38 8.3933e-05
104.88 0.000335732
105.38 0.000503598
105.88 0
106.38 0
