# z rho/M
-100.021 0
-99.521 0
-99.021 0
-98.521 0
-98.021 0
-97.521 0
-97.021 0
-96.521 0
-96.021 0
-95.521 0
-95.021 0
-94.521 0
-94.021 0
-93.521 0
-93.021 0
-92.521 0
-92.021 0
-91.521 0
-91.021 0
-90.521 0
-90.021 0
-89.521 0
-89.021 0
-88.521 0
-88.021 0
-87.521 0
-87.021 0
-86.521 0
-86.021 0
-85.521 0
-85.021 0
-84.521 0
-84.021 0
-83.521 0
-83.021 0
-82.521 0
-82.021 0
-81.521 0
-81.021 0
-80.521 0
-80.021 0
-79.521 0
-79.021 0
-78.521 0
-78.021 0
-77.521 0
-77.021 0
-76.521 0
-76.021 0
-75.521 0
-75.021 0
-74.521 0
-74.021 0
-73.521 0
-73.021 0
-72.521 0
-72.021 0
-71.521 0
-71.021 0
-70.521 0
-70.021 0
-69.521 0
-69.021 0
-68.521 0
-68.021 0
-67.521 0
-67.021 0
-66.521 0
-66.021 0
-65.521 0
-65.021 0
-64.521 0
-64.021 0
-63.521 0
-63.021 0
-62.521 0
-62.021 0
-61.521 0
-61.021 0
-60.521 0
-60.021 0
-59.521 0
-59.021 0
-58.521 0
-58.021 0
-57.521 0
-57.021 0
-56.521 0
-56.021 0
-55.521 0
-55.021 0
-54.521 0
-54.021 0
-53.521 0
-53.021 0
-52.521 0
-52.021 0
-51.521 0
-51.021 0
-50.521 0
-50.021 0
-49.521 0
-49.021 0
-48.521 0
-48.021 0
-47.521 0
-47.021 0
-46.521 0
-46.021 0
-45.521 0
-45.021 0
-44.521 0
-44.021 0
-43.521 0
-43.021 0
-42.521 0
-42.021 0
-41.521 0
-41.021 0
-40.521 0
-40.021 0
-39.521 0
-39.021 0
-38.521 0
-38.021 0
-37.521 0
-37.021 0
-36.521 0
-36.021 0
-35.521 0
-35.021 0
-34.521 0
-34.021 0
-33.521 0
-33.021 0
-32.521 0
-32.021 0
-31.521 0
-31.021 0
-30.521 0
-30.021 0
-29.521 0
-29.021 0
-28.521 0
-28.021 0
-27.521 0
-27.021 0
-26.521 0
-26.021 0
-25.521 0
-25.021 0
-24.521 0
-24.021 0
-23.521 0
-23.021 0.000157477
-22.521 0.000314954
-22.021 0.000472431
-21.521 0.00141729
-21.021 0.00141729
-20.521 0.00275585
-20.021 0.00496052
-19.521 0.00968483
-19.021 0.0170862
-18.521 0.0303143
-18.021 0.0545658
-17.521 0.0914153
-17.021 0.149524
-16.521 0.240861
-16.021 0.371567
-15.521 0.560224
-15.021 0.813053
-14.521 1.10958
-14.021 1.47131
-13.521 1.84949
-13.021 2.28373
-12.521 2.65585
-12.021 2.98891
-11.521 3.26481
-11.021 3.46811
-10.521 3.56795
-10.021 3.61874
-9.52103 3.51985
-9.02103 3.38528
-8.52103 3.22922
-8.02103 3.12466
-7.52103 3.03466
-7.02103 3.00931
-6.52103 3.07379
-6.02103 3.22151
-5.52103 3.43489
-5.02103 3.67
-4.52103 3.83496
-4.02103 3.92519
-3.52103 3.90023
-3.02103 3.83992
-2.52103 3.70606
-2.02103 3.4363
-1.52103 3.18828
-1.02103 2.95773
-0.521031 2.78884
-0.0210305 2.76553
0.478969 2.7949
0.978969 2.96608
1.47897 3.23048
1.97897 3.52512
2.47897 3.75858
2.97897 3.87858
3.47897 3.97157
3.97897 3.90141
4.47897 3.80015
4.97897 3.64803
5.47897 3.45095
5.97897 3.26859
6.47897 3.13474
6.97897 3.04741
7.47897 3.06324
7.97897 3.1667
8.47897 3.30922
8.97897 3.46284
9.47897 3.57638
9.97897 3.60276
10.479 3.57134
10.979 3.43418
11.479 3.26678
11.979 2.9849
12.479 2.6175
12.979 2.24853
13.479 1.83154
13.979 1.44635
14.479 1.0836
14.979 0.783763
15.479 0.531327
15.979 0.356921
16.479 0.222357
16.979 0.141021
17.479 0.0867698
17.979 0.0546445
18.479 0.0315741
18.979 0.0183461
19.479 0.0114958
19.979 0.00622034
20.479 0.00385818
20.979 0.00251963
21.479 0.00196846
21.979 0.00125982
22.479 0.000551169
22.979 0.000472431
23.479 7.87385e-05
23.979 0
24.479 7.87385e-05
24.979 0
25.479 7.87385e-05
25.979 0
26.479 0
26.979 7.87385e-05
27.479 0
27.979 0
28.479 0
28.979 0
29.479 0
29.979 0
30.479 0
30.979 0
31.479 0
31.979 0
32.479 0
32.979 0
33.479 0
33.979 0
34.479 0
34.979 0
35.479 0
35.979 0
36.479 0
36.979 0
37.479 0
37.979 0
38.479 0
38.979 0
39.479 0
39.979 0
40.479 0
40.979 0
41.479 0
41.979 0
42.479 0
42.979 0
43.479 0
43.979 0
44.479 0
44.979 0
45.479 0
45.979 0
46.479 0
46.979 0
47.479 0
47.979 0
48.479 0
48.979 0
49.479 0
49.979 0
50.479 0
50.979 0
51.479 0
51.979 0
52.479 0
52.979 0
53.479 0
53.979 0
54.479 0
54.979 0
55.479 0
55.979 0
56.479 0
56.979 0
57.479 0
57.979 0
58.479 0
58.979 0
59.479 0
59.979 0
60.479 0
60.979 0
61.479 0
61.979 0
62.479 0
62.979 0
63.479 0
63.979 0
64.479 0
64.979 0
65.479 0
65.979 0
66.479 0
66.979 0
67.479 0
67.979 0
68.479 0
68.979 0
69.479 0
69.979 0
70.479 0
70.979 0
71.479 0
71.979 0
72.479 0
72.979 0
73.479 0
73.979 0
74.479 0
74.979 0
75.479 0
75.979 0
76.479 0
76.979 0
77.479 0
77.979 0
78.479 0
78.979 0
79.479 0
79.979 0
80.479 0
80.979 0
81.479 0
81.979 0
82.479 0
82.979 0
83.479 0
83.979 0
84.479 0
84.979 0
85.479 0
85.979 0
86.479 0
86.979 0
87.479 0
87.979 0
88.479 0
88.979 0
89.479 0
89.979 0
90.479 0
90.979 0
91.479 0
91.979 0
92.479 0
92.979 0
93.479 0
93.979 0
94.479 0
94.979 0
95.479 0
95.979 0
96.479 0
96.979 0
97.479 0
97.979 0
98.479 0
98.979 0
99.479 0
99.979 0
