# z rho/M
-91.7547 0
-91.2547 0
-90.7547 0
-90.2547 0
-89.7547 0
-89.2547 0
-88.7547 0
-88.2547 0
-87.7547 0
-87.2547 0
-86.7547 0
-86.2547 0
-85.7547 0
-85.2547 0
-84.7547 0
-84.2547 0
-83.7547 0
-83.2547 0
-82.7547 0
-82.2547 0
-81.7547 0
-81.2547 0
-80.7547 0
-80.2547 0
-79.7547 0
-79.2547 0
-78.7547 0
-78.2547 0
-77.7547 0
-77.2547 0
-76.7547 0
-76.2547 0
-75.7547 0
-75.2547 0
-74.7547 0
-74.2547 0
-73.7547 0
-73.2547 0
-72.7547 0
-72.2547 0
-71.7547 0
-71.2547 0
-70.7547 0
-70.2547 0
-69.7547 0
-69.2547 0
-68.7547 0
-68.2547 0
-67.7547 0
-67.2547 0
-66.7547 0
-66.2547 0
-65.7547 0
-65.2547 0
-64.7547 0
-64.2547 0
-63.7547 0
-63.2547 0
-62.7547 0
-62.2547 0
-61.7547 0
-61.2547 0
-60.7547 0
-60.2547 0
-59.7547 0
-59.2547 0
-58.7547 0
-58.2547 0
-57.7547 0
-57.2547 0
-56.7547 0
-56.2547 0
-55.7547 0
-55.2547 0
-54.7547 0
-54.2547 0
-53.7547 0
-53.2547 0
-52.7547 0
-52.2547 0
-51.7547 0
-51.2547 0
-50.7547 0
-50.2547 0
-49.7547 0
-49.2547 0
-48.7547 0
-48.2547 0
-47.7547 0
-47.2547 0
-46.7547 0
-46.2547 0
-45.7547 0
-45.2547 0
-44.7547 0
-44.2547 0
-43.7547 0
-43.2547 0
-42.7547 0
-42.2547 0
-41.7547 0
-41.2547 0
-40.7547 0
-40.2547 0
-39.7547 0
-39.2547 0
-38.7547 0
-38.2547 0
-37.7547 0
-37.2547 0
-36.7547 0
-36.2547 0
-35.7547 0
-35.2547 0
-34.7547 0
-34.2547 0
-33.7547 0
-33.2547 0
-32.7547 0
-32.2547 0
-31.7547 0
-31.2547 0
-30.7547 0
-30.2547 0
-29.7547 0
-29.2547 0
-28.7547 0
-28.2547 0
-27.7547 7.2231e-05
-27.2547 0.000144462
-26.7547 0
-26.2547 0
-25.7547 0
-25.2547 0.000144462
-24.7547 0.000216693
-24.2547 0.000361155
-23.7547 7.2231e-05
-23.2547 0.000433386
-22.7547 0.000505617
-22.2547 0.000866773
-21.7547 0.00108347
-21.2547 0.00245586
-20.7547 0.00361155
-20.2547 0.0053451
-19.7547 0.00888442
-19.2547 0.0156741
-18.7547 0.0226805
-18.2547 0.0330818
-17.7547 0.0575681
-17.2547 0.0855216
-16.7547 0.14829
-16.2547 0.227817
-15.7547 0.356027
-15.2547 0.516308
-14.7547 0.737407
-14.2547 0.989926
-13.7547 1.30153
-13.2547 1.6499
-12.7547 1.98339
-12.2547 2.35119
-11.7547 2.64633
-11.2547 2.89343
-10.7547 3.07899
-10.2547 3.20345
-9.7547 3.24469
-9.2547 3.17997
-8.7547 3.08073
-8.2547 2.98813
-7.7547 2.86093
-7.2547 2.79057
-6.7547 2.81687
-6.2547 2.91387
-5.7547 3.04273
-5.2547 3.17679
-4.7547 3.39753
-4.2547 3.53715
-3.7547 3.59443
-3.2547 3.60787
-2.7547 3.50956
-2.2547 3.33693
-1.7547 3.12717
-1.2547 2.9276
-0.754701 2.76349
-0.254701 2.63781
0.245299 2.64951
0.745299 2.73698
1.2453 2.87393
1.7453 3.08311
2.2453 3.35166
2.7453 3.51902
3.2453 3.59147
3.7453 3.63604
4.2453 3.62983
4.7453 3.51989
5.2453 3.33931
5.7453 3.17737
6.2453 3.02099
6.7453 2.96646
7.2453 2.93179
7.7453 2.94284
8.2453 3.00113
8.7453 3.12146
9.2453 3.22569
9.7453 3.24144
10.2453 3.25841
10.7453 3.18431
11.2453 3.06686
11.7453 2.84908
12.2453 2.59822
12.7453 2.23786
13.2453 1.91485
13.7453 1.56619
14.2453 1.23963
14.7453 0.932719
15.2453 0.668209
15.7453 0.482431
16.2453 0.315794
16.7453 0.210626
17.2453 0.13305
17.7453 0.0816933
18.2453 0.0513563
18.7453 0.0286757
19.2453 0.0192135
19.7453 0.0107624
20.2453 0.0083788
20.7453 0.00613964
21.2453 0.00447832
21.7453 0.00361155
22.2453 0.00339486
22.7453 0.00332263
23.2453 0.00346709
23.7453 0.00310593
24.2453 0.00267255
24.7453 0.00223916
25.2453 0.00353932
25.7453 0.00296147
26.2453 0.00288924
26.7453 0.00296147
27.2453 0.00187801
27.7453 0.00267255
28.2453 0.0020947
28.7453 0.00180578
29.2453 0.00180578
29.7453 0.00130016
30.2453 0.00180578
30.7453 0.00144462
31.2453 0.00130016
31.7453 0.000939004
32.2453 0.00122793
32.7453 0.00108347
33.2453 0.000939004
33.7453 0.000505617
34.2453 0.000505617
34.7453 0.00101123
35.2453 0.000794541
35.7453 0.00101123
36.2453 0.000505617
36.7453 0.00101123
37.2453 0.000433386
37.7453 0.000288924
38.2453 0.000577848
38.7453 0.000577848
39.2453 0.000216693
39.7453 0.000288924
40.2453 0.000650079
40.7453 0.000144462
41.2453 0.000650079
41.7453 0.000361155
42.2453 0.000216693
42.7453 0.000216693
43.2453 0.000288924
43.7453 0.000216693
44.2453 0.000216693
44.7453 0.000144462
45.2453 0.000216693
45.7453 0.000361155
46.2453 0.000144462
46.7453 0.000216693
47.2453 0.000361155
47.7453 0
48.2453 0.000216693
48.7453 7.2231e-05
49.2453 0.000144462
49.7453 0
50.2453 0.000216693
50.7453 0.000216693
51.2453 0.000144462
51.7453 0.000216693
52.2453 0
52.7453 0
53.2453 0
53.7453 0.000144462
54.2453 0
54.7453 0
55.2453 0
55.7453 0
56.2453 0
56.7453 7.2231e-05
57.2453 0
57.7453 0
58.2453 0
58.7453 0
59.2453 0
59.7453 7.2231e-05
60.2453 0
60.7453 0
61.2453 0
61.7453 0
62.2453 0
62.7453 0
63.2453 0
63.7453 0
64.2453 0
64.7453 0
65.2453 0
65.7453 0
66.2453 0
66.7453 0
67.2453 0
67.7453 0
68.2453 0
68.7453 0
69.2453 0
69.7453 0
70.2453 0
70.7453 0
71.2453 0
71.7453 0
72.2453 0
72.7453 0
73.2453 0
73.7453 0
74.2453 0
74.7453 0
75.2453 0
75.7453 0
76.2453 0
76.7453 0
77.2453 0
77.7453 0
78.2453 0
78.7453 0
79.2453 0
79.7453 0
80.2453 0
80.7453 0
81.2453 0
81.7453 0
82.2453 0
82.7453 0
83.2453 0
83.7453 0
84.2453 0
84.7453 0
85.2453 0
85.7453 0
86.2453 0
86.7453 0
87.2453 0
87.7453 0
88.2453 0
88.7453 0
89.2453 0
89.7453 0
90.2453 0
90.7453 0
91.2453 0
91.7453 0
