# z rho/M
-87.873 0.000553402
-87.373 0.000276701
-86.873 0.000553402
-86.373 0.000276701
-85.873 0.000276701
-85.373 0.000276701
-84.873 0.0011068
-84.373 0.000276701
-83.873 0
-83.373 0.000553402
-82.873 0.000276701
-82.373 0.000553402
-81.873 0.000276701
-81.373 0.000830103
-80.873 0.000830103
-80.373 0.000553402
-79.873 0.000553402
-79.373 0.000830103
-78.873 0.0011068
-78.373 0
-77.873 0.000276701
-77.373 0.000553402
-76.873 0.000830103
-76.373 0.000553402
-75.873 0
-75.373 0.000276701
-74.873 0
-74.373 0.000276701
-73.873 0.000553402
-73.373 0.000276701
-72.873 0.000276701
-72.373 0.000276701
-71.873 0
-71.373 0.000276701
-70.873 0
-70.373 0.000830103
-69.873 0.000553402
-69.373 0.000553402
-68.873 0
-68.373 0.000830103
-67.873 0.000553402
-67.373 0.000276701
-66.873 0
-66.373 0.000553402
-65.873 0.000276701
-65.373 0
-64.873 0
-64.373 0
-63.873 0
-63.373 0
-62.873 0.000276701
-62.373 0.000553402
-61.873 0
-61.373 0.000276701
-60.873 0
-60.373 0
-59.873 0
-59.373 0
-58.873 0
-58.373 0.000276701
-57.873 0.000276701
-57.373 0
-56.873 0
-56.373 0.000276701
-55.873 0
-55.373 0
-54.873 0.000553402
-54.373 0.000276701
-53.873 0.000276701
-53.373 0.000276701
-52.873 0
-52.373 0
-51.873 0.000276701
-51.373 0
-50.873 0.000276701
-50.373 0.000553402
-49.873 0.000276701
-49.373 0.000553402
-48.873 0
-48.373 0
-47.873 0.000276701
-47.373 0.000276701
-46.873 0.000276701
-46.373 0.000830103
-45.873 0.000276701
-45.373 0.000553402
-44.873 0.000276701
-44.373 0.000553402
-43.873 0
-43.373 0
-42.873 0
-42.373 0
-41.873 0.000276701
-41.373 0.000276701
-40.873 0.000276701
-40.373 0
-39.873 0.000276701
-39.373 0
-38.873 0
-38.373 0.000553402
-37.873 0
-37.373 0.000276701
-36.873 0.000276701
-36.373 0
-35.873 0.000276701
-35.373 0.000553402
-34.873 0
-34.373 0.000830103
-33.873 0.0011068
-33.373 0.000276701
-32.873 0
-32.373 0
-31.873 0.00138351
-31.373 0.00138351
-30.873 0.000276701
-30.373 0.00221361
-29.873 0.00221361
-29.373 0.00332041
-28.873 0.00332041
-28.373 0.00608743
-27.873 0.00664083
-27.373 0.0127283
-26.873 0.0168788
-26.373 0.0287769
-25.873 0.0373547
-25.373 0.0570004
-24.873 0.0926949
-24.373 0.138351
-23.873 0.204759
-23.373 0.29441
-22.873 0.435251
-22.373 0.554509
-21.873 0.727171
-21.373 0.949362
-20.873 1.1757
-20.373 1.4275
-19.873 1.67404
-19.373 2.01411
-18.873 2.19341
-18.373 2.46956
-17.873 2.56806
-17.373 2.69064
-16.873 2.65301
-16.373 2.56889
-15.873 2.43912
-15.373 2.33951
-14.873 2.04953
-14.373 1.84532
-13.873 1.59795
-13.373 1.32318
-12.873 1.07637
-12.373 0.9109
-11.873 0.760098
-11.373 0.581903
-10.873 0.466241
-10.373 0.353624
-9.87299 0.283619
-9.37299 0.215273
-8.87299 0.182623
-8.37299 0.143885
-7.87299 0.113724
-7.37299 0.0921415
-6.87299 0.0705588
-6.37299 0.0553402
-5.87299 0.0406751
-5.37299 0.0309905
-4.87299 0.0290536
-4.37299 0.0207526
-3.87299 0.0149419
-3.37299 0.00940784
-2.87299 0.0116214
-2.37299 0.00774763
-1.87299 0.00332041
-1.37299 0.00332041
-0.872986 0.00415052
-0.372986 0.000830103
0.127014 0.0011068
0.627014 0
1.12701 0.0011068
1.62701 0.00276701
2.12701 0.00276701
2.62701 0.00664083
3.12701 0.00857774
3.62701 0.0113447
4.12701 0.0138351
4.62701 0.0210293
5.12701 0.0221361
5.62701 0.0287769
6.12701 0.0318206
6.62701 0.0498062
7.12701 0.0594907
7.62701 0.0788598
8.12701 0.0893745
8.62701 0.111511
9.12701 0.152186
9.62701 0.204482
10.127 0.236303
10.627 0.321527
11.127 0.410348
11.627 0.516048
12.127 0.64416
12.627 0.796069
13.127 1.00443
13.627 1.20033
14.127 1.4524
14.627 1.70614
15.127 1.91228
15.627 2.21776
16.127 2.38931
16.627 2.54067
17.127 2.62534
17.627 2.63973
18.127 2.59158
18.627 2.43359
19.127 2.27559
19.627 2.00498
20.127 1.77725
20.627 1.51466
21.127 1.22274
21.627 0.958216
22.127 0.756224
22.627 0.55949
23.127 0.394299
23.627 0.307968
24.127 0.195628
24.627 0.129496
25.127 0.0866075
25.627 0.0619811
26.127 0.035141
26.627 0.0193691
27.127 0.0135584
27.627 0.00857774
28.127 0.00553402
28.627 0.00415052
29.127 0.0011068
29.627 0.00138351
30.127 0.00138351
30.627 0.000276701
31.127 0.000830103
31.627 0.000553402
32.127 0.000276701
32.627 0.000553402
33.127 0.000276701
33.627 0
34.127 0
34.627 0.000276701
35.127 0.000276701
35.627 0.000276701
36.127 0
36.627 0.000553402
37.127 0
37.627 0
38.127 0.000276701
38.627 0
39.127 0
39.627 0
40.127 0.000276701
40.627 0.000276701
41.127 0
41.627 0
42.127 0
42.627 0
43.127 0.000276701
43.627 0
44.127 0.000276701
44.627 0.000276701
45.127 0
45.627 0
46.127 0.000553402
46.627 0.000276701
47.127 0
47.627 0
48.127 0
48.627 0
49.127 0
49.627 0.000276701
50.127 0.000276701
50.627 0
51.127 0.000276701
51.627 0
52.127 0
52.627 0.000276701
53.127 0.000276701
53.627 0
54.127 0
54.627 0
55.127 0
55.627 0
56.127 0
56.627 0
57.127 0.000276701
57.627 0
58.127 0.000276701
58.627 0.000276701
59.127 0.000276701
59.627 0.000276701
60.127 0.000276701
60.627 0
61.127 0.000276701
61.627 0.000553402
62.127 0.000276701
62.627 0.000276701
63.127 0
63.627 0
64.127 0
64.627 0.000276701
65.127 0.000830103
65.627 0
66.127 0.000276701
66.627 0
67.127 0.000553402
67.627 0
68.127 0.000276701
68.627 0.000276701
69.127 0
69.627 0
70.127 0
70.627 0.000276701
71.127 0.000276701
71.627 0
72.127 0
72.627 0
73.127 0
73.627 0.000276701
74.127 0
74.627 0
75.127 0
75.627 0
76.127 0
76.627 0
77.127 0
77.627 0.000276701
78.127 0.000276701
78.627 0.000276701
79.127 0
79.627 0
80.127 0
80.627 0
81.127 0.000276701
81.627 0
82.127 0.000276701
82.627 0
83.127 0
83.627 0
84.127 0
84.627 0.000276701
85.127 0.000276701
85.627 0
86.127 0
86.627 0
87.127 0
87.627 0
