100 74.3912 74.3912
200 74.0385 74.2148
300 74.314 74.2479
400 74.4791 74.3057
500 74.4904 74.3426
600 73.9566 74.2783
700 73.6781 74.1926
800 74.259 74.2009
900 74.1685 74.1973
1000 74.5319 74.2307
1100 73.4847 74.1629
1200 72.4654 74.0215
1300 73.084 73.9493
1400 72.5822 73.8517
1500 72.5264 73.7633
1600 73.1202 73.7231
1700 73.3 73.6983
1800 73.5917 73.6923
1900 73.6884 73.6921
2000 73.8529 73.7002
2100 73.8504 73.7073
2200 74.1701 73.7284
2300 74.5278 73.7631
2400 74.4483 73.7917
2500 74.6751 73.827
2600 74.7343 73.8619
2700 74.1857 73.8739
2800 73.542 73.862
2900 73.6762 73.8556
3000 72.7029 73.8172
3100 73.7154 73.8139
3200 73.6911 73.8101
3300 73.4259 73.7984
3400 73.4332 73.7877
3500 73.7113 73.7855
3600 73.1625 73.7682
3700 73.4301 73.7591
3800 73.5326 73.7531
3900 73.4811 73.7461
4000 73.2618 73.734
4100 73.7279 73.7339
4200 73.831 73.7362
4300 74.0562 73.7436
4400 74.2339 73.7548
4500 74.2839 73.7665
4600 74.59 73.7844
4700 74.3192 73.7958
4800 74.3868 73.8081
4900 74.1986 73.8161
5000 74.6699 73.8332
5100 74.332 73.843
5200 73.1671 73.83
5300 73.8973 73.8312
5400 74.563 73.8448
5500 73.5241 73.839
5600 73.9211 73.8404
5700 73.9919 73.8431
5800 73.7019 73.8406
5900 73.9233 73.842
6000 73.9955 73.8446
6100 74.1636 73.8498
6200 74.2522 73.8563
6300 74.4157 73.8652
6400 73.8966 73.8657
6500 74.7531 73.8793
6600 74.5982 73.8902
6700 74.5494 73.9001
6800 74.8316 73.9138
6900 74.7233 73.9255
7000 74.9613 73.9403
7100 74.6218 73.9499
7200 74.8966 73.963
7300 75.2692 73.9809
7400 75.0894 73.9959
7500 75.2649 74.0128
7600 75.1439 74.0277
7700 75.3722 74.0452
7800 75.2691 74.0609
7900 74.7575 74.0697
8000 74.8918 74.08
8100 74.3263 74.083
8200 74.0963 74.0832
8300 74.169 74.0842
8400 74.2198 74.0858
8500 74.2879 74.0882
8600 74.0889 74.0882
8700 74.4108 74.0919
8800 74.6442 74.0982
8900 74.5583 74.1034
9000 74.7033 74.11
9100 74.5996 74.1154
9200 75.2368 74.1276
9300 74.6465 74.1332
9400 74.9032 74.1414
9500 74.4558 74.1447
9600 74.8182 74.1517
9700 74.8941 74.1593
9800 75.1317 74.1693
9900 75.7985 74.1857
10000 76.0335 74.2042
10100 75.3938 74.216
10200 75.2554 74.2262
10300 75.6116 74.2396
10400 75.6925 74.2536
10500 76.1706 74.2718
10600 76.1154 74.2892
10700 75.2721 74.2984
10800 76.0518 74.3147
10900 75.6405 74.3268
11000 75.6741 74.3391
11100 76.5117 74.3586
11200 76.208 74.3752
11300 75.7414 74.3872
11400 76.3315 74.4043
11500 75.6647 74.4153
11600 75.5853 74.4253
11700 75.7572 74.4367
11800 75.4305 74.4452
11900 75.9613 74.4579
12000 75.5154 74.4667
12100 75.1237 74.4721
12200 75.9463 74.4842
12300 75.6985 74.4941
12400 75.6274 74.5032
12500 75.3631 74.5101
12600 74.8041 74.5124
12700 73.9907 74.5083
12800 73.8368 74.5031
12900 74.3475 74.5019
13000 74.3309 74.5006
13100 74.0947 74.4975
13200 74.5692 74.498
13300 74.6483 74.4991
13400 74.7905 74.5013
13500 74.2229 74.4993
13600 74.3766 74.4984
13700 74.9599 74.5017
13800 75.6768 74.5102
13900 75.7123 74.5189
14000 75.0977 74.523
14100 75.1583 74.5275
14200 74.6529 74.5284
14300 74.7292 74.5298
14400 75.2578 74.5349
14500 75.6328 74.5424
14600 75.7179 74.5505
14700 75.499 74.5569
14800 75.261 74.5617
14900 75.1549 74.5657
15000 74.77 74.567
15100 75.6668 74.5743
15200 75.6715 74.5815
15300 75.9037 74.5902
15400 75.1664 74.5939
15500 74.6003 74.594
15600 74.8727 74.5958
15700 75.1137 74.5991
15800 74.9991 74.6016
15900 75.7279 74.6087
16000 75.9707 74.6172
16100 74.8685 74.6187
16200 75.1811 74.6222
16300 75.2242 74.6259
16400 74.8388 74.6272
16500 74.9896 74.6294
16600 74.8269 74.6306
16700 74.4464 74.6295
16800 73.9576 74.6255
16900 75.0491 74.628
17000 74.7966 74.629
17100 74.7052 74.6294
17200 74.7535 74.6302
17300 74.3213 74.6284
17400 74.5251 74.6278
17500 75.1873 74.631
17600 75.0276 74.6332
17700 74.2039 74.6308
17800 74.2973 74.6289
17900 74.8215 74.63
18000 74.6956 74.6304
18100 74.1996 74.628
18200 74.8027 74.6289
18300 75.0352 74.6312
18400 74.8146 74.6322
18500 74.9015 74.6336
18600 74.8341 74.6347
18700 74.9812 74.6366
18800 75.1269 74.6392
18900 74.7215 74.6396
19000 75.9265 74.6464
19100 75.8663 74.6528
19200 76.0338 74.6599
19300 76.4094 74.669
19400 76.9643 74.6808
19500 77.4495 74.695
19600 76.6004 74.7048
19700 76.5515 74.7141
19800 76.8506 74.7249
19900 77.3404 74.7381
20000 77.1771 74.7503
20100 77.478 74.7638
20200 76.8351 74.7741
20300 77.037 74.7852
20400 77.4544 74.7983
20500 77.1915 74.81
20600 76.4173 74.8178
20700 75.9444 74.8232
20800 76.5471 74.8315
20900 77.0598 74.8422
21000 77.2827 74.8538
21100 76.5546 74.8619
21200 76.7236 74.8707
21300 76.5956 74.8788
21400 76.3801 74.8858
21500 75.8395 74.8902
21600 75.8099 74.8945
21700 75.9813 74.8995
21800 76.1327 74.9051
21900 76.5579 74.9127
22000 76.7651 74.9211
22100 76.1749 74.9268
22200 76.1938 74.9325
22300 76.8715 74.9412
22400 76.2694 74.9471
22500 76.5871 74.9544
22600 76.5422 74.9614
22700 76.6838 74.969
22800 76.7715 74.9769
22900 76.1986 74.9822
23000 76.6432 74.9895
23100 76.925 74.9978
23200 76.4837 75.0042
23300 76.2073 75.0094
23400 76.1256 75.0142
23500 76.6458 75.0211
23600 76.5242 75.0275
23700 76.7225 75.0346
23800 77.3693 75.0445
23900 76.6995 75.0514
24000 76.8273 75.0588
24100 76.8064 75.066
24200 77.3252 75.0754
24300 77.7796 75.0865
24400 77.9821 75.0984
24500 78.1863 75.111
24600 78.4708 75.1246
24700 78.5508 75.1385
24800 78.2626 75.1511
24900 77.4576 75.1604
25000 77.0816 75.168
25100 77.7662 75.1784
25200 78.2834 75.1907
25300 78.5541 75.204
25400 78.8225 75.2183
25500 78.164 75.2298
25600 77.8273 75.2399
25700 78.3129 75.2519
25800 78.0868 75.2629
25900 78.6751 75.2761
26000 78.4815 75.2884
26100 78.2017 75.2996
26200 78.2213 75.3107
26300 77.8701 75.3204
26400 77.5547 75.3289
26500 77.6238 75.3376
26600 77.0937 75.3442
26700 76.8923 75.35
26800 76.6637 75.3549
26900 75.9147 75.3569
27000 76.231 75.3602
27100 76.2345 75.3634
27200 76.6209 75.368
27300 76.2736 75.3714
27400 76.9284 75.377
27500 76.7383 75.382
27600 76.5492 75.3862
27700 76.6191 75.3907
27800 76.2101 75.3936
27900 75.6032 75.3944
28000 75.9924 75.3965
28100 75.7802 75.3979
28200 75.7675 75.3992
28300 75.9324 75.4011
28400 76.0922 75.4035
28500 76.0541 75.4058
28600 76.3192 75.409
28700 76.5365 75.4129
28800 75.8105 75.4143
28900 75.0969 75.4132
29000 75.0734 75.412
29100 75.3424 75.4118
29200 75.3786 75.4117
29300 75.5624 75.4122
29400 75.4428 75.4123
29500 76.0777 75.4145
29600 75.5843 75.4151
29700 76.008 75.4171
29800 75.4666 75.4173
29900 74.8928 75.4155
30000 75.2397 75.4149
30100 75.1922 75.4142
30200 74.7454 75.412
30300 74.9959 75.4106
30400 75.0508 75.4094
30500 74.6523 75.4069
30600 75.1362 75.406
30700 74.7024 75.4038
30800 75.4827 75.404
30900 75.506 75.4043
31000 75.4449 75.4045
31100 75.9627 75.4063
31200 75.2103 75.4056
31300 75.0207 75.4044
31400 74.6311 75.4019
31500 75.2134 75.4014
31600 75.5274 75.4017
31700 75.1288 75.4009
31800 74.6953 75.3987
31900 75.5771 75.3992
32000 75.4306 75.3993
32100 74.9869 75.398
32200 74.9417 75.3966
32300 74.4817 75.3938
32400 74.8153 75.392
32500 74.7715 75.3901
32600 74.8296 75.3884
32700 75.1008 75.3875
32800 74.664 75.3853
32900 74.8896 75.3838
33000 74.8345 75.3821
33100 74.8917 75.3806
33200 75.3709 75.3806
33300 74.7437 75.3787
33400 74.7324 75.3768
33500 74.3078 75.3736
33600 74.4214 75.3707
33700 74.9493 75.3695
33800 74.5838 75.3672
33900 75.0726 75.3663
34000 74.8412 75.3647
34100 75.3187 75.3646
34200 74.8384 75.3631
34300 75.2605 75.3628
34400 75.3535 75.3627
34500 74.2711 75.3596
34600 74.0387 75.3558
34700 74.8163 75.3542
34800 74.3904 75.3514
34900 74.0947 75.3478
35000 74.3635 75.345
35100 74.3597 75.3422
35200 74.7287 75.3405
35300 74.7265 75.3387
35400 74.8207 75.3373
35500 74.5561 75.3351
35600 74.4942 75.3327
35700 75.3461 75.3328
35800 74.7988 75.3313
35900 74.5606 75.3291
36000 74.2228 75.326
36100 74.3209 75.3233
36200 74.5251 75.3211
36300 74.2888 75.3182
36400 74.0771 75.3148
36500 74.2954 75.312
36600 74.2593 75.3091
36700 74.4042 75.3067
36800 74.6111 75.3048
36900 73.5416 75.3
37000 73.8625 75.2961
37100 73.5482 75.2914
37200 73.495 75.2866
37300 74.0378 75.2832
37400 74.2285 75.2804
37500 74.168 75.2774
37600 73.5234 75.2728
37700 73.504 75.2681
37800 73.437 75.2632
37900 73.6517 75.259
38000 73.9232 75.2555
38100 73.4332 75.2507
38200 73.5059 75.2461
38300 73.7867 75.2423
38400 74.5233 75.2404
38500 73.5341 75.236
38600 73.7229 75.2321
38700 73.1058 75.2266
38800 73.4213 75.2219
38900 73.9758 75.2187
39000 73.9477 75.2155
39100 73.7131 75.2116
39200 73.9931 75.2085
39300 74.3171 75.2063
39400 73.9559 75.2031
39500 73.4629 75.1987
39600 73.4225 75.1942
39700 73.4839 75.1899
39800 73.5538 75.1858
39900 73.308 75.1811
40000 73.5815 75.1771
40100 73.7981 75.1736
40200 73.3808 75.1692
40300 73.5629 75.1652
40400 73.5599 75.1612
40500 73.6877 75.1576
40600 73.3954 75.1532
40700 73.1403 75.1483
40800 73.0409 75.1431
40900 72.995 75.1379
41000 72.9006 75.1324
41100 73.2013 75.1277
41200 73.1395 75.1229
41300 72.5739 75.1167
41400 73.3716 75.1125
41500 73.1008 75.1076
41600 73.3485 75.1034
41700 73.4524 75.0995
41800 72.5656 75.0934
41900 72.8285 75.088
42000 72.588 75.082
42100 72.7248 75.0764
42200 72.864 75.0712
42300 73.5018 75.0675
42400 73.2483 75.0632
42500 73.5284 75.0596
42600 72.6985 75.054
42700 72.8482 75.0489
42800 72.5226 75.043
42900 73.2061 75.0387
43000 73.1782 75.0344
43100 73.5521 75.0309
43200 73.8402 75.0282
43300 73.9046 75.0256
43400 73.4801 75.022
43500 73.1092 75.0176
43600 73.2183 75.0135
43700 73.3421 75.0097
43800 73.405 75.006
43900 73.5975 75.0028
44000 73.5526 74.9995
44100 73.7455 74.9967
44200 73.5681 74.9934
44300 73.2457 74.9895
44400 72.5911 74.9841
44500 73.03 74.9797
44600 73.1114 74.9755
44700 73.3523 74.9719
44800 72.8573 74.9671
44900 73.2592 74.9633
45000 72.5673 74.958
45100 72.4935 74.9526
45200 72.2471 74.9466
45300 72.6957 74.9416
45400 72.7616 74.9368
45500 72.4267 74.9313
45600 72.3586 74.9256
45700 72.3462 74.92
45800 72.4159 74.9145
45900 72.5394 74.9094
46000 72.7812 74.9047
46100 72.2146 74.8989
46200 72.7963 74.8943
46300 72.9431 74.8901
46400 72.646 74.8853
46500 72.6109 74.8804
46600 72.6442 74.8756
46700 72.5543 74.8706
46800 72.5714 74.8657
46900 72.1122 74.8598
47000 71.812 74.8534
47100 71.4844 74.8462
47200 71.845 74.8398
47300 71.9365 74.8337
47400 72.3725 74.8285
47500 71.9981 74.8226
47600 71.6117 74.8158
47700 71.472 74.8088
47800 71.7604 74.8024
47900 71.6697 74.7959
48000 71.7414 74.7895
48100 71.7822 74.7833
48200 71.9079 74.7773
48300 72.0728 74.7717
48400 71.2637 74.7645
48500 71.2687 74.7572
48600 70.9053 74.7493
48700 70.9302 74.7415
48800 71.2523 74.7343
48900 71.1586 74.727
49000 71.0492 74.7195
49100 71.4041 74.7128
49200 71.4783 74.7062
49300 71.4938 74.6997
49400 70.9996 74.6922
49500 71.4677 74.6857
49600 71.5472 74.6793
49700 71.5067 74.673
49800 70.979 74.6655
49900 71.3469 74.6589
50000 71.5198 74.6526
50100 71.9071 74.6471
50200 71.3421 74.6405
50300 70.3656 74.632
50400 70.1865 74.6232
50500 71.0335 74.6161
50600 70.4586 74.6079
50700 70.5188 74.5998
50800 70.245 74.5913
50900 70.7859 74.5838
51000 70.052 74.5749
51100 70.7554 74.5674
51200 70.7872 74.56
51300 70.7949 74.5527
51400 70.4617 74.5447
51500 70.5511 74.537
51600 70.5796 74.5293
51700 70.493 74.5215
51800 70.661 74.5141
51900 70.9464 74.5072
52000 70.8432 74.5001
52100 70.6051 74.4927
52200 70.8399 74.4857
52300 70.4341 74.4779
52400 70.4225 74.4702
52500 70.3954 74.4624
52600 70.4847 74.4549
52700 70.4468 74.4473
52800 70.7286 74.4402
52900 71.3958 74.4345
53000 71.5412 74.429
53100 71.2648 74.423
53200 71.6228 74.4178
53300 71.3242 74.412
53400 71.7307 74.4069
53500 71.6811 74.4019
53600 71.808 74.397
53700 71.5814 74.3918
53800 71.2745 74.386
53900 71.0995 74.3799
54000 71.4468 74.3744
54100 71.6278 74.3694
54200 71.7453 74.3645
54300 71.2169 74.3587
54400 71.3959 74.3533
54500 71.657 74.3483
54600 71.2979 74.3428
54700 71.1741 74.337
54800 71.1251 74.3311
54900 71.1806 74.3254
55000 71.1674 74.3196
55100 70.4637 74.3126
55200 70.4733 74.3057
55300 70.3232 74.2985
55400 70.194 74.2911
55500 70.7324 74.2846
55600 71.3939 74.2794
55700 71.2118 74.2739
55800 71.0715 74.2682
55900 70.7497 74.2619
56000 71.1502 74.2563
56100 71.6174 74.2516
56200 71.6458 74.247
56300 71.4967 74.2421
56400 71.6884 74.2376
56500 71.8786 74.2334
56600 71.8063 74.2291
56700 72.0867 74.2253
56800 71.8927 74.2212
56900 71.5871 74.2166
57000 71.8051 74.2124
57100 71.0818 74.2069
57200 71.3311 74.2019
57300 71.3353 74.1969
57400 71.4232 74.192
57500 71.071 74.1866
57600 71.2278 74.1815
57700 71.3604 74.1766
57800 71.1515 74.1713
57900 71.2755 74.1663
58000 71.0136 74.1609
58100 71.6128 74.1565
58200 71.0232 74.1511
58300 71.264 74.1462
58400 71.6469 74.1419
58500 71.3627 74.1372
58600 71.1212 74.132
58700 70.742 74.1262
58800 70.7345 74.1205
58900 71.0684 74.1153
59000 70.6375 74.1094
59100 70.7934 74.1038
59200 70.7838 74.0982
59300 70.9101 74.0928
59400 70.827 74.0873
59500 71.1995 74.0824
59600 70.7023 74.0768
59700 70.6419 74.071
59800 70.2774 74.0647
59900 70.1851 74.0582
60000 70.3089 74.052
60100 70.4019 74.0459
60200 70.523 74.04
60300 70.7438 74.0346
60400 71.2222 74.0299
60500 71.5325 74.0258
60600 71.4003 74.0214
60700 70.8368 74.0162
60800 70.8316 74.011
60900 70.7373 74.0056
61000 70.9582 74.0006
61100 71.075 73.9958
61200 71.2306 73.9913
61300 71.0706 73.9865
61400 71.1662 73.9819
61500 71.4338 73.9778
61600 71.5106 73.9738
61700 71.3755 73.9696
61800 71.5112 73.9656
61900 71.287 73.9613
62000 71.0848 73.9566
62100 71.2976 73.9523
62200 71.4276 73.9483
62300 71.4792 73.9443
62400 71.5643 73.9405
62500 71.6367 73.9368
62600 71.3001 73.9326
62700 71.4241 73.9286
62800 71.3189 73.9244
62900 71.4278 73.9205
63000 71.784 73.9171
63100 71.6331 73.9135
63200 71.5189 73.9097
63300 71.3722 73.9057
63400 71.4869 73.9019
63500 71.0795 73.8974
63600 70.9282 73.8927
63700 70.9783 73.8882
63800 71.0314 73.8837
63900 71.3367 73.8797
64000 70.4672 73.8744
64100 70.7951 73.8696
64200 70.8059 73.8648
64300 71.4608 73.8611
64400 71.1657 73.8569
64500 71.0569 73.8525
64600 70.7312 73.8477
64700 70.7604 73.8429
64800 70.8432 73.8383
64900 70.6728 73.8334
65000 70.5745 73.8284
65100 70.5557 73.8234
65200 70.7024 73.8186
65300 71.1286 73.8145
65400 70.9374 73.8101
65500 70.9956 73.8058
65600 71.0092 73.8015
65700 71.3108 73.7977
65800 70.79 73.7932
65900 70.8372 73.7887
66000 71.2952 73.7849
66100 71.1891 73.781
66200 70.7649 73.7764
66300 70.6462 73.7717
66400 70.8202 73.7672
66500 70.7668 73.7627
66600 70.7778 73.7582
66700 70.692 73.7536
66800 70.9209 73.7494
66900 70.3219 73.7443
67000 70.5835 73.7396
67100 70.8435 73.7352
67200 70.9336 73.7311
67300 70.4599 73.7262
67400 70.6975 73.7217
67500 70.5341 73.717
67600 70.3097 73.712
67700 70.7654 73.7076
67800 71.0777 73.7037
67900 70.8846 73.6996
68000 70.8539 73.6954
68100 70.3723 73.6905
68200 70.5157 73.6859
68300 70.1817 73.6807
68400 70.5987 73.6762
68500 70.5907 73.6717
68600 70.5714 73.6672
68700 70.499 73.6626
68800 70.4538 73.6579
68900 70.2106 73.6529
69000 70.7921 73.6488
69100 70.0957 73.6436
69200 70.4528 73.639
69300 70.0339 73.6338
69400 70.1822 73.6288
69500 70.0539 73.6237
69600 70.3606 73.619
69700 70.6915 73.6148
69800 71.1727 73.6113
69900 71.2824 73.608
70000 70.8597 73.6041
70100 71.2464 73.6007
70200 71.5055 73.5977
70300 70.781 73.5937
70400 70.1138 73.5888
70500 70.1876 73.5839
70600 70.2239 73.5792
70700 70.2945 73.5745
70800 70.3776 73.57
70900 70.8378 73.5662
71000 71.0042 73.5626
71100 70.2675 73.5579
71200 70.8774 73.5542
71300 70.9535 73.5505
71400 71.0359 73.547
71500 70.271 73.5424
71600 70.6164 73.5383
71700 70.7114 73.5344
71800 70.9423 73.5308
71900 71.3672 73.5278
72000 71.5407 73.525
72100 70.6674 73.521
72200 70.616 73.517
72300 70.6179 73.513
72400 70.5982 73.509
72500 70.4081 73.5047
72600 70.3583 73.5004
72700 70.5316 73.4963
72800 70.5111 73.4922
72900 70.0853 73.4875
73000 70.1203 73.4829
73100 69.8012 73.4779
73200 69.6254 73.4726
73300 70.1159 73.468
73400 70.2012 73.4636
73500 70.4722 73.4595
73600 70.2733 73.4552
73700 70.3082 73.4509
73800 70.7472 73.4472
73900 70.4898 73.4432
74000 70.2433 73.4389
74100 71.5627 73.4364
74200 70.562 73.4325
74300 70.3332 73.4283
74400 70.3403 73.4242
74500 70.5414 73.4203
74600 70.4186 73.4163
74700 70.3564 73.4122
74800 70.3702 73.4081
74900 70.4172 73.4041
75000 70.7381 73.4006
75100 70.3165 73.3965
75200 70.2865 73.3923
75300 70.0098 73.3878
75400 70.3231 73.3838
75500 70.3493 73.3798
75600 70.6199 73.3761
75700 71.0731 73.3731
75800 70.6162 73.3694
75900 70.4168 73.3655
76000 70.2676 73.3615
76100 70.4023 73.3576
76200 70.7945 73.3542
76300 71.0063 73.3511
76400 71.1683 73.3483
76500 70.7821 73.3449
76600 70.9716 73.3418
76700 70.4014 73.338
76800 71.419 73.3355
76900 71.0205 73.3325
77000 70.9401 73.3294
77100 70.911 73.3262
77200 70.9874 73.3232
77300 70.7688 73.3199
77400 71.102 73.317
77500 70.9193 73.3139
77600 70.8751 73.3108
77700 70.8723 73.3077
77800 70.7506 73.3044
77900 70.2685 73.3005
78000 70.4267 73.2968
78100 70.4202 73.2931
78200 70.3385 73.2893
78300 70.3947 73.2856
78400 69.8344 73.2812
78500 70.0983 73.2772
78600 70.1666 73.2732
78700 70.8737 73.2702
78800 71.0691 73.2674
78900 71.0756 73.2646
79000 71.1101 73.2619
79100 70.9192 73.2589
79200 71.3236 73.2565
79300 70.9298 73.2535
79400 70.7711 73.2504
79500 70.957 73.2475
79600 71.0481 73.2448
79700 70.4415 73.2412
79800 70.484 73.2378
79900 70.5491 73.2344
80000 70.7756 73.2313
80100 70.568 73.228
80200 70.6359 73.2248
80300 71.2116 73.2223
80400 70.935 73.2194
80500 71.2598 73.217
80600 70.5788 73.2137
80700 70.5278 73.2104
80800 71.0466 73.2077
80900 70.9044 73.2049
81000 70.8881 73.202
81100 71.1595 73.1995
81200 70.6782 73.1964
81300 70.7455 73.1934
81400 70.4435 73.19
81500 70.6625 73.1869
81600 70.3452 73.1834
81700 70.3092 73.1799
81800 70.4555 73.1766
81900 70.8824 73.1738
82000 71.0912 73.1712
82100 70.7579 73.1683
82200 70.7547 73.1653
82300 70.5511 73.1622
82400 70.5219 73.159
82500 70.7082 73.156
82600 70.8913 73.1533
82700 70.8374 73.1505
82800 70.523 73.1473
82900 70.4509 73.144
83000 70.0178 73.1403
83100 70.2397 73.1368
83200 70.3591 73.1334
83300 70.3151 73.1301
83400 70.3751 73.1267
83500 70.3741 73.1235
83600 70.4473 73.1202
83700 70.7805 73.1175
83800 70.9989 73.1149
83900 70.3534 73.1116
84000 70.3395 73.1083
84100 70.2541 73.1049
84200 70.2267 73.1015
84300 70.245 73.0981
84400 70.649 73.0952
84500 70.6459 73.0923
84600 71.2958 73.0902
84700 70.8701 73.0876
84800 70.9859 73.0851
84900 71.3262 73.083
85000 71.1502 73.0808
85100 70.9127 73.0782
85200 70.7558 73.0755
85300 70.5455 73.0725
85400 70.9678 73.0701
85500 70.1436 73.0666
85600 70.3796 73.0635
85700 70.5785 73.0606
85800 70.5401 73.0577
85900 70.7624 73.055
86000 70.9241 73.0525
86100 70.7878 73.0499
86200 70.4454 73.0469
86300 70.5042 73.0439
86400 70.8397 73.0414
86500 70.5944 73.0385
86600 70.9617 73.0361
86700 70.7717 73.0335
86800 70.7207 73.0309
86900 70.9136 73.0284
87000 70.4865 73.0255
87100 70.3963 73.0225
87200 70.2582 73.0193
87300 70.3392 73.0162
87400 70.2059 73.013
87500 70.0086 73.0096
87600 70.1005 73.0063
87700 70.2866 73.0032
87800 70.3251 73.0001
87900 70.3996 72.9972
88000 70.3954 72.9942
88100 70.2882 72.9911
88200 70.3166 72.9881
88300 70.3929 72.9852
88400 70.3548 72.9822
88500 70.5017 72.9794
88600 70.3044 72.9764
88700 70.0368 72.9731
88800 69.847 72.9695
88900 69.9931 72.9662
89000 69.9249 72.9628
89100 69.9125 72.9593
89200 69.8366 72.9558
89300 70.4105 72.953
89400 70.9016 72.9507
89500 70.619 72.9481
89600 70.6144 72.9455
89700 70.4991 72.9428
89800 70.5695 72.9401
89900 70.2642 72.9371
90000 70.5112 72.9344
90100 70.7779 72.9321
90200 70.5834 72.9294
90300 70.7615 72.927
90400 70.3087 72.9242
90500 70.4507 72.9214
90600 70.5904 72.9188
90700 70.5827 72.9163
90800 70.6085 72.9137
90900 70.3763 72.9109
91000 70.1853 72.9079
91100 69.9942 72.9047
91200 70.2253 72.9018
91300 70.3163 72.899
91400 70.8484 72.8967
91500 70.583 72.8942
91600 70.3247 72.8914
91700 70.5297 72.8888
91800 70.5551 72.8863
91900 70.4812 72.8837
92000 70.2268 72.8808
92100 70.333 72.878
92200 70.5992 72.8755
92300 70.9117 72.8734
92400 71.2308 72.8716
92500 70.9614 72.8696
92600 71.0494 72.8676
92700 70.9824 72.8656
92800 71.011 72.8636
92900 70.9512 72.8615
93000 70.9014 72.8594
93100 71.1503 72.8576
93200 71.2652 72.8559
93300 71.1256 72.854
93400 71.3777 72.8524
93500 71.2515 72.8507
93600 70.8183 72.8485
93700 70.8815 72.8464
93800 70.532 72.844
93900 70.5577 72.8415
94000 70.9849 72.8396
94100 70.9542 72.8376
94200 71.2132 72.8358
94300 70.9517 72.8338
94400 70.5868 72.8315
94500 70.3802 72.8289
94600 70.671 72.8266
94700 71.0391 72.8247
94800 71.1252 72.8229
94900 70.9999 72.821
95000 70.8895 72.8189
95100 71.8231 72.8179
95200 71.3485 72.8164
95300 71.8475 72.8153
95400 71.0153 72.8135
95500 71.1688 72.8117
95600 71.3556 72.8102
95700 71.0629 72.8084
95800 70.9259 72.8064
95900 70.8466 72.8044
96000 71.2728 72.8028
96100 70.6297 72.8005
96200 70.6446 72.7983
96300 70.7359 72.7961
96400 70.7538 72.794
96500 70.7093 72.7919
96600 70.4973 72.7895
96700 70.6919 72.7873
96800 70.8661 72.7853
96900 70.9196 72.7834
97000 71.0463 72.7816
97100 70.5237 72.7793
97200 70.4844 72.7769
97300 70.7824 72.7749
97400 70.8127 72.7729
97500 70.5087 72.7705
97600 70.5104 72.7682
97700 70.3904 72.7658
97800 70.5183 72.7635
97900 70.1537 72.7608
98000 70.8095 72.7588
98100 70.7973 72.7568
98200 71.0944 72.7551
98300 71.0233 72.7534
98400 70.8179 72.7514
98500 71.1173 72.7497
98600 70.6127 72.7476
98700 70.398 72.7452
98800 70.5139 72.7429
98900 70.3567 72.7405
99000 70.6047 72.7384
99100 70.1901 72.7358
99200 70.1273 72.7332
99300 70.5445 72.731
99400 70.6229 72.7288
99500 70.4057 72.7265
99600 70.7406 72.7245
99700 70.7472 72.7225
99800 70.3281 72.7201
99900 70.3472 72.7178
100000 70.3912 72.7154
100100 70.1465 72.7129
100200 70.0392 72.7102
100300 70.0895 72.7076
100400 70.0109 72.7049
100500 70.0606 72.7023
100600 70.3685 72.6999
100700 70.3415 72.6976
100800 70.8601 72.6958
100900 70.7873 72.6939
101000 70.8084 72.692
101100 70.586 72.6899
101200 70.5711 72.6878
101300 70.8874 72.6861
101400 70.787 72.6842
101500 70.7907 72.6823
101600 70.8253 72.6805
101700 70.3444 72.6782
101800 70.4581 72.676
101900 70.8122 72.6742
102000 70.1881 72.6718
102100 70.473 72.6696
102200 70.2099 72.6672
102300 70.5512 72.6651
102400 70.3663 72.6629
102500 70.5654 72.6608
102600 70.4271 72.6587
102700 70.8847 72.6569
102800 70.8286 72.6552
102900 70.8211 72.6534
103000 70.4339 72.6512
103100 70.3019 72.6489
103200 70.1261 72.6465
103300 70.5475 72.6445
103400 70.6011 72.6425
103500 71.0702 72.641
103600 70.7931 72.6392
103700 70.6696 72.6373
103800 70.4791 72.6352
103900 70.2241 72.6329
104000 70.5786 72.6309
104100 70.9634 72.6293
104200 70.9041 72.6277
104300 70.4197 72.6255
104400 70.2889 72.6233
104500 69.9154 72.6207
104600 70.4094 72.6186
104700 70.4235 72.6165
104800 70.0402 72.614
104900 70.326 72.6119
105000 70.2439 72.6096
105100 70.5256 72.6076
105200 70.215 72.6053
105300 70.382 72.6032
105400 69.8402 72.6006
105500 69.662 72.5978
105600 70.2234 72.5956
105700 70.3988 72.5935
105800 70.5145 72.5915
105900 70.191 72.5893
106000 70.5894 72.5874
106100 70.4407 72.5854
106200 70.4732 72.5834
106300 70.3287 72.5813
106400 70.1788 72.579
106500 69.7426 72.5763
106600 69.5913 72.5735
106700 70.6128 72.5717
106800 70.2872 72.5696
106900 70.1251 72.5673
107000 70.3052 72.5652
107100 70.5733 72.5633
107200 70.7914 72.5616
107300 71.0798 72.5603
107400 70.6586 72.5585
107500 70.4978 72.5566
107600 70.5368 72.5547
107700 70.7712 72.553
107800 70.7769 72.5514
107900 70.9825 72.5499
108000 70.622 72.5482
108100 71.0622 72.5468
108200 70.5012 72.5449
108300 70.428 72.5429
108400 70.3703 72.5409
108500 70.4653 72.539
108600 70.3328 72.537
108700 70.1934 72.5348
108800 70.557 72.533
108900 70.0079 72.5307
109000 69.6476 72.528
109100 69.6992 72.5255
109200 69.9525 72.5231
109300 70.1288 72.5209
109400 70.3204 72.5189
109500 70.422 72.517
109600 69.8693 72.5146
109700 70.4536 72.5127
109800 70.3036 72.5107
109900 70.3877 72.5087
110000 70.265 72.5067
110100 70.3577 72.5047
110200 70.4232 72.5029
110300 70.9686 72.5015
110400 71.4335 72.5005
110500 71.1039 72.4992
110600 70.9923 72.4979
110700 70.9886 72.4965
110800 70.7825 72.495
110900 70.6102 72.4933
111000 70.4989 72.4915
111100 70.4272 72.4896
111200 70.5513 72.4879
111300 70.4138 72.486
111400 70.6494 72.4844
111500 70.1498 72.4823
111600 70.35 72.4804
111700 70.36 72.4785
111800 70.7224 72.4769
111900 70.5673 72.4752
112000 70.9547 72.4738
112100 70.65 72.4722
112200 70.7417 72.4706
112300 70.8436 72.4692
112400 70.5627 72.4675
112500 70.6772 72.4659
112600 70.4016 72.4641
112700 70.3881 72.4622
112800 70.0011 72.4601
112900 70.1872 72.458
113000 70.3846 72.4562
113100 70.4123 72.4544
113200 70.1451 72.4524
113300 69.5947 72.4498
113400 69.9642 72.4476
113500 70.1056 72.4456
113600 69.7568 72.4432
113700 70.1481 72.4412
113800 69.6544 72.4387
113900 69.7464 72.4364
114000 70.1041 72.4343
114100 70.1068 72.4323
114200 70.0259 72.4302
114300 70.4871 72.4285
114400 70.25 72.4266
114500 70.3432 72.4248
114600 70.2621 72.4229
114700 70.2224 72.421
114800 70.4968 72.4193
114900 70.5691 72.4177
115000 70.4933 72.416
115100 70.286 72.4142
115200 70.0857 72.4121
115300 70.296 72.4103
115400 70.5931 72.4087
115500 70.3853 72.407
115600 70.5407 72.4054
115700 71.5781 72.4046
115800 71.2896 72.4037
115900 70.861 72.4023
116000 70.7952 72.401
116100 71.1023 72.3998
116200 70.7624 72.3984
116300 70.4555 72.3968
116400 70.3245 72.395
116500 70.4768 72.3933
116600 70.5319 72.3917
116700 70.6497 72.3902
116800 70.5621 72.3887
116900 70.4841 72.3871
117000 70.5602 72.3855
117100 71.0374 72.3843
117200 70.6468 72.3829
117300 71.086 72.3817
117400 70.5223 72.3802
117500 70.849 72.3789
117600 70.9964 72.3777
117700 71.4012 72.3769
117800 71.1114 72.3758
117900 71.3213 72.3749
118000 70.9723 72.3737
118100 71.0139 72.3725
118200 70.7318 72.3712
118300 70.7316 72.3698
118400 70.7368 72.3684
118500 70.8197 72.3671
118600 70.9482 72.3659
118700 71.1862 72.3649
118800 71.3385 72.364
118900 71.2319 72.3631
119000 71.5733 72.3624
119100 71.136 72.3614
119200 70.8434 72.3601
119300 70.656 72.3587
119400 70.6885 72.3573
119500 70.3227 72.3556
119600 70.307 72.3539
119700 70.4405 72.3523
119800 70.5992 72.3508
119900 71.0272 72.3497
120000 70.7667 72.3484
120100 70.4246 72.3468
120200 70.8919 72.3456
120300 70.5316 72.3441
120400 70.343 72.3424
120500 70.6987 72.341
120600 70.5169 72.3395
120700 70.7124 72.3382
120800 70.4987 72.3367
120900 70.5041 72.3351
121000 70.5873 72.3337
121100 71.0407 72.3326
121200 71.04 72.3316
121300 70.3737 72.3299
121400 70.4913 72.3284
121500 70.3548 72.3268
121600 70.5294 72.3253
121700 70.7028 72.324
121800 70.6197 72.3226
121900 70.5331 72.3211
122000 70.5499 72.3197
122100 70.3882 72.3181
122200 70.7341 72.3168
122300 70.4206 72.3153
122400 71.0069 72.3142
122500 70.6211 72.3128
122600 70.5373 72.3114
122700 70.497 72.3099
122800 70.6742 72.3085
122900 70.9086 72.3074
123000 71.0066 72.3063
123100 70.5679 72.3049
123200 70.5871 72.3035
123300 70.4841 72.3021
123400 70.2112 72.3004
123500 69.5716 72.2982
123600 69.9717 72.2963
123700 70.2936 72.2947
123800 70.5372 72.2932
123900 70.4025 72.2917
124000 70.5539 72.2903
124100 70.6106 72.289
124200 70.3124 72.2874
124300 70.7266 72.2861
124400 70.3715 72.2846
124500 70.4317 72.2831
124600 70.5012 72.2817
124700 70.7171 72.2804
124800 71.0066 72.2794
124900 70.2878 72.2778
125000 70.2408 72.2762
125100 70.0425 72.2744
125200 69.747 72.2723
125300 69.8728 72.2704
125400 70.1483 72.2687
125500 70.2836 72.2672
125600 70.6896 72.2659
125700 70.4846 72.2645
125800 70.4214 72.263
125900 70.8251 72.2619
126000 70.6703 72.2606
126100 70.2717 72.259
126200 70.2038 72.2574
126300 69.8603 72.2555
126400 69.8871 72.2536
126500 70.3862 72.2522
126600 70.2151 72.2506
126700 70.4976 72.2492
126800 70.4818 72.2478
126900 70.4546 72.2464
127000 70.3578 72.2449
127100 70.4571 72.2435
127200 70.2649 72.2419
127300 69.9167 72.2401
127400 70.2715 72.2385
127500 70.5608 72.2372
127600 70.1366 72.2356
127700 70.2713 72.234
127800 70.6466 72.2328
127900 70.6101 72.2315
128000 70.5904 72.2302
128100 70.4455 72.2289
128200 71.2813 72.2281
128300 70.6287 72.2269
128400 70.7721 72.2257
128500 70.6509 72.2245
128600 70.5997 72.2232
128700 70.8087 72.2221
128800 70.605 72.2209
128900 70.6833 72.2197
129000 71.2361 72.2189
129100 71.1949 72.2181
129200 70.8025 72.217
129300 70.5595 72.2158
129400 70.737 72.2146
129500 70.3509 72.2132
129600 70.7439 72.2121
129700 70.4373 72.2107
129800 70.0477 72.209
129900 70.5549 72.2077
130000 69.8376 72.2059
130100 69.945 72.2042
130200 69.4252 72.202
130300 69.9225 72.2003
130400 69.605 72.1983
130500 70.0603 72.1967
130600 69.7082 72.1948
130700 69.6533 72.1928
130800 69.658 72.1909
130900 69.6929 72.189
131000 69.9904 72.1873
131100 70.2176 72.1858
131200 70.1152 72.1842
131300 70.2957 72.1828
131400 69.6605 72.1809
131500 70.2133 72.1794
131600 70.7197 72.1783
131700 70.1476 72.1767
131800 70.4436 72.1754
131900 70.529 72.1741
132000 70.6369 72.173
132100 70.2917 72.1716
132200 70.6031 72.1704
132300 70.5355 72.1691
132400 70.5432 72.1679
132500 70.0963 72.1663
132600 70.1402 72.1648
132700 69.9813 72.1632
132800 70.2594 72.1617
132900 69.7595 72.1599
133000 69.8888 72.1582
133100 69.9312 72.1565
133200 70.2206 72.1551
133300 70.0638 72.1535
133400 69.6143 72.1516
133500 70.1804 72.1501
133600 70.7613 72.1491
133700 70.0195 72.1475
133800 70.0722 72.146
133900 69.8013 72.1442
134000 69.9461 72.1426
134100 69.8874 72.1409
134200 70.2162 72.1395
134300 70.1155 72.1379
134400 69.9724 72.1363
134500 70.0191 72.1348
134600 70.1868 72.1333
134700 70.1783 72.1319
134800 69.7561 72.1301
134900 70.0029 72.1285
135000 70.0867 72.127
135100 69.9249 72.1254
135200 69.2079 72.1232
135300 69.3437 72.1212
135400 69.3477 72.1191
135500 69.5131 72.1172
135600 69.6752 72.1154
135700 70.1029 72.1139
135800 69.8548 72.1123
135900 69.5952 72.1104
136000 69.9932 72.1088
136100 70.143 72.1074
136200 70.3294 72.1061
136300 69.8995 72.1045
136400 69.9829 72.1029
136500 69.8995 72.1013
136600 70.2101 72.0999
136700 69.9222 72.0983
136800 69.5108 72.0964
136900 69.7718 72.0947
137000 69.8192 72.0931
137100 69.6851 72.0913
137200 69.0261 72.0891
137300 69.2039 72.087
137400 69.3503 72.085
137500 69.7369 72.0833
137600 69.6863 72.0815
137700 69.8019 72.0799
137800 69.836 72.0783
137900 69.9486 72.0767
138000 69.7788 72.075
138100 69.9226 72.0735
138200 70.0471 72.072
138300 70.2456 72.0707
138400 70.2105 72.0694
138500 69.9001 72.0678
138600 69.5149 72.066
138700 69.681 72.0642
138800 70.3875 72.063
138900 70.3566 72.0618
139000 70.0895 72.0604
139100 70.1795 72.059
139200 70.2499 72.0577
139300 70.5808 72.0567
139400 69.9092 72.0551
139500 70.1837 72.0538
139600 69.9982 72.0523
139700 69.975 72.0508
139800 70.1574 72.0495
139900 69.9504 72.048
140000 70.0646 72.0466
140100 69.7225 72.0449
140200 69.4134 72.043
140300 69.5559 72.0412
140400 69.9303 72.0397
140500 70.084 72.0383
140600 70.1697 72.037
140700 70.3621 72.0358
140800 70.2703 72.0346
140900 70.2552 72.0333
141000 70.5503 72.0323
141100 70.7515 72.0314
141200 70.5377 72.0303
141300 70.457 72.0292
141400 70.2197 72.0279
141500 70.0558 72.0265
141600 69.7669 72.0249
141700 69.7103 72.0233
141800 69.5666 72.0215
141900 69.6875 72.0199
142000 70.2463 72.0187
142100 70.3474 72.0175
142200 70.0166 72.0161
142300 69.9553 72.0146
142400 69.8121 72.0131
142500 70.264 72.0118
142600 69.7514 72.0103
142700 69.9529 72.0088
142800 70.0173 72.0074
142900 70.1537 72.0061
143000 70.0962 72.0048
143100 69.8047 72.0033
143200 69.9605 72.0018
143300 70.1893 72.0006
143400 69.5736 71.9989
143500 69.957 71.9974
143600 70.0893 71.9961
143700 70.1075 71.9948
143800 70.838 71.994
143900 70.7035 71.9931
144000 70.5555 71.9921
144100 70.8456 71.9913
144200 70.8038 71.9905
144300 70.5245 71.9895
144400 70.8066 71.9886
144500 70.4838 71.9876
144600 70.2624 71.9864
144700 70.4076 71.9853
144800 70.6531 71.9844
144900 70.6487 71.9835
145000 70.5711 71.9825
145100 69.9566 71.9811
145200 70.325 71.98
145300 70.5329 71.979
145400 70.6063 71.978
145500 70.1025 71.9767
145600 70.5087 71.9757
145700 70.0492 71.9744
145800 69.8949 71.973
145900 70.1964 71.9718
146000 70.5837 71.9708
146100 70.2206 71.9696
146200 70.142 71.9684
146300 69.6856 71.9668
146400 70.0203 71.9655
146500 70.1518 71.9642
146600 70.1664 71.963
146700 70.1547 71.9618
146800 70.0942 71.9605
146900 70.3711 71.9594
147000 70.4948 71.9584
147100 70.7219 71.9576
147200 70.9088 71.9569
147300 70.0779 71.9556
147400 70.4211 71.9546
147500 69.5862 71.953
147600 69.7243 71.9514
147700 69.8629 71.95
147800 69.9575 71.9487
147900 70.0613 71.9474
148000 70.1373 71.9462
148100 70.2345 71.945
148200 70.1851 71.9438
148300 70.644 71.943
148400 70.2579 71.9418
148500 70.2473 71.9407
148600 70.3078 71.9396
148700 70.262 71.9385
148800 70.2799 71.9373
148900 70.15 71.9361
149000 70.6896 71.9353
149100 70.0848 71.9341
149200 69.9236 71.9327
149300 70.0905 71.9315
149400 70.186 71.9303
149500 70.2686 71.9292
149600 69.9946 71.9279
149700 70.1114 71.9267
149800 69.6241 71.9252
149900 70.2028 71.924
150000 70.2099 71.9229
150100 70.1213 71.9217
150200 70.3064 71.9206
150300 70.6098 71.9197
150400 70.4932 71.9188
150500 70.2887 71.9177
150600 69.9804 71.9164
150700 70.1236 71.9152
150800 70.4478 71.9142
150900 70.3022 71.9132
151000 70.2378 71.9121
151100 70.4676 71.9111
151200 70.5939 71.9102
151300 70.5927 71.9094
151400 70.7422 71.9086
151500 70.3928 71.9076
151600 71.1321 71.9071
151700 70.9735 71.9065
151800 70.7611 71.9057
151900 70.3118 71.9047
152000 70.6747 71.9039
152100 70.744 71.9031
152200 70.7374 71.9023
152300 70.4774 71.9014
152400 70.377 71.9004
152500 70.144 71.8992
152600 70.0697 71.898
152700 69.9227 71.8967
152800 69.905 71.8954
152900 69.5455 71.8939
153000 69.6 71.8924
153100 69.3365 71.8907
153200 69.4068 71.8891
153300 69.5219 71.8876
153400 69.0308 71.8857
153500 69.1783 71.8839
153600 69.1234 71.8821
153700 69.528 71.8806
153800 69.8944 71.8793
153900 69.5944 71.8778
154000 69.7188 71.8764
154100 69.9627 71.8752
154200 69.6747 71.8738
154300 69.8342 71.8724
154400 70.4035 71.8715
154500 69.9797 71.8703
154600 70.0179 71.8691
154700 70.0861 71.8679
154800 69.6262 71.8665
154900 70.2488 71.8654
155000 70.3335 71.8644
155100 69.8644 71.8632
155200 69.7577 71.8618
155300 70.2327 71.8607
155400 69.9476 71.8595
155500 69.7072 71.8581
155600 69.821 71.8568
155700 70.111 71.8557
155800 69.9464 71.8545
155900 70.0328 71.8533
156000 70.1317 71.8522
156100 70.6198 71.8514
156200 70.4321 71.8505
156300 70.5425 71.8497
156400 70.4836 71.8488
156500 70.3158 71.8478
156600 70.2042 71.8468
156700 70.8004 71.8461
156800 70.3511 71.8451
156900 70.6442 71.8444
157000 70.645 71.8436
157100 70.6719 71.8429
157200 70.6555 71.8421
157300 70.5528 71.8413
157400 70.6641 71.8405
157500 70.7297 71.8398
157600 71.1544 71.8394
157700 71.0509 71.8389
157800 70.8025 71.8382
157900 70.5541 71.8374
158000 70.2342 71.8364
158100 70.5208 71.8356
158200 69.9951 71.8344
158300 70.2592 71.8334
158400 70.3248 71.8325
158500 70.529 71.8317
158600 70.6057 71.8309
158700 70.5928 71.8301
158800 70.6441 71.8294
158900 70.8576 71.8287
159000 70.3701 71.8278
159100 70.343 71.8269
159200 70.1779 71.8259
159300 70.1917 71.8248
159400 70.2801 71.8239
159500 69.8991 71.8227
159600 69.7932 71.8214
159700 70.0161 71.8203
159800 69.6348 71.8189
159900 69.5377 71.8175
160000 69.6103 71.8161
160100 69.6558 71.8147
160200 69.7841 71.8135
160300 69.6797 71.8121
160400 69.6439 71.8108
160500 69.828 71.8095
160600 70.2677 71.8086
160700 70.5998 71.8078
160800 70.1993 71.8068
160900 70.1175 71.8058
161000 70.6444 71.8051
161100 69.6006 71.8037
161200 70.0802 71.8026
161300 70.1915 71.8016
161400 69.7274 71.8003
161500 69.8067 71.7991
161600 69.8113 71.7979
161700 69.4835 71.7964
161800 69.669 71.7951
161900 69.8959 71.794
162000 69.9901 71.7928
162100 70.044 71.7918
162200 70.1932 71.7908
162300 70.6396 71.7901
162400 70.8284 71.7895
162500 70.2578 71.7885
162600 70.2817 71.7876
162700 70.2793 71.7867
162800 70.0384 71.7856
162900 70.1602 71.7846
163000 71.1332 71.7842
163100 70.7377 71.7836
163200 70.5101 71.7828
163300 70.8226 71.7822
163400 70.3035 71.7813
163500 70.4784 71.7805
163600 70.6129 71.7798
163700 70.6885 71.7791
163800 70.7857 71.7785
163900 70.3027 71.7776
164000 70.161 71.7766
164100 70.3066 71.7757
164200 70.4305 71.7749
164300 70.2713 71.774
164400 70.1342 71.773
164500 70.0874 71.772
164600 70.3262 71.7711
164700 70.3555 71.7702
164800 69.968 71.7691
164900 69.7261 71.7679
165000 69.9965 71.7668
165100 70.0659 71.7658
165200 70.2125 71.7649
165300 69.7972 71.7637
165400 69.8606 71.7625
165500 70.0472 71.7615
165600 70.5956 71.7608
165700 70.5414 71.76
165800 70.0793 71.759
165900 70.0957 71.758
166000 70.6042 71.7573
166100 70.446 71.7565
166200 70.61 71.7558
166300 71.0083 71.7554
166400 70.7807 71.7548
166500 70.3817 71.754
166600 70.6309 71.7533
166700 70.7002 71.7527
166800 70.1515 71.7517
166900 69.8594 71.7506
167000 69.91 71.7495
167100 70.0916 71.7485
167200 69.9949 71.7474
167300 70.2738 71.7466
167400 70.2266 71.7457
167500 70.6266 71.745
167600 70.3652 71.7442
167700 69.8619 71.743
167800 70.3979 71.7422
167900 70.1368 71.7413
168000 70.1452 71.7403
168100 69.9332 71.7393
168200 69.6886 71.738
168300 69.936 71.737
168400 69.6825 71.7358
168500 69.5978 71.7345
168600 69.7256 71.7333
168700 69.5293 71.732
168800 69.7752 71.7308
168900 69.8674 71.7297
169000 69.6836 71.7285
169100 70.1423 71.7276
169200 70.2617 71.7267
169300 70.2684 71.7258
169400 70.059 71.7249
169500 69.809 71.7237
169600 70.0127 71.7227
169700 69.9668 71.7217
169800 70.0107 71.7207
169900 69.7413 71.7195
170000 69.5248 71.7182
170100 70.2187 71.7173
170200 70.0107 71.7163
170300 69.7704 71.7152
170400 69.9371 71.7142
170500 70.3546 71.7134
170600 70.4512 71.7126
170700 70.5964 71.712
170800 69.9454 71.7109
170900 70.354 71.7101
171000 70.3635 71.7093
171100 70.0828 71.7084
171200 70.2597 71.7076
171300 70.665 71.7069
171400 70.7654 71.7064
171500 70.1656 71.7055
171600 69.9501 71.7045
171700 70.5986 71.7038
171800 70.1609 71.7029
171900 70.2481 71.7021
172000 70.3684 71.7013
172100 69.9855 71.7003
172200 69.8049 71.6992
172300 69.9571 71.6982
172400 70.0936 71.6973
172500 69.5086 71.696
172600 69.9479 71.695
172700 69.9472 71.694
172800 70.2439 71.6931
172900 70.0956 71.6922
173000 70.2354 71.6914
173100 70.1645 71.6905
173200 70.6431 71.6899
173300 70.2263 71.689
173400 70.0759 71.6881
173500 70.006 71.6871
173600 70.3686 71.6864
173700 70.1846 71.6855
173800 70.4851 71.6848
173900 70.7772 71.6843
174000 70.6303 71.6837
174100 70.4803 71.683
174200 70.6977 71.6824
174300 70.1442 71.6816
174400 69.9271 71.6805
174500 70.6171 71.6799
174600 70.331 71.6792
174700 69.7257 71.678
174800 69.7288 71.6769
174900 70.2897 71.6761
175000 69.7413 71.675
175100 69.7987 71.674
175200 69.9132 71.673
175300 69.7821 71.6719
175400 69.901 71.6709
175500 70.18 71.67
175600 69.8167 71.669
175700 70.1866 71.6681
175800 70.0938 71.6672
175900 69.5255 71.666
176000 69.6562 71.6649
176100 69.8031 71.6638
176200 69.599 71.6626
176300 69.6882 71.6615
176400 69.9791 71.6606
176500 70.0208 71.6596
176600 69.3141 71.6583
176700 69.6009 71.6571
176800 69.6579 71.656
176900 69.4321 71.6548
177000 69.9941 71.6538
177100 70.1876 71.653
177200 69.6865 71.6519
177300 69.7638 71.6508
177400 70.3039 71.6501
177500 70.4733 71.6494
177600 70.7251 71.6489
177700 70.7339 71.6484
177800 70.4913 71.6477
177900 70.8638 71.6473
178000 70.6962 71.6467
178100 70.5151 71.6461
178200 70.3435 71.6454
178300 70.336 71.6446
178400 70.3989 71.6439
178500 70.2793 71.6432
178600 70.3954 71.6425
178700 69.8835 71.6415
178800 69.6051 71.6403
178900 69.8012 71.6393
179000 69.8307 71.6383
179100 69.4315 71.6371
179200 69.8832 71.6361
179300 70.1659 71.6353
179400 70.1053 71.6344
179500 70.3757 71.6337
179600 70.1638 71.6329
179700 69.5725 71.6318
179800 70.1367 71.6309
179900 70.1108 71.6301
180000 70.1053 71.6292
180100 70.3079 71.6285
180200 70.4694 71.6279
180300 70.0358 71.627
180400 70.253 71.6262
180500 70.3486 71.6255
180600 70.7642 71.625
180700 70.7719 71.6246
180800 70.0071 71.6237
180900 70.2144 71.6229
181000 70.3482 71.6222
181100 70.4854 71.6215
181200 70.6542 71.621
181300 70.3726 71.6203
181400 70.1714 71.6195
181500 70.1403 71.6187
181600 70.437 71.6181
181700 70.4211 71.6174
181800 70.2692 71.6167
181900 70.032 71.6158
182000 70.0367 71.6149
182100 70.1618 71.6141
182200 70.4144 71.6135
182300 70.3041 71.6127
182400 70.106 71.6119
182500 70.0948 71.6111
182600 69.7903 71.6101
182700 69.5774 71.609
182800 69.8003 71.608
182900 70.0086 71.6071
183000 69.8287 71.6061
183100 70.2306 71.6054
183200 69.8995 71.6045
183300 70.2418 71.6037
183400 70.5892 71.6032
183500 70.664 71.6027
183600 70.5873 71.6021
183700 70.5896 71.6016
183800 70.6118 71.601
183900 70.6674 71.6005
184000 70.4518 71.5999
184100 70.2868 71.5992
184200 70.1278 71.5984
184300 69.9055 71.5975
184400 70.0516 71.5966
184500 69.9558 71.5957
184600 69.6889 71.5947
184700 69.506 71.5936
184800 69.4515 71.5924
184900 69.5988 71.5913
185000 69.7216 71.5903
185100 69.6507 71.5893
185200 69.184 71.588
185300 70.0449 71.5871
185400 69.654 71.5861
185500 70.0656 71.5853
185600 69.7751 71.5843
185700 69.8568 71.5834
185800 69.9148 71.5825
185900 70.0515 71.5816
186000 70.0071 71.5808
186100 70.0438 71.58
186200 69.9166 71.5791
186300 69.9789 71.5782
186400 69.8696 71.5773
186500 69.0407 71.5759
186600 69.786 71.575
186700 69.5125 71.5739
186800 69.5805 71.5728
186900 69.7373 71.5718
187000 69.8513 71.5709
187100 69.4473 71.5698
187200 69.8411 71.5688
187300 69.0757 71.5675
187400 69.7057 71.5665
187500 70.1407 71.5658
187600 69.6653 71.5648
187700 69.3997 71.5636
187800 69.2416 71.5624
187900 69.4681 71.5612
188000 69.7003 71.5603
188100 69.758 71.5593
188200 69.5471 71.5582
188300 70.0609 71.5574
188400 69.5395 71.5564
188500 70.1825 71.5556
188600 69.8396 71.5547
188700 69.9025 71.5538
188800 70.1234 71.5531
188900 70.1288 71.5523
189000 69.993 71.5515
189100 70.4817 71.5509
189200 70.3357 71.5503
189300 69.9445 71.5495
189400 70.1185 71.5487
189500 69.6701 71.5477
189600 69.7609 71.5468
189700 69.818 71.5459
189800 69.8283 71.5449
189900 69.9693 71.5441
190000 70.0766 71.5433
190100 70.0842 71.5426
190200 70.3226 71.5419
190300 69.9235 71.5411
190400 70.3442 71.5405
190500 70.3977 71.5399
190600 70.8082 71.5395
190700 70.8987 71.5391
190800 70.9494 71.5388
190900 70.4109 71.5382
191000 70.4077 71.5376
191100 69.9107 71.5368
191200 69.3813 71.5357
191300 69.5729 71.5346
191400 70.3923 71.534
191500 70.3118 71.5334
191600 69.8159 71.5325
191700 69.7532 71.5316
191800 70.2361 71.5309
191900 69.3238 71.5298
192000 69.4301 71.5287
192100 69.2372 71.5275
192200 69.4707 71.5264
192300 69.033 71.5251
192400 69.5178 71.5241
192500 69.42 71.523
192600 69.5359 71.5219
192700 69.3253 71.5208
192800 69.646 71.5198
192900 69.5083 71.5188
193000 69.3126 71.5176
193100 69.3753 71.5165
193200 69.558 71.5155
193300 69.4634 71.5145
193400 69.6217 71.5135
193500 69.6475 71.5125
193600 69.3876 71.5114
193700 69.9563 71.5106
193800 69.4854 71.5096
193900 69.4617 71.5085
194000 69.4653 71.5075
194100 69.4056 71.5064
194200 69.359 71.5053
194300 69.5013 71.5042
194400 69.3883 71.5031
194500 69.4715 71.5021
194600 69.1094 71.5009
194700 68.9063 71.4995
194800 69.3806 71.4985
194900 70.0032 71.4977
195000 70.4417 71.4971
195100 70.7114 71.4967
195200 70.3472 71.4962
195300 69.8577 71.4953
195400 70.347 71.4947
195500 70.5382 71.4942
195600 70.1785 71.4936
195700 70.0911 71.4928
195800 70.0682 71.4921
195900 70.1296 71.4914
196000 70.012 71.4907
196100 70.0884 71.49
196200 69.7639 71.4891
196300 69.6469 71.4881
196400 69.8143 71.4873
196500 69.998 71.4865
196600 69.7718 71.4857
196700 69.6363 71.4847
196800 69.5311 71.4837
196900 69.6646 71.4828
197000 69.7908 71.4819
197100 70.095 71.4812
197200 70.1054 71.4805
197300 69.4033 71.4795
197400 69.9927 71.4787
197500 69.9871 71.478
197600 70.1443 71.4773
197700 70.4133 71.4768
197800 70.8546 71.4764
197900 70.5966 71.476
198000 70.3187 71.4754
198100 70.6519 71.475
198200 70.2994 71.4744
198300 70.3626 71.4738
198400 70.3098 71.4733
198500 70.489 71.4728
198600 69.9966 71.472
198700 69.7762 71.4712
198800 69.8251 71.4703
198900 69.6093 71.4694
199000 69.9812 71.4687
199100 69.736 71.4678
199200 69.8813 71.467
199300 69.9739 71.4662
199400 70.0596 71.4655
199500 69.446 71.4645
199600 69.8914 71.4637
199700 69.8932 71.463
199800 69.8763 71.4622
199900 70.393 71.4616
200000 70.369 71.4611
200100 69.7622 71.4602
200200 69.76 71.4594
200300 69.6594 71.4585
200400 69.7014 71.4576
200500 70.3235 71.457
200600 70.227 71.4564
200700 70.2444 71.4558
200800 70.4058 71.4553
200900 69.8977 71.4545
201000 70.1893 71.4539
201100 69.7346 71.453
201200 69.9776 71.4523
201300 69.8343 71.4515
201400 69.7722 71.4507
201500 70.1107 71.45
201600 69.7303 71.4491
201700 69.8178 71.4483
201800 69.6749 71.4475
201900 69.9753 71.4467
202000 69.6693 71.4459
202100 69.4694 71.4449
202200 69.6506 71.444
202300 69.9316 71.4432
202400 70.0986 71.4426
202500 70.2536 71.442
202600 70.1291 71.4413
202700 69.9755 71.4406
202800 70.2569 71.44
202900 69.9143 71.4393
203000 69.7491 71.4384
203100 69.9427 71.4377
203200 69.8028 71.4369
203300 70.1826 71.4363
203400 70.0547 71.4356
203500 69.8813 71.4348
203600 69.7713 71.434
203700 69.8665 71.4333
203800 69.6571 71.4324
203900 69.626 71.4315
204000 69.8159 71.4307
204100 69.9051 71.43
204200 70.1129 71.4293
204300 70.0834 71.4287
204400 70.0982 71.428
204500 69.7342 71.4272
204600 69.3769 71.4262
204700 69.6095 71.4253
204800 69.6984 71.4244
204900 69.7663 71.4236
205000 70.0511 71.423
205100 70.2711 71.4224
205200 69.8388 71.4216
205300 69.9747 71.4209
205400 69.8101 71.4201
205500 69.7338 71.4193
205600 70.2761 71.4188
205700 69.905 71.418
205800 69.7314 71.4172
205900 70.049 71.4165
206000 70.2115 71.416
206100 70.2096 71.4154
206200 70.5328 71.415
206300 70.2126 71.4144
206400 70.3976 71.4139
206500 70.2903 71.4133
206600 69.782 71.4125
206700 70.1209 71.4119
206800 70.2654 71.4114
206900 70.1613 71.4108
207000 69.9168 71.41
207100 70.142 71.4094
207200 70.6835 71.4091
207300 70.8507 71.4088
207400 70.8803 71.4085
207500 70.9208 71.4083
207600 70.4883 71.4079
207700 70.551 71.4075
207800 70.4304 71.407
207900 70.8586 71.4067
208000 70.6082 71.4063
208100 70.6295 71.406
208200 70.5251 71.4055
208300 70.5077 71.4051
208400 70.3009 71.4046
208500 70.3038 71.4041
208600 69.8733 71.4033
208700 70.7332 71.403
208800 70.547 71.4026
208900 70.2115 71.402
209000 70.2986 71.4015
209100 70.2158 71.4009
209200 69.9289 71.4002
209300 69.6742 71.3994
209400 69.9262 71.3987
209500 69.8163 71.3979
209600 70.1182 71.3973
209700 70.3767 71.3968
209800 70.4813 71.3964
209900 70.4838 71.396
210000 70.0564 71.3953
210100 69.828 71.3946
210200 70.0142 71.3939
210300 69.5594 71.3931
210400 69.7616 71.3923
210500 69.8353 71.3915
210600 69.622 71.3907
210700 69.5293 71.3898
210800 69.72 71.389
210900 69.7675 71.3883
211000 69.861 71.3875
211100 69.2197 71.3865
211200 69.4246 71.3856
211300 69.2973 71.3846
211400 69.5055 71.3837
211500 69.3746 71.3828
211600 69.3059 71.3818
211700 69.0959 71.3807
211800 68.8135 71.3795
211900 69.2968 71.3785
212000 69.2202 71.3775
212100 69.5698 71.3766
212200 70.3737 71.3762
212300 70.0656 71.3755
212400 69.993 71.3749
212500 70.1868 71.3743
212600 69.781 71.3736
212700 70.3133 71.3731
212800 70.0245 71.3724
212900 69.8013 71.3717
213000 70.0928 71.3711
213100 70.3431 71.3706
213200 70.3366 71.3701
213300 70.8187 71.3699
213400 70.5108 71.3695
213500 70.2762 71.369
213600 70.2514 71.3684
213700 69.7638 71.3677
213800 70.1988 71.3671
213900 69.9823 71.3665
214000 70.0902 71.3659
214100 69.6071 71.3651
214200 70.0442 71.3645
214300 69.7695 71.3637
214400 69.7018 71.3629
214500 70.0609 71.3623
214600 70.211 71.3618
214700 70.2515 71.3613
214800 69.8359 71.3606
214900 70.2237 71.36
215000 69.9951 71.3594
215100 69.9425 71.3587
215200 69.9517 71.3581
215300 70.8335 71.3579
215400 70.8515 71.3576
215500 70.6659 71.3573
215600 70.1499 71.3567
215700 70.123 71.3562
215800 70.3272 71.3557
215900 70.5631 71.3553
216000 70.507 71.3549
216100 70.1112 71.3543
216200 70.5088 71.354
216300 69.9516 71.3533
216400 70.0515 71.3527
216500 70.4971 71.3523
216600 69.8541 71.3516
216700 70.2624 71.3511
216800 70.443 71.3507
216900 69.9029 71.35
217000 70.4493 71.3496
217100 70.885 71.3494
217200 70.7248 71.3491
217300 70.9928 71.349
217400 70.6859 71.3486
217500 70.6595 71.3483
217600 70.5795 71.348
217700 70.7619 71.3477
217800 71.155 71.3476
217900 70.7573 71.3473
218000 70.7742 71.3471
218100 70.5473 71.3467
218200 70.4156 71.3463
218300 70.5024 71.3459
218400 70.0514 71.3453
218500 70.4646 71.3449
218600 70.4439 71.3445
218700 70.3991 71.3441
218800 70.2949 71.3436
218900 69.6989 71.3428
219000 69.9948 71.3422
219100 70.2861 71.3417
219200 70.0167 71.3411
219300 70.2268 71.3406
219400 70.1106 71.3401
219500 70.2007 71.3395
219600 70.4397 71.3391
219700 70.7262 71.3389
219800 70.3551 71.3384
219900 70.071 71.3378
220000 69.761 71.3371
220100 69.5722 71.3363
220200 69.584 71.3355
220300 69.7213 71.3348
220400 70.1746 71.3343
220500 70.2511 71.3338
220600 70.0704 71.3332
220700 69.9429 71.3326
220800 70.0068 71.332
220900 69.6339 71.3312
221000 69.7114 71.3305
221100 69.275 71.3295
221200 69.483 71.3287
221300 69.5638 71.3279
221400 69.4442 71.327
221500 69.6314 71.3263
221600 70.205 71.3258
221700 70.1983 71.3253
221800 70.2713 71.3248
221900 70.1205 71.3243
222000 69.7202 71.3235
222100 70.2076 71.323
222200 70.396 71.3226
222300 70.302 71.3222
222400 70.2377 71.3217
222500 70.4444 71.3213
222600 70.1752 71.3208
222700 70.361 71.3203
222800 69.9047 71.3197
222900 70.1745 71.3192
223000 69.7226 71.3185
223100 69.7216 71.3177
223200 69.6708 71.317
223300 69.5756 71.3162
223400 69.7658 71.3155
223500 69.9675 71.3149
223600 70.5486 71.3146
223700 70.7631 71.3143
223800 70.4894 71.314
223900 70.3819 71.3136
224000 70.1008 71.313
224100 70.2013 71.3125
224200 70.4559 71.3121
224300 70.3871 71.3117
224400 70.2477 71.3112
224500 70.1564 71.3107
224600 70.1071 71.3102
224700 70.856 71.31
224800 70.728 71.3097
224900 70.6148 71.3094
225000 70.5095 71.3091
225100 70.4839 71.3087
225200 70.2899 71.3083
225300 70.3802 71.3078
225400 70.2564 71.3074
225500 70.4266 71.307
225600 70.5289 71.3066
225700 70.3908 71.3062
225800 70.7205 71.306
225900 70.5223 71.3056
226000 70.6274 71.3053
226100 70.5458 71.305
226200 70.5974 71.3047
226300 70.9293 71.3045
226400 70.5222 71.3042
226500 70.5065 71.3038
226600 70.6008 71.3035
226700 70.3068 71.3031
226800 70.3792 71.3027
226900 70.3689 71.3022
227000 69.7997 71.3016
227100 69.5159 71.3008
227200 69.4596 71.3
227300 69.4329 71.2992
227400 69.7208 71.2985
227500 69.4163 71.2976
227600 69.6897 71.2969
227700 69.8454 71.2963
227800 69.6707 71.2956
227900 69.4399 71.2948
228000 69.841 71.2941
228100 69.9735 71.2936
228200 69.8677 71.2929
228300 69.7279 71.2922
228400 70.0815 71.2917
228500 70.0126 71.2912
228600 70.7377 71.2909
228700 70.3974 71.2905
228800 70.4005 71.2901
228900 70.626 71.2898
229000 70.6531 71.2896
229100 70.2852 71.2891
229200 70.4274 71.2888
229300 70.0378 71.2882
229400 70.1889 71.2877
229500 69.9693 71.2872
229600 70.0113 71.2866
229700 70.1338 71.2861
229800 70.1583 71.2856
229900 69.9116 71.285
230000 70.0384 71.2845
230100 70.1098 71.284
230200 69.9907 71.2834
230300 70.1143 71.2829
230400 69.8939 71.2823
230500 69.7349 71.2816
230600 69.6554 71.2809
230700 69.7436 71.2802
230800 69.6954 71.2796
230900 69.246 71.2787
231000 69.4045 71.2779
231100 69.4162 71.2771
231200 69.9864 71.2765
231300 69.5615 71.2758
231400 70.0472 71.2752
231500 70.2438 71.2748
231600 70.0684 71.2743
231700 70.2813 71.2738
231800 70.0605 71.2733
231900 69.7031 71.2726
232000 69.4785 71.2719
232100 69.9166 71.2713
232200 70.1631 71.2708
232300 70.0934 71.2703
232400 70.053 71.2698
232500 70.3915 71.2694
232600 70.2529 71.2689
232700 70.5234 71.2686
232800 70.4175 71.2683
232900 70.3166 71.2679
233000 69.9954 71.2673
233100 69.7362 71.2666
233200 69.7722 71.266
233300 69.4407 71.2652
233400 69.769 71.2646
233500 70.3627 71.2642
233600 69.8029 71.2636
233700 70.2739 71.2631
233800 70.2405 71.2627
233900 70.0834 71.2622
234000 70.1425 71.2617
234100 69.9171 71.2612
234200 70.2016 71.2607
234300 70.4535 71.2604
234400 70.4148 71.26
234500 70.3284 71.2596
234600 69.8929 71.259
234700 70.1611 71.2586
234800 70.2034 71.2581
234900 70.3078 71.2577
235000 70.0899 71.2572
235100 70.5007 71.2569
235200 70.0334 71.2564
235300 69.4103 71.2556
235400 69.668 71.2549
235500 69.6053 71.2542
235600 69.7315 71.2536
235700 69.9396 71.253
235800 69.7083 71.2523
235900 69.8399 71.2517
236000 69.6304 71.2511
236100 69.8625 71.2505
236200 69.7344 71.2498
236300 69.8563 71.2492
236400 69.7422 71.2486
236500 70.4023 71.2482
236600 69.5992 71.2475
236700 69.3466 71.2467
236800 69.9399 71.2462
236900 70.378 71.2458
237000 70.5573 71.2455
237100 69.9946 71.245
237200 70.1873 71.2446
237300 69.9946 71.244
237400 70.5313 71.2437
237500 70.5265 71.2434
237600 70.3804 71.2431
237700 70.4195 71.2427
237800 70.5003 71.2424
237900 70.5106 71.2421
238000 70.4174 71.2418
238100 69.9926 71.2412
238200 70.2737 71.2408
238300 70.3283 71.2404
238400 69.8923 71.2399
238500 69.7477 71.2392
238600 70.2609 71.2388
238700 69.8907 71.2383
238800 69.6951 71.2376
238900 69.9377 71.2371
239000 69.2284 71.2362
239100 69.9452 71.2357
239200 70.1203 71.2352
239300 69.6057 71.2346
239400 69.6702 71.2339
239500 69.6896 71.2333
239600 69.932 71.2327
239700 70.1167 71.2322
239800 69.954 71.2317
239900 70.1921 71.2313
240000 69.9795 71.2308
240100 69.5302 71.23
240200 69.4545 71.2293
240300 69.5259 71.2286
240400 69.6863 71.228
240500 69.702 71.2273
240600 70.0098 71.2268
240700 69.9951 71.2263
240800 69.665 71.2257
240900 69.9653 71.2251
241000 69.9601 71.2246
241100 70.3803 71.2243
241200 70.0201 71.2238
241300 70.004 71.2233
241400 69.6994 71.2226
241500 69.9772 71.2221
241600 69.8023 71.2215
241700 69.7173 71.2209
241800 69.4699 71.2202
241900 69.8687 71.2196
242000 69.6382 71.219
242100 69.9526 71.2184
242200 69.8598 71.2179
242300 69.9517 71.2174
242400 70.1657 71.2169
242500 70.0068 71.2164
242600 70.3796 71.2161
242700 70.0113 71.2156
242800 69.9466 71.2151
242900 69.8221 71.2145
243000 69.4428 71.2138
243100 69.9492 71.2132
243200 69.8766 71.2127
243300 69.9442 71.2122
243400 69.9842 71.2117
243500 69.6658 71.211
243600 69.7807 71.2104
243700 69.68 71.2098
243800 69.6374 71.2092
243900 69.8529 71.2086
244000 69.7859 71.208
244100 70.0053 71.2075
244200 70.173 71.2071
244300 70.1644 71.2067
244400 70.422 71.2064
244500 70.6961 71.2062
244600 70.1566 71.2057
244700 69.689 71.2051
244800 69.2633 71.2043
244900 69.8033 71.2037
245000 69.9912 71.2032
245100 70.0516 71.2028
245200 70.3358 71.2024
245300 70.3051 71.2021
245400 69.7225 71.2015
245500 69.8962 71.2009
245600 69.9972 71.2004
245700 69.9749 71.1999
245800 70.147 71.1995
245900 70.2874 71.1991
246000 70.5222 71.1989
246100 70.6569 71.1986
246200 70.4744 71.1983
246300 70.138 71.1979
246400 69.9479 71.1974
246500 70.1716 71.197
246600 69.94 71.1965
246700 70.1243 71.196
246800 69.8872 71.1955
246900 70.4432 71.1952
247000 70.2464 71.1948
247100 70.0765 71.1944
247200 70.3706 71.194
247300 69.6556 71.1934
247400 69.2794 71.1926
247500 69.8336 71.1921
247600 69.9833 71.1916
247700 69.9743 71.1911
247800 69.8916 71.1906
247900 69.9772 71.1901
248000 70.334 71.1898
248100 69.8829 71.1892
248200 69.9531 71.1887
248300 70.037 71.1883
248400 69.927 71.1878
248500 70.0641 71.1873
248600 70.1139 71.1869
248700 70.0473 71.1864
248800 69.84 71.1859
248900 70.2734 71.1855
249000 70.0816 71.1851
249100 69.73 71.1845
249200 69.7766 71.1839
249300 69.6567 71.1833
249400 69.8662 71.1828
249500 70.2612 71.1824
249600 69.785 71.1818
249700 69.7159 71.1813
249800 69.7646 71.1807
249900 69.841 71.1802
250000 69.7911 71.1796
250100 69.8665 71.1791
250200 70.3843 71.1788
250300 70.0272 71.1783
250400 69.6964 71.1777
250500 69.7285 71.1771
250600 70.058 71.1767
250700 69.5728 71.176
250800 69.65 71.1754
250900 69.7918 71.1749
251000 69.6583 71.1743
251100 69.7473 71.1737
251200 69.4383 71.173
251300 69.5645 71.1724
251400 69.5225 71.1717
251500 69.529 71.1711
251600 69.7089 71.1705
251700 69.7975 71.1699
251800 70.1446 71.1695
251900 69.8823 71.169
252000 70.577 71.1688
252100 70.2463 71.1684
252200 70.0579 71.168
252300 70.4383 71.1677
252400 70.418 71.1674
252500 70.4281 71.1671
252600 70.1509 71.1667
252700 70.239 71.1663
252800 70.4772 71.1661
252900 70.161 71.1657
253000 70.266 71.1653
253100 70.7806 71.1652
253200 70.1537 71.1648
253300 70.5438 71.1645
253400 70.2808 71.1642
253500 70.03 71.1637
253600 70.1163 71.1633
253700 69.8894 71.1628
253800 70.4887 71.1625
253900 70.2868 71.1622
254000 70.2177 71.1618
254100 69.9011 71.1613
254200 70.082 71.1609
254300 70.602 71.1607
254400 70.1578 71.1603
254500 69.7064 71.1597
254600 69.4338 71.159
254700 69.4441 71.1584
254800 69.647 71.1578
254900 70.2345 71.1574
255000 70.6956 71.1572
255100 70.5749 71.157
255200 70.5217 71.1567
255300 70.1623 71.1564
255400 69.9235 71.1559
255500 69.8222 71.1554
255600 70.0106 71.1549
255700 69.6322 71.1543
255800 70.0773 71.1539
255900 69.8674 71.1534
256000 69.6423 71.1528
256100 69.7595 71.1523
256200 70.4118 71.152
256300 70.0982 71.1516
256400 70.1209 71.1512
256500 69.5975 71.1505
256600 69.6094 71.1499
256700 69.6411 71.1494
256800 70.0099 71.1489
256900 69.7831 71.1484
257000 69.5715 71.1478
257100 69.5594 71.1472
257200 69.4066 71.1465
257300 69.5688 71.1459
257400 69.7437 71.1453
257500 70.1302 71.1449
257600 69.7804 71.1444
257700 70.4044 71.1441
257800 69.8878 71.1436
257900 70.0164 71.1432
258000 69.812 71.1427
258100 69.9181 71.1422
258200 69.7486 71.1416
258300 69.9053 71.1412
258400 70.0842 71.1408
258500 70.3007 71.1404
258600 70.2509 71.1401
258700 70.2571 71.1398
258800 69.9371 71.1393
258900 70.2128 71.1389
259000 70.0437 71.1385
259100 70.5563 71.1383
259200 70.0163 71.1378
259300 70.0195 71.1374
259400 70.2952 71.1371
259500 70.1734 71.1367
259600 69.7506 71.1362
259700 70.218 71.1358
259800 70.2373 71.1355
259900 70.1258 71.1351
260000 70.1001 71.1347
260100 70.1152 71.1343
260200 70.1823 71.1339
260300 69.8052 71.1334
260400 69.7966 71.1329
260500 70.1859 71.1326
260600 70.197 71.1322
260700 69.9588 71.1317
260800 70.071 71.1313
260900 69.6841 71.1308
261000 69.4785 71.1302
261100 69.8162 71.1296
261200 70.2866 71.1293
261300 70.111 71.1289
261400 69.9574 71.1285
261500 70.0288 71.1281
261600 70.2837 71.1277
261700 70.345 71.1274
261800 70.0718 71.127
261900 70.2308 71.1267
262000 70.7182 71.1265
262100 70.3956 71.1263
262200 70.6062 71.1261
262300 70.4365 71.1258
262400 70.045 71.1254
262500 70.3417 71.1251
262600 69.9397 71.1246
262700 69.5672 71.1241
262800 69.7364 71.1235
262900 70.3357 71.1232
263000 70.2322 71.1229
263100 70.0105 71.1225
263200 69.8044 71.122
263300 69.9072 71.1215
263400 70.16 71.1211
263500 70.2913 71.1208
263600 70.2129 71.1205
263700 69.7154 71.1199
263800 70.1558 71.1196
263900 70.0073 71.1192
264000 70.3164 71.1189
264100 70.2184 71.1185
264200 70.064 71.1181
264300 69.4101 71.1175
264400 69.4518 71.1168
264500 69.299 71.1161
264600 69.5051 71.1155
264700 69.7552 71.115
264800 69.7964 71.1145
264900 69.9212 71.1141
265000 70.2271 71.1137
265100 70.3295 71.1134
265200 70.3034 71.1131
265300 70.0906 71.1128
265400 69.8507 71.1123
265500 69.7452 71.1118
265600 69.5783 71.1112
265700 69.5954 71.1106
265800 70.0051 71.1102
265900 69.614 71.1096
266000 69.8499 71.1092
266100 69.694 71.1086
266200 69.6082 71.1081
266300 69.7905 71.1076
266400 69.9577 71.1071
266500 69.974 71.1067
266600 70.3735 71.1064
266700 70.4253 71.1062
266800 70.4402 71.1059
266900 70.4882 71.1057
267000 70.3701 71.1054
267100 70.3797 71.1052
267200 70.5968 71.105
267300 70.3826 71.1047
267400 70.1774 71.1044
267500 69.8373 71.1039
267600 69.5719 71.1033
267700 69.8936 71.1029
267800 70.1144 71.1025
267900 70.2416 71.1022
268000 69.9207 71.1017
268100 70.0359 71.1013
268200 69.8242 71.1008
268300 69.826 71.1004
268400 69.902 71.0999
268500 69.7205 71.0994
268600 69.6311 71.0989
268700 69.8981 71.0984
268800 69.8705 71.098
268900 69.7657 71.0975
269000 70.4115 71.0972
269100 70.303 71.0969
269200 70.5139 71.0967
269300 70.0905 71.0963
269400 70.2138 71.096
269500 70.7088 71.0959
269600 70.3848 71.0956
269700 71.3973 71.0957
269800 70.8477 71.0956
269900 70.6722 71.0955
270000 70.705 71.0953
270100 70.68 71.0952
270200 71.0624 71.0951
270300 70.7919 71.095
270400 70.3989 71.0948
270500 70.6126 71.0946
270600 70.6647 71.0944
270700 70.5189 71.0942
270800 70.2488 71.0939
270900 70.0419 71.0935
271000 70.3316 71.0932
271100 70.5916 71.0931
271200 70.4253 71.0928
271300 70.54 71.0926
271400 70.788 71.0925
271500 71.0192 71.0925
271600 70.5276 71.0923
271700 70.6135 71.0921
271800 70.1236 71.0917
271900 70.1095 71.0914
272000 70.4247 71.0911
272100 70.6754 71.091
272200 70.8648 71.0909
272300 70.36 71.0906
272400 70.438 71.0904
272500 70.6678 71.0902
272600 70.3847 71.09
272700 69.9997 71.0896
272800 69.7857 71.0891
272900 69.4781 71.0885
273000 69.6666 71.088
273100 70.1801 71.0876
273200 69.532 71.0871
273300 69.6776 71.0866
273400 70.2236 71.0862
273500 70.0569 71.0859
273600 70.1311 71.0855
273700 69.9423 71.0851
273800 70.1407 71.0848
273900 69.8677 71.0843
274000 69.6431 71.0838
274100 69.8316 71.0833
274200 69.9774 71.0829
274300 69.7733 71.0824
274400 69.7781 71.082
274500 70.1534 71.0816
274600 70.3701 71.0814
274700 70.0168 71.081
274800 70.3082 71.0807
274900 69.9903 71.0803
275000 70.3593 71.08
275100 70.4666 71.0798
275200 69.9719 71.0794
275300 70.207 71.0791
275400 69.9253 71.0787
275500 69.9017 71.0783
275600 70.0448 71.0779
275700 69.9721 71.0775
275800 70.5528 71.0773
275900 69.997 71.0769
276000 70.0663 71.0765
276100 69.5414 71.076
276200 70.1097 71.0756
276300 69.9962 71.0752
276400 70.1213 71.0749
276500 70.2127 71.0746
276600 70.0975 71.0742
276700 69.7866 71.0738
276800 69.8789 71.0733
276900 70.1206 71.073
277000 69.8892 71.0726
277100 69.8089 71.0721
277200 70.0447 71.0717
277300 69.7882 71.0713
277400 69.8244 71.0708
277500 70.2604 71.0705
277600 69.8466 71.0701
277700 69.8013 71.0696
277800 69.5964 71.0691
277900 69.6109 71.0686
278000 70.106 71.0682
278100 70.3165 71.068
278200 70.3922 71.0677
278300 69.9632 71.0673
278400 69.7638 71.0668
278500 70.117 71.0665
278600 69.7457 71.066
278700 70.0938 71.0657
278800 69.3271 71.0651
278900 69.0935 71.0644
279000 69.7714 71.0639
279100 69.9839 71.0635
279200 69.5879 71.063
279300 70.1979 71.0627
279400 70.0009 71.0623
279500 69.8497 71.0619
279600 69.8393 71.0614
279700 69.7773 71.061
279800 69.4563 71.0604
279900 69.9202 71.06
280000 70.1874 71.0597
280100 70.3037 71.0594
280200 70.569 71.0592
280300 70.2274 71.0589
280400 70.0753 71.0586
280500 70.076 71.0582
280600 70.1532 71.0579
280700 69.9944 71.0575
280800 70.4174 71.0573
280900 70.4217 71.0571
281000 70.5647 71.0569
281100 70.7783 71.0568
281200 70.5172 71.0566
281300 70.8889 71.0565
281400 70.7159 71.0564
281500 70.7565 71.0563
281600 70.6942 71.0562
281700 70.7312 71.0561
281800 70.4959 71.0559
281900 69.9166 71.0555
282000 70.057 71.0551
282100 70.5425 71.0549
282200 70.58 71.0548
282300 70.3056 71.0545
282400 70.2222 71.0542
282500 70.2199 71.0539
282600 70.1765 71.0536
282700 70.2952 71.0533
282800 70.5016 71.0531
282900 70.4111 71.0529
283000 70.3148 71.0526
283100 70.4242 71.0524
283200 70.1517 71.0521
283300 69.7458 71.0516
283400 70.5403 71.0515
283500 70.3166 71.0512
283600 70.3632 71.051
283700 70.4678 71.0508
283800 70.3922 71.0505
283900 70.1821 71.0502
284000 70.1381 71.0499
284100 69.6458 71.0494
284200 70.0104 71.049
284300 70.2615 71.0488
284400 70.2652 71.0485
284500 70.4549 71.0483
284600 70.3071 71.048
284700 69.7501 71.0476
284800 70.251 71.0473
284900 69.945 71.0469
285000 70.0791 71.0466
285100 69.7489 71.0461
285200 69.8364 71.0457
285300 70.1785 71.0454
285400 69.9957 71.045
285500 69.9351 71.0446
285600 69.6674 71.0441
285700 69.6895 71.0437
285800 70.2634 71.0434
285900 70.0054 71.043
286000 69.7566 71.0426
286100 69.5043 71.042
286200 69.5287 71.0415
286300 70.1021 71.0412
286400 70.1264 71.0409
286500 70.0339 71.0405
286600 69.8733 71.0401
286700 70.0469 71.0398
286800 70.1727 71.0394
286900 70.3883 71.0392
287000 70.0857 71.0389
287100 70.1724 71.0386
287200 70.1073 71.0383
287300 69.6988 71.0378
287400 69.939 71.0374
287500 70.245 71.0371
287600 69.8622 71.0367
287700 69.7055 71.0363
287800 70.3182 71.036
287900 69.913 71.0356
288000 70.0097 71.0353
288100 70.3745 71.035
288200 70.3268 71.0348
288300 69.9507 71.0344
288400 70.3509 71.0342
288500 70.5537 71.034
288600 70.5136 71.0338
288700 70.7293 71.0337
288800 70.5367 71.0336
288900 70.6579 71.0334
289000 71.0719 71.0334
289100 70.5546 71.0333
289200 70.6703 71.0332
289300 70.1363 71.0328
289400 69.8905 71.0324
289500 69.6828 71.032
289600 69.6045 71.0315
289700 69.9545 71.0311
289800 70.2467 71.0308
289900 70.2261 71.0306
290000 69.8832 71.0302
290100 70.0425 71.0298
290200 70.3607 71.0296
290300 70.0436 71.0293
290400 70.1464 71.029
290500 69.8775 71.0286
290600 70.3812 71.0283
290700 69.9165 71.028
290800 70.2351 71.0277
290900 69.8135 71.0273
291000 69.937 71.0269
291100 69.2752 71.0263
291200 69.4918 71.0258
291300 69.8109 71.0253
291400 69.6295 71.0249
291500 69.7104 71.0244
291600 70.285 71.0242
291700 70.4278 71.024
291800 70.5391 71.0238
291900 71.0722 71.0238
292000 70.6042 71.0237
292100 69.9619 71.0233
292200 69.9482 71.0229
292300 69.7308 71.0225
292400 69.5726 71.022
292500 69.7624 71.0216
292600 69.604 71.0211
292700 69.4455 71.0205
292800 69.4632 71.02
292900 69.6226 71.0195
293000 69.9552 71.0192
293100 69.9463 71.0188
293200 70.1884 71.0185
293300 70.3783 71.0183
293400 70.1346 71.018
293500 70.9246 71.018
293600 70.9987 71.018
293700 71.3382 71.0181
293800 71.2347 71.0181
293900 70.96 71.0181
294000 70.9231 71.0181
294100 70.3201 71.0179
294200 70.1002 71.0175
294300 70.7531 71.0175
294400 70.9745 71.0174
294500 70.7388 71.0173
294600 70.8363 71.0173
294700 70.9081 71.0172
294800 71.3958 71.0174
294900 70.5267 71.0172
295000 70.3946 71.017
295100 70.2038 71.0167
295200 70.3147 71.0165
295300 70.3176 71.0162
295400 69.8198 71.0158
295500 70.1238 71.0155
295600 70.2013 71.0153
295700 70.3144 71.015
295800 69.8959 71.0146
295900 70.2576 71.0144
296000 70.6256 71.0143
296100 70.8512 71.0142
296200 70.3248 71.014
296300 70.3512 71.0138
296400 70.2924 71.0135
296500 70.2522 71.0133
296600 70.3345 71.013
296700 70.2642 71.0128
296800 70.2576 71.0125
296900 70.2998 71.0123
297000 70.4045 71.0121
297100 70.9857 71.0121
297200 70.9897 71.0121
297300 70.8416 71.012
297400 71.0354 71.012
297500 70.9242 71.012
297600 70.7626 71.0119
297700 70.8896 71.0118
297800 71.1744 71.0119
297900 70.9511 71.0119
298000 71.1302 71.0119
298100 70.5097 71.0118
298200 70.7617 71.0117
298300 70.8561 71.0116
298400 71.2584 71.0117
298500 71.1787 71.0118
298600 71.229 71.0118
298700 70.9996 71.0118
298800 70.8072 71.0118
298900 70.9574 71.0117
299000 70.7029 71.0116
299100 70.4222 71.0114
299200 70.0199 71.0111
299300 70.2029 71.0108
299400 70.0989 71.0105
299500 69.756 71.0101
299600 70.1862 71.0098
299700 70.5218 71.0097
299800 70.4516 71.0095
299900 70.8091 71.0094
300000 70.8346 71.0094
300100 70.6449 71.0092
300200 70.6265 71.0091
300300 70.9281 71.0091
300400 70.6399 71.009
300500 70.5149 71.0088
300600 70.7513 71.0087
300700 70.2992 71.0085
300800 70.5922 71.0083
300900 70.6678 71.0082
301000 70.261 71.008
301100 70.2371 71.0077
301200 70.5046 71.0076
301300 70.8543 71.0075
301400 70.732 71.0074
301500 70.6791 71.0073
301600 70.4311 71.0071
301700 70.4206 71.0069
301800 70.3235 71.0067
301900 70.2529 71.0064
302000 69.9507 71.0061
302100 70.6695 71.006
302200 70.8422 71.0059
302300 70.2032 71.0057
302400 70.2391 71.0054
302500 70.3956 71.0052
302600 70.447 71.005
302700 70.5134 71.0049
302800 70.8237 71.0048
302900 71.0997 71.0048
303000 70.6323 71.0047
303100 71.0993 71.0047
303200 71.2316 71.0048
303300 71.2663 71.0049
303400 70.7989 71.0048
303500 70.4883 71.0047
303600 70.7203 71.0046
303700 70.6763 71.0045
303800 70.4099 71.0043
303900 70.2432 71.004
304000 70.5759 71.0039
304100 70.8793 71.0038
304200 70.8092 71.0038
304300 70.3064 71.0035
304400 70.6878 71.0034
304500 70.7247 71.0033
304600 70.9502 71.0033
304700 71.0692 71.0034
304800 70.8283 71.0033
304900 70.6233 71.0032
305000 70.4823 71.003
305100 70.7032 71.0029
305200 70.5972 71.0028
305300 70.6893 71.0027
305400 70.6012 71.0025
305500 70.7294 71.0024
305600 70.4903 71.0023
305700 70.7238 71.0022
305800 70.4281 71.002
305900 70.3464 71.0018
306000 70.5196 71.0016
306100 70.2321 71.0014
306200 70.2776 71.0011
306300 69.8844 71.0008
306400 69.6492 71.0003
306500 69.9329 71
306600 69.8838 70.9996
306700 70.1832 70.9994
306800 70.0316 70.999
306900 70.2003 70.9988
307000 70.5106 70.9986
307100 70.4979 70.9985
307200 70.3145 70.9982
307300 70.3908 70.998
307400 70.0772 70.9977
307500 69.7726 70.9973
307600 69.8922 70.997
307700 69.9248 70.9966
307800 70.0877 70.9963
307900 70.2436 70.9961
308000 69.756 70.9957
308100 70.0067 70.9954
308200 70.0649 70.9951
308300 69.943 70.9947
308400 69.8338 70.9943
308500 69.6733 70.9939
308600 69.6363 70.9935
308700 69.9208 70.9931
308800 70.21 70.9929
308900 69.9897 70.9926
309000 69.9961 70.9922
309100 69.4162 70.9917
309200 69.6852 70.9913
309300 69.3643 70.9908
309400 69.6155 70.9903
309500 69.2344 70.9898
309600 69.7441 70.9894
309700 69.3303 70.9888
309800 69.3444 70.9883
309900 69.1662 70.9877
310000 69.8251 70.9873
310100 69.5628 70.9869
310200 69.5909 70.9864
310300 69.6523 70.986
310400 69.7035 70.9856
310500 69.5818 70.9851
310600 69.4488 70.9846
310700 70.281 70.9844
310800 69.9657 70.9841
310900 69.5915 70.9836
311000 69.6633 70.9832
311100 69.7116 70.9828
311200 69.7843 70.9824
311300 69.5854 70.982
311400 69.0393 70.9813
311500 69.8141 70.981
311600 69.8185 70.9806
311700 70.1021 70.9803
311800 70.0019 70.98
311900 70.0283 70.9797
312000 69.8505 70.9793
312100 70.2299 70.9791
312200 70.0731 70.9788
312300 69.9542 70.9785
312400 69.6838 70.9781
312500 69.7381 70.9777
312600 69.8707 70.9773
312700 69.7634 70.9769
312800 69.8641 70.9766
312900 70.2552 70.9763
313000 69.723 70.9759
313100 69.5106 70.9755
313200 69.6855 70.975
313300 69.6405 70.9746
313400 69.9229 70.9743
313500 69.9673 70.974
313600 69.8258 70.9736
313700 70.0566 70.9733
313800 70.2194 70.9731
313900 69.9432 70.9727
314000 70.3367 70.9725
314100 69.5473 70.9721
314200 69.843 70.9717
314300 69.6293 70.9713
314400 69.7925 70.9709
314500 70.135 70.9707
314600 69.8134 70.9703
314700 69.7932 70.9699
314800 69.803 70.9695
314900 69.9024 70.9692
315000 69.9504 70.9689
315100 70.0054 70.9686
315200 70.1679 70.9683
315300 69.9706 70.968
315400 69.8067 70.9676
315500 69.7333 70.9672
315600 69.7845 70.9669
315700 69.5933 70.9664
315800 69.707 70.966
315900 69.6431 70.9656
316000 69.7359 70.9652
316100 69.7393 70.9648
316200 69.6175 70.9644
316300 69.6902 70.964
316400 69.1151 70.9634
316500 68.9768 70.9628
316600 69.0389 70.9622
316700 69.3636 70.9617
316800 69.433 70.9612
316900 69.3644 70.9607
317000 69.5877 70.9603
317100 69.6109 70.9598
317200 69.6695 70.9594
317300 69.3704 70.9589
317400 69.1777 70.9584
317500 69.8227 70.958
317600 69.7246 70.9576
317700 69.416 70.9571
317800 69.8461 70.9568
317900 69.7338 70.9564
318000 69.5874 70.956
318100 69.7268 70.9556
318200 69.4868 70.9551
318300 69.8295 70.9548
318400 69.988 70.9545
318500 70.2653 70.9543
318600 70.152 70.954
318700 69.9578 70.9537
318800 70.4759 70.9535
318900 70.0998 70.9533
319000 70.3438 70.9531
319100 70.0032 70.9528
319200 69.9356 70.9525
319300 70.0728 70.9522
319400 70.6849 70.9521
319500 70.3477 70.9519
319600 70.3912 70.9517
319700 70.4565 70.9516
319800 70.3235 70.9514
319900 70.7166 70.9513
320000 70.4556 70.9512
320100 70.0413 70.9509
320200 70.2084 70.9506
320300 70.3522 70.9505
320400 70.5041 70.9503
320500 70.6814 70.9502
320600 70.0786 70.95
320700 69.697 70.9496
320800 69.6238 70.9492
320900 69.8688 70.9488
321000 69.7968 70.9485
321100 69.5991 70.948
321200 69.8074 70.9477
321300 69.8305 70.9473
321400 70.2062 70.9471
321500 69.3349 70.9466
321600 69.6515 70.9462
321700 69.2393 70.9457
321800 70.1672 70.9454
321900 69.8659 70.9451
322000 69.4669 70.9446
322100 69.9944 70.9443
322200 70.3937 70.9442
322300 70.2892 70.944
322400 69.9302 70.9437
322500 69.8077 70.9433
322600 69.9439 70.943
322700 69.7413 70.9426
322800 69.4386 70.9422
322900 69.5433 70.9417
323000 69.9347 70.9414
323100 69.8896 70.9411
323200 70.1715 70.9408
323300 69.7985 70.9405
323400 70.1349 70.9402
323500 69.8529 70.9399
323600 69.6239 70.9395
323700 69.798 70.9391
323800 70.0248 70.9389
323900 70.503 70.9387
324000 70.2783 70.9385
324100 70.7531 70.9385
324200 70.6948 70.9384
324300 70.6509 70.9383
324400 70.3267 70.9381
324500 70.1929 70.9379
324600 70.6493 70.9378
324700 70.5044 70.9377
324800 70.122 70.9374
324900 70.1234 70.9372
325000 69.973 70.9369
325100 70.024 70.9366
325200 70.156 70.9363
325300 70.6226 70.9362
325400 70.3325 70.9361
325500 70.3074 70.9359
325600 70.0191 70.9356
325700 70.0765 70.9353
325800 70.1744 70.9351
325900 70.0215 70.9348
326000 70.0443 70.9345
326100 70.3406 70.9344
326200 69.9468 70.9341
326300 70.0774 70.9338
326400 70.201 70.9336
326500 70.1912 70.9333
326600 69.6987 70.933
326700 69.6391 70.9326
326800 69.8843 70.9322
326900 69.7078 70.9319
327000 69.7174 70.9315
327100 69.9455 70.9312
327200 70.1461 70.931
327300 70.3979 70.9308
327400 70.2029 70.9306
327500 69.7835 70.9302
327600 70.1136 70.93
327700 70.0561 70.9297
327800 70.2907 70.9295
327900 70.0123 70.9292
328000 69.8633 70.9289
328100 70.1421 70.9287
328200 70.2449 70.9285
328300 70.4609 70.9283
328400 70.1962 70.9281
328500 70.3566 70.9279
328600 70.2999 70.9277
328700 70.5919 70.9276
328800 70.4746 70.9275
328900 69.9602 70.9272
329000 69.9853 70.9269
329100 70.0769 70.9266
329200 70.2286 70.9264
329300 69.9175 70.9261
329400 70.2574 70.9259
329500 70.0636 70.9257
329600 69.861 70.9253
329700 70.0291 70.9251
329800 69.8325 70.9247
329900 69.6901 70.9244
330000 69.7031 70.924
330100 70.1898 70.9238
330200 70.2404 70.9236
330300 70.3138 70.9234
330400 70.2194 70.9232
330500 70.1996 70.9229
330600 70.0564 70.9227
330700 70.0105 70.9224
330800 69.9094 70.9221
330900 69.6949 70.9217
331000 70.2415 70.9215
331100 70.1092 70.9213
331200 69.615 70.9209
331300 69.2511 70.9204
331400 69.3845 70.9199
331500 69.8436 70.9196
331600 69.583 70.9192
331700 69.1781 70.9187
331800 69.3456 70.9182
331900 69.5987 70.9178
332000 70.104 70.9176
332100 70.2514 70.9174
332200 70.1033 70.9171
332300 69.7368 70.9168
332400 70.097 70.9165
332500 69.8242 70.9162
332600 70.2307 70.916
332700 70.5089 70.9158
332800 70.118 70.9156
332900 70.2142 70.9154
333000 70.0327 70.9151
333100 70.113 70.9149
333200 70.1978 70.9147
333300 70.2177 70.9145
333400 70.1336 70.9142
333500 70.1233 70.914
333600 69.9846 70.9137
333700 70.0989 70.9135
333800 70.0306 70.9132
333900 69.9933 70.9129
334000 70.609 70.9128
334100 70.5947 70.9127
334200 70.3858 70.9126
334300 70.4832 70.9125
334400 70.8269 70.9124
334500 70.5956 70.9123
334600 70.665 70.9123
334700 70.1381 70.912
334800 70.2322 70.9118
334900 70.0637 70.9116
335000 70.1748 70.9114
335100 69.8377 70.911
335200 69.2843 70.9106
335300 69.8892 70.9102
335400 70.2352 70.91
335500 70.1037 70.9098
335600 69.9861 70.9095
335700 69.9471 70.9092
335800 69.4427 70.9088
335900 69.8542 70.9085
336000 69.9221 70.9082
336100 69.9736 70.9079
336200 70.2446 70.9077
336300 70.2459 70.9075
336400 69.7733 70.9072
336500 70.2661 70.907
336600 69.9845 70.9067
336700 69.8809 70.9064
336800 70.3388 70.9063
336900 70.252 70.9061
337000 70.3325 70.9059
337100 70.315 70.9057
337200 70.1321 70.9055
337300 70.2289 70.9053
337400 69.8781 70.905
337500 70.0125 70.9047
337600 70.4846 70.9046
337700 69.9326 70.9043
337800 69.8247 70.904
337900 70.1096 70.9037
338000 70.1649 70.9035
338100 70.0873 70.9033
338200 70.1646 70.9031
338300 69.8563 70.9028
338400 70.2455 70.9026
338500 70.1424 70.9023
338600 70.0386 70.9021
338700 69.9961 70.9018
338800 70.2244 70.9016
338900 70.543 70.9015
339000 69.4633 70.9011
339100 69.4223 70.9007
339200 69.4482 70.9002
339300 69.0817 70.8997
339400 69.5557 70.8993
339500 70.0836 70.8991
339600 69.8768 70.8988
339700 69.6882 70.8984
339800 69.9156 70.8981
339900 70.1941 70.8979
340000 70.3611 70.8977
340100 70.3185 70.8976
340200 70.0015 70.8973
340300 69.9946 70.897
340400 69.8092 70.8967
340500 69.6714 70.8964
340600 69.7478 70.896
340700 69.6758 70.8957
340800 70.1451 70.8954
340900 69.8446 70.8951
341000 70.3546 70.895
341100 70.4335 70.8948
341200 70.3086 70.8947
341300 70.2643 70.8945
341400 70.2527 70.8943
341500 71.0841 70.8944
341600 70.87 70.8943
341700 70.8178 70.8943
341800 70.2725 70.8941
341900 70.2896 70.894
342000 70.1624 70.8938
342100 70.1525 70.8935
342200 70.241 70.8933
342300 70.5393 70.8932
342400 70.6185 70.8932
342500 70.3783 70.893
342600 69.807 70.8927
342700 69.8929 70.8924
342800 69.6042 70.892
342900 69.6141 70.8917
343000 69.935 70.8914
343100 69.9957 70.8911
343200 69.8984 70.8908
343300 70.4861 70.8907
343400 70.08 70.8905
343500 70.2172 70.8903
343600 70.05 70.89
343700 69.8412 70.8897
343800 69.8701 70.8894
343900 69.9926 70.8892
344000 70.2082 70.889
344100 70.1057 70.8887
344200 70.1869 70.8885
344300 70.4405 70.8884
344400 69.7473 70.8881
344500 69.6975 70.8877
344600 69.5986 70.8874
344700 70.0622 70.8871
344800 70.4845 70.887
344900 70.3032 70.8868
345000 69.9022 70.8865
345100 69.9074 70.8863
345200 69.8706 70.886
345300 69.7568 70.8856
345400 70.0892 70.8854
345500 69.7178 70.8851
345600 69.476 70.8847
345700 69.3638 70.8842
345800 69.886 70.8839
345900 69.2812 70.8835
346000 69.0902 70.883
346100 69.4438 70.8825
346200 69.5232 70.8821
346300 69.4798 70.8817
346400 69.5035 70.8813
346500 69.3941 70.8809
346600 69.9842 70.8807
346700 69.5807 70.8803
346800 69.2649 70.8798
346900 69.3454 70.8794
347000 69.4183 70.879
347100 69.4935 70.8786
347200 69.9163 70.8783
347300 70.0695 70.878
347400 70.1133 70.8778
347500 69.66 70.8775
347600 70.1006 70.8772
347700 69.8034 70.8769
347800 69.6502 70.8766
347900 69.69 70.8762
348000 69.7312 70.8759
348100 69.7698 70.8756
348200 69.6883 70.8753
348300 69.561 70.8749
348400 69.4976 70.8745
348500 69.3529 70.874
348600 69.6305 70.8737
348700 69.6991 70.8734
348800 69.8122 70.8731
348900 70.0453 70.8728
349000 69.5584 70.8724
349100 69.6002 70.8721
349200 69.666 70.8717
349300 69.5725 70.8714
349400 69.8323 70.8711
349500 69.67 70.8707
349600 69.9593 70.8705
349700 69.889 70.8702
349800 70.0804 70.8699
349900 69.7456 70.8696
350000 69.6714 70.8693
350100 69.6434 70.8689
350200 69.7605 70.8686
350300 69.9475 70.8684
350400 70.0435 70.8681
350500 69.8344 70.8678
350600 69.4442 70.8674
350700 69.4907 70.867
350800 69.3714 70.8666
350900 69.5075 70.8662
351000 69.6085 70.8659
351100 69.6106 70.8655
351200 70.0674 70.8653
351300 69.9757 70.865
351400 69.6688 70.8647
351500 69.7924 70.8644
351600 70.4155 70.8642
351700 70.2597 70.8641
351800 69.5422 70.8637
351900 69.725 70.8634
352000 69.8429 70.8631
352100 69.9368 70.8628
352200 70.0048 70.8626
352300 70.5443 70.8625
352400 70.2767 70.8623
352500 69.8779 70.862
352600 69.9459 70.8618
352700 69.8243 70.8615
352800 69.829 70.8612
352900 69.7844 70.8609
353000 70.2742 70.8607
353100 70.0115 70.8605
353200 70.2087 70.8603
353300 70.1159 70.8601
353400 70.218 70.8599
353500 70.0445 70.8597
353600 70.1587 70.8595
353700 69.8175 70.8592
353800 69.7087 70.8589
353900 69.7603 70.8585
354000 70.2781 70.8584
354100 70.2669 70.8582
354200 70.336 70.8581
354300 70.1227 70.8579
354400 69.9896 70.8576
354500 70.4074 70.8575
354600 70.4102 70.8574
354700 70.4587 70.8572
354800 70.2664 70.8571
354900 70.3124 70.8569
355000 70.0018 70.8567
355100 70.0797 70.8565
355200 70.2789 70.8563
355300 70.026 70.8561
355400 69.7584 70.8558
355500 70.3401 70.8556
355600 70.007 70.8554
355700 69.9026 70.8551
355800 70.2112 70.8549
355900 70.0073 70.8547
356000 70.0307 70.8545
356100 69.9571 70.8542
356200 70.7608 70.8542
356300 70.3174 70.854
356400 70.1679 70.8538
356500 69.697 70.8535
356600 69.8108 70.8532
356700 69.6319 70.8529
356800 70.0332 70.8527
356900 70.2403 70.8525
357000 70.2635 70.8523
357100 69.985 70.8521
357200 69.7735 70.8518
357300 69.899 70.8515
357400 69.728 70.8512
357500 70.1499 70.851
357600 69.9879 70.8508
357700 70.0504 70.8505
357800 70.017 70.8503
357900 69.6308 70.85
358000 69.7229 70.8496
358100 69.7543 70.8493
358200 69.6077 70.849
358300 69.4825 70.8486
358400 69.8639 70.8483
358500 69.5237 70.848
358600 69.7855 70.8477
358700 70.0593 70.8474
358800 69.4499 70.8471
358900 69.7045 70.8467
359000 69.8999 70.8465
359100 69.8505 70.8462
359200 69.758 70.8459
359300 69.8446 70.8456
359400 69.4967 70.8452
359500 69.7395 70.8449
359600 69.5209 70.8446
359700 69.8854 70.8443
359800 70.1329 70.8441
359900 70.2905 70.8439
360000 70.3156 70.8438
360100 69.9191 70.8435
360200 70.1804 70.8434
360300 69.3175 70.8429
360400 69.8786 70.8427
360500 69.9675 70.8424
360600 69.8146 70.8421
360700 69.9615 70.8419
360800 69.5839 70.8415
360900 69.6536 70.8412
361000 69.3959 70.8408
361100 69.6906 70.8405
361200 69.3903 70.8401
361300 69.705 70.8398
361400 69.8509 70.8395
361500 69.541 70.8391
361600 69.522 70.8388
361700 69.7688 70.8385
361800 70.0014 70.8383
361900 69.9231 70.838
362000 69.6632 70.8377
362100 69.8203 70.8374
362200 69.3954 70.837
362300 69.9423 70.8368
362400 69.5111 70.8364
362500 69.4646 70.836
362600 69.5575 70.8357
362700 69.1098 70.8352
362800 69.6348 70.8349
362900 69.6779 70.8345
363000 69.3441 70.8341
363100 69.2479 70.8337
363200 69.4166 70.8333
363300 69.9005 70.833
363400 69.5326 70.8327
363500 69.7251 70.8324
363600 70.1248 70.8322
363700 70.1517 70.832
363800 70.0869 70.8318
363900 70.5315 70.8317
364000 70.58 70.8316
364100 69.8725 70.8314
364200 69.4499 70.831
364300 69.5867 70.8307
364400 69.6319 70.8303
364500 69.5185 70.83
364600 69.8751 70.8297
364700 69.519 70.8293
364800 69.4541 70.829
364900 69.4867 70.8286
365000 70.1411 70.8284
365100 69.6796 70.8281
365200 69.6123 70.8278
365300 70.0906 70.8276
365400 70.256 70.8274
365500 70.2825 70.8273
365600 70.1419 70.8271
365700 69.926 70.8268
365800 70.255 70.8267
365900 69.8128 70.8264
366000 70.11 70.8262
366100 70.1277 70.826
366200 69.9013 70.8257
366300 69.7709 70.8255
366400 70.2333 70.8253
366500 69.9265 70.8251
366600 69.6738 70.8247
366700 69.9556 70.8245
366800 69.8243 70.8242
366900 69.8521 70.824
367000 70.2102 70.8238
367100 70.3059 70.8237
367200 69.9878 70.8234
367300 70.0027 70.8232
367400 69.7917 70.8229
367500 70.0595 70.8227
367600 69.6291 70.8224
367700 69.7213 70.8221
367800 69.3148 70.8217
367900 69.3833 70.8213
368000 69.3467 70.8209
368100 69.8742 70.8206
368200 69.4886 70.8203
368300 69.5025 70.8199
368400 69.2214 70.8195
368500 69.8173 70.8192
368600 69.694 70.8189
368700 69.9585 70.8187
368800 69.319 70.8183
368900 69.6277 70.8179
369000 70.024 70.8177
369100 69.6813 70.8174
369200 69.7911 70.8171
369300 70.1259 70.817
369400 69.9637 70.8167
369500 70.06 70.8165
369600 69.8343 70.8163
369700 70.4297 70.8161
369800 70.1772 70.816
369900 69.9816 70.8157
370000 69.9563 70.8155
370100 69.695 70.8152
370200 69.207 70.8148
370300 69.5874 70.8144
370400 70.0782 70.8142
370500 69.7711 70.814
370600 69.4619 70.8136
370700 69.928 70.8134
370800 70.3541 70.8132
370900 70.0617 70.813
371000 69.906 70.8128
371100 69.9367 70.8126
371200 69.7745 70.8123
371300 69.7364 70.812
371400 70.2783 70.8118
371500 70.3029 70.8117
371600 70.0245 70.8115
371700 70.1572 70.8113
371800 69.9581 70.8111
371900 69.9521 70.8109
372000 70.1718 70.8107
372100 70.1805 70.8105
372200 70.4 70.8104
372300 70.2869 70.8103
372400 70.4553 70.8102
372500 70.3376 70.81
372600 69.7887 70.8098
372700 69.3756 70.8094
372800 69.5334 70.809
372900 69.5013 70.8087
373000 70.0793 70.8085
373100 69.7988 70.8082
373200 70.2008 70.8081
373300 69.5347 70.8077
373400 69.7527 70.8074
373500 69.6012 70.8071
373600 69.8046 70.8068
373700 69.8543 70.8066
373800 69.695 70.8063
373900 70.0691 70.8061
374000 70.5585 70.806
374100 69.871 70.8058
374200 69.674 70.8055
374300 70.0853 70.8053
374400 69.8799 70.805
374500 69.5013 70.8047
374600 70.1612 70.8045
374700 69.9956 70.8043
374800 70.1276 70.8041
374900 70.2961 70.804
375000 70.2449 70.8038
375100 70.0727 70.8036
375200 69.9825 70.8034
375300 69.9154 70.8032
375400 69.4834 70.8028
375500 70.0489 70.8026
375600 69.9434 70.8024
375700 69.6967 70.8021
375800 69.3813 70.8017
375900 69.2436 70.8013
376000 68.8361 70.8008
376100 69.2549 70.8004
376200 69.4939 70.8
376300 69.7247 70.7998
376400 69.8474 70.7995
376500 69.5824 70.7992
376600 69.7068 70.7989
376700 69.7506 70.7986
376800 69.7926 70.7983
376900 69.4519 70.798
377000 69.548 70.7977
377100 69.439 70.7973
377200 69.3747 70.7969
377300 69.6285 70.7966
377400 69.2287 70.7962
377500 69.8084 70.7959
377600 69.9875 70.7957
377700 69.8228 70.7955
377800 70.2021 70.7953
377900 69.4772 70.795
378000 69.6257 70.7946
378100 69.5331 70.7943
378200 69.8391 70.7941
378300 69.5432 70.7937
378400 69.5256 70.7934
378500 70.1315 70.7932
378600 69.6425 70.7929
378700 70.0637 70.7927
378800 70.0441 70.7925
378900 70.2434 70.7924
379000 70.0097 70.7922
379100 70.0449 70.792
379200 70.0344 70.7918
379300 70.0016 70.7916
379400 70.2019 70.7914
379500 69.7123 70.7911
379600 69.7086 70.7908
379700 70.0928 70.7907
379800 69.9715 70.7904
379900 69.8235 70.7902
380000 69.9526 70.79
380100 69.8809 70.7897
380200 69.9307 70.7895
380300 69.7956 70.7892
380400 69.9802 70.789
380500 69.8822 70.7888
380600 69.8422 70.7885
380700 69.6414 70.7882
380800 69.4302 70.7879
380900 69.9818 70.7877
381000 69.6868 70.7874
381100 69.4759 70.787
381200 69.7479 70.7868
381300 70.2091 70.7866
381400 69.7341 70.7863
381500 69.5903 70.786
381600 69.3057 70.7856
381700 69.2162 70.7852
381800 69.4104 70.7849
381900 69.6869 70.7846
382000 69.5983 70.7843
382100 69.9563 70.784
382200 69.5694 70.7837
382300 69.489 70.7834
382400 69.6282 70.7831
382500 69.4676 70.7827
382600 70.0199 70.7825
382700 69.9287 70.7823
382800 69.9119 70.7821
382900 69.6991 70.7818
383000 69.8237 70.7816
383100 69.797 70.7813
383200 69.7387 70.781
383300 69.9926 70.7808
383400 69.8627 70.7806
383500 69.7323 70.7803
383600 69.4111 70.78
383700 68.9341 70.7795
383800 69.349 70.7791
383900 69.2126 70.7787
384000 69.7963 70.7784
384100 68.9559 70.778
384200 69.0336 70.7775
384300 69.4819 70.7772
384400 69.2158 70.7768
384500 69.8269 70.7765
384600 69.7697 70.7763
384700 69.7747 70.776
384800 69.6762 70.7757
384900 69.8741 70.7755
385000 69.8816 70.7752
385100 69.9726 70.775
385200 70.1639 70.7749
385300 70.1987 70.7747
385400 70.0902 70.7746
385500 69.9948 70.7744
385600 69.9476 70.7741
385700 69.6721 70.7739
385800 69.8828 70.7736
385900 69.8365 70.7734
386000 69.7101 70.7731
386100 69.4367 70.7728
386200 69.7667 70.7725
386300 69.604 70.7722
386400 70.2812 70.7721
386500 69.4552 70.7717
386600 69.6364 70.7714
386700 69.6402 70.7711
386800 69.4327 70.7708
386900 69.4392 70.7704
387000 69.9383 70.7702
387100 69.7112 70.77
387200 69.9411 70.7697
387300 70.5561 70.7697
387400 70.2834 70.7696
387500 69.9391 70.7694
387600 70.211 70.7692
387700 69.7024 70.7689
387800 69.6143 70.7686
387900 69.9016 70.7684
388000 70.2438 70.7683
388100 70.036 70.7681
388200 70.2282 70.7679
388300 70.2244 70.7678
388400 70.0239 70.7676
388500 69.787 70.7674
388600 70.0909 70.7672
388700 69.8382 70.7669
388800 70.4402 70.7669
388900 70.4386 70.7668
389000 70.2539 70.7666
389100 70.0459 70.7665
389200 70.275 70.7663
389300 70.0077 70.7661
389400 70.2345 70.766
389500 70.3265 70.7659
389600 70.2166 70.7658
389700 69.938 70.7655
389800 69.6035 70.7652
389900 69.3913 70.7649
390000 69.9021 70.7647
390100 69.9221 70.7645
390200 69.6979 70.7642
390300 69.573 70.7639
390400 69.873 70.7636
390500 70.1028 70.7635
390600 70.0622 70.7633
390700 70.0091 70.7631
390800 70.0456 70.7629
390900 69.6259 70.7626
391000 69.3745 70.7623
391100 69.3041 70.7619
391200 69.2864 70.7615
391300 69.0988 70.7611
391400 69.2311 70.7607
391500 69.3872 70.7604
391600 69.4558 70.76
391700 69.5053 70.7597
391800 69.5606 70.7594
391900 69.555 70.7591
392000 70.0109 70.7589
392100 69.7027 70.7586
392200 70.0469 70.7584
392300 69.8809 70.7582
392400 69.6083 70.7579
392500 70.1138 70.7578
392600 70.0647 70.7576
392700 69.5739 70.7573
392800 69.3295 70.7569
392900 69.1911 70.7565
393000 69.1759 70.7561
393100 68.9911 70.7557
393200 69.108 70.7553
393300 69.6114 70.755
393400 69.9364 70.7548
393500 69.7446 70.7545
393600 69.9623 70.7543
393700 69.6648 70.754
393800 69.418 70.7537
393900 69.7861 70.7534
394000 69.2241 70.7531
394100 69.3766 70.7527
394200 69.6833 70.7524
394300 69.754 70.7522
394400 69.8819 70.752
394500 69.6809 70.7517
394600 69.5341 70.7514
394700 69.5396 70.7511
394800 69.3337 70.7507
394900 69.2126 70.7503
395000 69.6904 70.7501
395100 69.8458 70.7498
395200 69.3435 70.7495
395300 69.5613 70.7492
395400 69.9943 70.749
395500 70.0364 70.7488
395600 69.3582 70.7484
395700 69.3346 70.7481
395800 69.5462 70.7478
395900 69.7453 70.7475
396000 69.7612 70.7473
396100 70.0859 70.7471
396200 70.1191 70.747
396300 70.1876 70.7468
396400 70.227 70.7467
396500 70.3455 70.7466
396600 70.4578 70.7465
396700 70.0011 70.7463
396800 69.7055 70.7461
396900 70.0234 70.7459
397000 69.8096 70.7456
397100 69.589 70.7454
397200 70.1007 70.7452
397300 69.774 70.7449
397400 70.2261 70.7448
397500 70.021 70.7446
397600 69.8323 70.7444
397700 70.0753 70.7442
397800 70.443 70.7442
397900 70.5734 70.7441
398000 70.6306 70.7441
398100 69.8554 70.7439
398200 69.899 70.7437
398300 69.7952 70.7434
398400 69.8432 70.7432
398500 69.9341 70.743
398600 69.6552 70.7427
398700 70.01 70.7425
398800 69.5618 70.7422
398900 69.9191 70.742
399000 69.8215 70.7418
399100 70.0386 70.7416
399200 70.0099 70.7414
399300 70.0725 70.7413
399400 69.9101 70.7411
399500 70.225 70.7409
399600 70.79 70.7409
399700 70.4219 70.7409
399800 69.8121 70.7406
399900 69.6814 70.7404
400000 69.1809 70.74
