100 75.3058 75.3058
200 74.4841 74.895
300 74.2211 74.6703
400 74.6986 74.6774
500 74.4703 74.636
600 73.9001 74.5133
700 74.8 74.5543
800 74.4577 74.5422
900 74.0248 74.4847
1000 73.3929 74.3755
1100 73.8684 74.3294
1200 73.3587 74.2485
1300 73.4044 74.1836
1400 72.8773 74.0903
1500 72.3816 73.9764
1600 72.8738 73.9075
1700 72.9325 73.8501
1800 72.6995 73.7862
1900 72.5052 73.7188
2000 73.2277 73.6942
2100 73.048 73.6635
2200 72.8798 73.6278
2300 72.2277 73.567
2400 73.1589 73.55
2500 73.6673 73.5547
2600 73.2336 73.5423
2700 72.6875 73.5106
2800 72.3152 73.468
2900 73.3076 73.4624
3000 73.5137 73.4641
3100 73.2326 73.4567
3200 73.6646 73.4632
3300 73.4975 73.4642
3400 73.0288 73.4514
3500 73.5375 73.4539
3600 74.2871 73.477
3700 73.2448 73.4707
3800 73.765 73.4785
3900 73.081 73.4683
4000 73.6384 73.4725
4100 72.8376 73.457
4200 72.3655 73.4311
4300 72.763 73.4155
4400 72.8443 73.4025
4500 72.7923 73.389
4600 72.0772 73.3605
4700 71.9156 73.3297
4800 72.7357 73.3173
4900 73.3768 73.3186
5000 73.5915 73.324
5100 73.3171 73.3239
5200 74.3802 73.3442
5300 74.2993 73.3622
5400 74.47 73.3827
5500 74.6295 73.4054
5600 75.095 73.4356
5700 74.7122 73.458
5800 75.0098 73.4847
5900 74.7916 73.5069
6000 74.7256 73.5272
6100 74.3791 73.5411
6200 74.1278 73.5506
6300 74.2963 73.5624
6400 74.1649 73.5719
6500 74.2655 73.5825
6600 74.4514 73.5957
6700 74.4913 73.6091
6800 75.7334 73.6403
6900 75.371 73.6654
7000 75.3568 73.6895
7100 74.9889 73.7078
7200 75.2615 73.7294
7300 76.0152 73.7607
7400 76.187 73.7935
7500 77.0965 73.8376
7600 75.341 73.8573
7700 74.797 73.8696
7800 74.8554 73.8822
7900 75.2423 73.8994
8000 74.7811 73.9104
8100 75.2056 73.9264
8200 74.9701 73.9391
8300 75.1237 73.9534
8400 74.9836 73.9657
8500 74.1536 73.9679
8600 74.8366 73.978
8700 75.4471 73.9949
8800 76.3948 74.0222
8900 75.7787 74.0419
9000 75.5965 74.0592
9100 75.5152 74.0752
9200 76.3259 74.0996
9300 75.1917 74.1114
9400 75.5215 74.1264
9500 75.4552 74.1404
9600 76.1793 74.1616
9700 76.1317 74.1819
9800 76.151 74.202
9900 75.927 74.2194
10000 75.7891 74.2351
10100 76.6689 74.2592
10200 76.83 74.2844
10300 76.8954 74.3098
10400 76.7568 74.3333
10500 76.8725 74.3575
10600 76.9514 74.382
10700 77.0975 74.4073
10800 77.6937 74.4378
10900 77.8835 74.4694
11000 78.0333 74.5018
11100 77.8401 74.5319
11200 78.0519 74.5633
11300 78.3695 74.597
11400 78.1333 74.628
11500 77.0497 74.649
11600 76.1507 74.662
11700 76.3532 74.6764
11800 76.5696 74.6925
11900 76.8692 74.7108
12000 77.2001 74.7315
12100 77.1752 74.7517
12200 76.9114 74.7694
12300 76.6909 74.785
12400 76.1703 74.7962
12500 77.1453 74.815
12600 77.0723 74.8329
12700 77.7016 74.8555
12800 77.786 74.8784
12900 77.8214 74.9012
13000 78.164 74.9263
13100 78.5766 74.9542
13200 77.437 74.973
13300 78.2157 74.9974
13400 79.0388 75.0275
13500 78.7757 75.0553
13600 77.4979 75.0733
13700 77.9854 75.0945
13800 77.5319 75.1122
13900 77.3929 75.1286
14000 77.6893 75.1469
14100 77.2813 75.162
14200 77.7315 75.1801
14300 77.9448 75.1994
14400 78.028 75.2191
14500 78.0541 75.2386
14600 79.1178 75.2652
14700 78.1518 75.2848
14800 78.4134 75.306
14900 79.43 75.3337
15000 78.9596 75.3578
15100 78.9128 75.3814
15200 78.7226 75.4034
15300 78.742 75.4252
15400 78.8985 75.4477
15500 78.525 75.4676
15600 78.3157 75.4858
15700 78.5337 75.5053
15800 78.5607 75.5246
15900 78.162 75.5412
16000 77.3918 75.5527
16100 77.5083 75.5649
16200 78.176 75.581
16300 77.2835 75.5915
16400 77.4473 75.6028
16500 77.0555 75.6116
16600 77.3809 75.6222
16700 77.4391 75.6331
16800 76.8628 75.6404
16900 77.3469 75.6505
17000 77.4088 75.6609
17100 78.1212 75.6753
17200 77.9814 75.6887
17300 77.6982 75.7003
17400 77.5264 75.7108
17500 77.4569 75.7208
17600 77.8446 75.7328
17700 77.5331 75.743
17800 77.1877 75.7511
17900 77.3598 75.7601
18000 78.5115 75.7754
18100 77.6492 75.7857
18200 77.8972 75.7973
18300 77.372 75.8059
18400 77.1483 75.8132
18500 77.0492 75.8199
18600 77.0388 75.8265
18700 76.6422 75.8308
18800 76.7363 75.8357
18900 76.5633 75.8395
19000 75.9499 75.8401
19100 75.9585 75.8407
19200 75.8521 75.8408
19300 75.5794 75.8394
19400 76.4411 75.8425
19500 76.0851 75.8438
19600 76.3791 75.8465
19700 76.8792 75.8517
19800 76.647 75.8557
19900 77.0209 75.8616
20000 77.2474 75.8685
20100 77.1792 75.875
20200 77.6188 75.8837
20300 77.6496 75.8924
20400 77.2939 75.8992
20500 77.6657 75.9079
20600 77.5453 75.9158
20700 76.7057 75.9196
20800 76.7079 75.9234
20900 77.2302 75.9297
21000 76.8657 75.9341
21100 76.7357 75.9379
21200 76.9993 75.9429
21300 77.085 75.9483
21400 76.7254 75.9519
21500 76.6077 75.955
21600 75.6931 75.9538
21700 76.0422 75.9542
21800 76.5592 75.9569
21900 76.0018 75.9572
22000 76.423 75.9593
22100 76.2204 75.9605
22200 76.0457 75.9608
22300 76.3951 75.9628
22400 75.7554 75.9619
22500 76.5743 75.9646
22600 76.6026 75.9674
22700 76.2011 75.9684
22800 76.4731 75.9706
22900 76.5571 75.9732
23000 76.1325 75.9739
23100 76.166 75.9747
23200 76.1195 75.9754
23300 76.2186 75.9764
23400 76.0363 75.9767
23500 75.9925 75.9767
23600 76.1482 75.9774
23700 76.6499 75.9803
23800 76.843 75.9839
23900 76.4927 75.986
24000 76.3511 75.9876
24100 76.5891 75.9901
24200 77.2475 75.9953
24300 77.0953 75.9998
24400 77.636 76.0065
24500 76.9601 76.0104
24600 77.5459 76.0166
24700 77.1552 76.0212
24800 76.8863 76.0247
24900 76.6576 76.0273
25000 76.9896 76.0311
25100 76.8279 76.0343
25200 76.5724 76.0364
25300 75.9724 76.0362
25400 75.768 76.0351
25500 75.9233 76.0347
25600 75.9079 76.0342
25700 76.491 76.036
25800 76.2559 76.0368
25900 76.474 76.0385
26000 76.2131 76.0392
26100 76.7134 76.0417
26200 76.0293 76.0417
26300 76.1295 76.042
26400 76.146 76.0424
26500 75.3801 76.0399
26600 75.6483 76.0385
26700 75.3442 76.0359
26800 76.1188 76.0362
26900 75.578 76.0345
27000 75.928 76.0341
27100 75.5429 76.0323
27200 75.4756 76.0302
27300 76.1025 76.0305
27400 75.9424 76.0302
27500 75.7154 76.029
27600 75.6358 76.0276
27700 75.0344 76.024
27800 74.6084 76.0189
27900 74.5281 76.0136
28000 74.5036 76.0082
28100 74.6522 76.0033
28200 75.2964 76.0008
28300 74.9644 75.9972
28400 74.7163 75.9927
28500 74.552 75.9876
28600 74.8817 75.9837
28700 74.6375 75.9791
28800 74.6917 75.9746
28900 74.7883 75.9705
29000 74.4975 75.9654
29100 74.6126 75.9607
29200 74.8361 75.9569
29300 75.1105 75.954
29400 75.3758 75.952
29500 75.1279 75.9492
29600 75.4836 75.9477
29700 75.0631 75.9447
29800 74.5112 75.9399
29900 74.1911 75.934
30000 74.5456 75.9294
30100 74.0187 75.9231
30200 74.2444 75.9175
30300 74.1864 75.9118
30400 74.4571 75.907
30500 74.0589 75.9009
30600 74.2047 75.8954
30700 74.0706 75.8895
30800 74.0133 75.8834
30900 74.5146 75.8789
31000 75.0766 75.8763
31100 75.0761 75.8738
31200 75.2509 75.8718
31300 75.2286 75.8697
31400 74.846 75.8665
31500 74.7728 75.863
31600 74.1 75.8574
31700 74.0277 75.8516
31800 73.9695 75.8457
31900 74.0489 75.8401
32000 73.8488 75.8339
32100 73.5961 75.8269
32200 73.5165 75.8197
32300 73.203 75.8116
32400 73.6686 75.805
32500 74.0286 75.7995
32600 73.599 75.7928
32700 73.9075 75.787
32800 73.7431 75.7808
32900 74.2069 75.776
33000 73.6972 75.7697
33100 73.448 75.7627
33200 73.4259 75.7557
33300 74.2213 75.751
33400 73.3225 75.7438
33500 73.2461 75.7363
33600 73.3732 75.7293
33700 73.1441 75.7216
33800 73.2843 75.7144
33900 73.9515 75.7092
34000 74.3792 75.7053
34100 74.5725 75.702
34200 73.9928 75.697
34300 73.5482 75.6907
34400 74.4882 75.6872
34500 74.2651 75.6831
34600 74.1103 75.6785
34700 74.4636 75.675
34800 73.9934 75.6702
34900 73.6883 75.6645
35000 73.4784 75.6583
35100 73.4305 75.6519
35200 73.2294 75.6451
35300 73.4608 75.6389
35400 73.6451 75.6332
35500 74.4481 75.6299
35600 74.714 75.6273
35700 74.4051 75.6239
35800 74.4477 75.6206
35900 74.5813 75.6177
36000 74.4017 75.6143
36100 74.3974 75.611
36200 74.26 75.6072
36300 74.1322 75.6032
36400 74.1495 75.5992
36500 73.3784 75.5931
36600 73.3118 75.5869
36700 73.6213 75.5815
36800 74.2632 75.5779
36900 74.3819 75.5747
37000 74.2466 75.5711
37100 73.7832 75.5663
37200 73.8853 75.5618
37300 74.0385 75.5577
37400 73.6055 75.5525
37500 73.4898 75.547
37600 73.272 75.5409
37700 73.7522 75.5362
37800 73.3547 75.5304
37900 73.8346 75.5259
38000 73.9518 75.5218
38100 74.2782 75.5185
38200 74.1904 75.515
38300 74.3246 75.5119
38400 74.5166 75.5093
38500 74.3365 75.5063
38600 73.717 75.5017
38700 73.7171 75.497
38800 73.7177 75.4925
38900 73.7945 75.4881
39000 73.6085 75.4833
39100 73.8196 75.479
39200 74.2229 75.4758
39300 73.9945 75.472
39400 73.761 75.4677
39500 73.8215 75.4635
39600 74.2321 75.4604
39700 74.1284 75.4571
39800 74.2856 75.4541
39900 73.7867 75.4499
40000 73.694 75.4456
40100 73.9784 75.4419
40200 73.8046 75.4378
40300 73.8118 75.4338
40400 73.9486 75.4301
40500 73.1506 75.4245
40600 73.7581 75.4204
40700 73.7611 75.4163
40800 73.6349 75.4119
40900 73.4315 75.4071
41000 73.3685 75.4021
41100 73.146 75.3966
41200 73.1711 75.3912
41300 73.8289 75.3874
41400 74.0029 75.3841
41500 73.5503 75.3797
41600 73.6731 75.3756
41700 73.0714 75.3701
41800 72.8578 75.364
41900 73.3699 75.3593
42000 73.4082 75.3546
42100 73.7921 75.3509
42200 74.6918 75.3494
42300 74.3867 75.3471
42400 73.9547 75.3438
42500 73.4762 75.3394
42600 72.9205 75.3337
42700 73.7906 75.3301
42800 73.6772 75.3263
42900 73.9682 75.3231
43000 73.3045 75.3184
43100 73.2347 75.3136
43200 73.5773 75.3095
43300 73.2398 75.3048
43400 73.3249 75.3002
43500 72.9246 75.2947
43600 73.3493 75.2903
43700 73.3586 75.2859
43800 72.8656 75.2803
43900 73.5941 75.2765
44000 73.2573 75.2719
44100 73.2006 75.2672
44200 73.1082 75.2623
44300 73.9426 75.2593
44400 73.5878 75.2556
44500 74.0553 75.2529
44600 73.9035 75.2499
44700 73.3307 75.2456
44800 74.0436 75.2429
44900 73.4745 75.2389
45000 73.4403 75.2349
45100 73.3568 75.2308
45200 73.5331 75.227
45300 73.9925 75.2243
45400 74.5487 75.2228
45500 74.7015 75.2217
45600 74.4028 75.2199
45700 74.7423 75.2188
45800 74.6646 75.2176
45900 74.9258 75.217
46000 74.0049 75.2143
46100 74.1695 75.2121
46200 73.5923 75.2086
46300 73.011 75.2038
46400 73.4787 75.2001
46500 73.878 75.1973
46600 73.1964 75.193
46700 73.0923 75.1885
46800 73.317 75.1845
46900 73.021 75.1799
47000 72.8698 75.1749
47100 73.0681 75.1705
47200 72.713 75.1653
47300 73.0347 75.1608
47400 73.1889 75.1566
47500 73.0746 75.1522
47600 73.0974 75.1479
47700 73.1327 75.1437
47800 73.0141 75.1392
47900 72.8594 75.1345
48000 72.5896 75.1292
48100 72.1553 75.123
48200 72.1811 75.1169
48300 72.4723 75.1114
48400 72.6371 75.1063
48500 72.427 75.1008
48600 72.0963 75.0946
48700 72.358 75.089
48800 71.8308 75.0823
48900 72.0881 75.0762
49000 71.9795 75.0698
49100 72.3347 75.0643
49200 72.3874 75.0588
49300 72.6907 75.054
49400 72.2516 75.0484
49500 72.9195 75.0441
49600 72.5281 75.039
49700 72.7591 75.0344
49800 72.5992 75.0295
49900 72.2017 75.0238
50000 72.653 75.0191
50100 72.04 75.0131
50200 72.7676 75.0087
50300 72.5824 75.0039
50400 72.1049 74.9981
50500 72.6159 74.9934
50600 72.2529 74.988
50700 72.2647 74.9826
50800 72.3314 74.9774
50900 71.8713 74.9713
51000 71.7166 74.9649
51100 71.6356 74.9584
51200 71.7575 74.9521
51300 72.2831 74.9469
51400 72.1189 74.9414
51500 71.5531 74.9348
51600 71.5491 74.9283
51700 71.8936 74.9224
51800 71.8953 74.9166
51900 72.3716 74.9117
52000 72.3503 74.9067
52100 72.0061 74.9012
52200 72.4739 74.8965
52300 72.2576 74.8915
52400 71.7897 74.8856
52500 71.8764 74.8798
52600 71.0257 74.8725
52700 71.3591 74.8658
52800 71.6199 74.8597
52900 71.8359 74.854
53000 71.6052 74.8478
53100 71.5092 74.8415
53200 71.951 74.8361
53300 71.7935 74.8304
53400 71.2146 74.8236
53500 71.4045 74.8172
53600 71.6122 74.8113
53700 71.7588 74.8056
53800 72.2817 74.8009
53900 71.5094 74.7948
54000 71.9508 74.7895
54100 72.2036 74.7847
54200 71.8849 74.7794
54300 71.6233 74.7736
54400 71.7477 74.768
54500 71.7548 74.7625
54600 71.8679 74.7572
54700 72.5025 74.7531
54800 71.9067 74.7479
54900 71.7749 74.7424
55000 71.5214 74.7366
55100 71.2782 74.7303
55200 71.4558 74.7244
55300 72.0619 74.7196
55400 71.619 74.714
55500 71.8397 74.7088
55600 71.3666 74.7028
55700 71.6956 74.6974
55800 71.5709 74.6918
55900 71.5594 74.6862
56000 71.6306 74.6807
56100 71.8394 74.6757
56200 71.9622 74.6708
56300 72.4809 74.6669
56400 72.1718 74.6625
56500 72.0797 74.6579
56600 72.1234 74.6535
56700 72.2995 74.6493
56800 71.7568 74.6442
56900 71.6526 74.639
57000 72.0982 74.6345
57100 72.3433 74.6305
57200 71.9813 74.6259
57300 71.5936 74.6206
57400 71.4967 74.6151
57500 71.7033 74.6101
57600 71.9076 74.6054
57700 71.427 74.5999
57800 71.9981 74.5954
57900 71.3448 74.5897
58000 70.9797 74.5835
58100 70.959 74.5773
58200 70.9261 74.571
58300 70.8603 74.5646
58400 71.1947 74.5589
58500 71.1488 74.553
58600 71.5328 74.5479
58700 71.5594 74.5428
58800 71.1942 74.5371
58900 71.0213 74.5311
59000 70.8423 74.5249
59100 71.0898 74.5191
59200 71.5035 74.514
59300 71.0749 74.5082
59400 70.819 74.502
59500 70.6693 74.4955
59600 69.9986 74.488
59700 70.4138 74.4812
59800 70.2561 74.4741
59900 70.5345 74.4675
60000 70.3616 74.4607
60100 70.8897 74.4547
60200 70.7705 74.4486
60300 70.2292 74.4416
60400 70.0724 74.4344
60500 70.1175 74.4272
60600 70.9369 74.4215
60700 70.4459 74.4149
60800 70.3742 74.4083
60900 70.0093 74.4011
61000 69.8249 74.3936
61100 70.1365 74.3866
61200 70.1237 74.3796
61300 70.2817 74.3729
61400 70.9265 74.3673
61500 71.0158 74.3619
61600 71.0847 74.3566
61700 70.364 74.3501
61800 70.6426 74.3441
61900 70.5325 74.3379
62000 70.2562 74.3314
62100 69.9732 74.3243
62200 70.588 74.3183
62300 70.447 74.3121
62400 70.4469 74.3059
62500 70.3333 74.2996
62600 70.1325 74.2929
62700 70.3059 74.2865
62800 70.1713 74.28
62900 70.6243 74.2742
63000 70.3027 74.2679
63100 69.8221 74.2608
63200 70.2366 74.2545
63300 70.2915 74.2482
63400 70.4046 74.2421
63500 70.278 74.2359
63600 69.9836 74.2292
63700 69.6594 74.222
63800 69.9015 74.2153
63900 70.0149 74.2087
64000 69.8646 74.2019
64100 70.0661 74.1955
64200 69.7567 74.1885
64300 70.1931 74.1823
64400 70.2347 74.1762
64500 70.205 74.17
64600 70.5491 74.1644
64700 71.0712 74.1597
64800 70.3494 74.1538
64900 70.2407 74.1477
65000 70.2073 74.1417
65100 70.7026 74.1364
65200 70.2352 74.1304
65300 70.417 74.1247
65400 70.6204 74.1194
65500 70.534 74.1139
65600 70.3016 74.1081
65700 69.7729 74.1015
65800 70.1725 74.0955
65900 70.1417 74.0895
66000 70.2633 74.0837
66100 70.3745 74.0781
66200 70.3308 74.0724
66300 70.644 74.0673
66400 71.174 74.0629
66500 70.8455 74.0581
66600 70.892 74.0533
66700 70.5501 74.0481
66800 70.7705 74.0432
66900 71.1219 74.0388
67000 70.9687 74.0342
67100 70.6351 74.0292
67200 71.2347 74.025
67300 70.9093 74.0204
67400 71.1011 74.016
67500 70.2726 74.0105
67600 70.2572 74.0049
67700 70.4612 73.9997
67800 70.5792 73.9947
67900 70.5113 73.9895
68000 70.1649 73.9839
68100 70.5404 73.9788
68200 70.838 73.9742
68300 70.5174 73.9692
68400 70.3778 73.9639
68500 70.6399 73.9591
68600 70.2919 73.9537
68700 70.1382 73.9482
68800 70.2062 73.9427
68900 69.8894 73.9369
69000 69.9454 73.9311
69100 70.2072 73.9257
69200 70.4291 73.9206
69300 70.2332 73.9153
69400 70.5656 73.9105
69500 70.1785 73.9051
69600 70.2676 73.8999
69700 69.9698 73.8942
69800 70.4221 73.8893
69900 70.3537 73.8842
70000 70.4746 73.8793
70100 70.5792 73.8746
70200 70.1775 73.8694
70300 70.2499 73.8642
70400 70.4026 73.8593
70500 69.955 73.8538
70600 69.7917 73.848
70700 69.989 73.8426
70800 69.9985 73.8371
70900 69.6061 73.8312
71000 69.7117 73.8254
71100 69.8697 73.8198
71200 70.1211 73.8146
71300 69.9379 73.8092
71400 70.687 73.8048
71500 69.9982 73.7995
71600 70.6308 73.795
71700 70.3285 73.7902
71800 70.2512 73.7853
71900 69.9964 73.78
72000 70.3988 73.7753
72100 70.7562 73.7711
72200 70.3051 73.7663
72300 70.6904 73.7621
72400 70.5715 73.7577
72500 70.3077 73.7529
72600 70.2275 73.748
72700 69.991 73.7429
72800 70.314 73.7382
72900 70.7976 73.7341
73000 70.5974 73.7298
73100 70.5747 73.7255
73200 70.1037 73.7206
73300 70.3307 73.7159
73400 70.8082 73.712
73500 71.2574 73.7086
73600 70.4364 73.7042
73700 70.3231 73.6996
73800 70.2325 73.6949
73900 70.5916 73.6907
74000 70.2462 73.6861
74100 70.5997 73.6819
74200 70.3236 73.6774
74300 70.2622 73.6728
74400 69.9758 73.6678
74500 69.8286 73.6626
74600 70.0242 73.6578
74700 70.1981 73.6531
74800 70.0563 73.6483
74900 70.8707 73.6446
75000 70.5349 73.6405
75100 70.936 73.6369
75200 70.6726 73.6329
75300 70.2702 73.6285
75400 70.1866 73.6239
75500 70.3498 73.6196
75600 69.8742 73.6146
75700 70.3342 73.6103
75800 70.543 73.6062
75900 69.7987 73.6012
76000 69.9801 73.5964
76100 70.4214 73.5923
76200 70.431 73.5881
76300 70.6554 73.5843
76400 70.6685 73.5805
76500 71.0069 73.5771
76600 70.3217 73.5729
76700 70.5335 73.5689
76800 70.3522 73.5647
76900 70.3241 73.5605
77000 70.1854 73.5561
77100 69.9106 73.5514
77200 69.7633 73.5465
77300 70.1037 73.542
77400 70.3141 73.5378
77500 70.2104 73.5336
77600 70.3359 73.5294
77700 70.425 73.5254
77800 70.1915 73.5212
77900 70.2722 73.517
78000 70.874 73.5136
78100 70.4192 73.5096
78200 70.5835 73.5059
78300 70.5022 73.5021
78400 70.1308 73.4978
78500 70.0611 73.4934
78600 70.4019 73.4894
78700 70.2903 73.4854
78800 70.5629 73.4817
78900 70.5185 73.4779
79000 70.2221 73.4738
79100 70.2196 73.4697
79200 70.2418 73.4656
79300 69.7672 73.4609
79400 69.7859 73.4563
79500 69.9031 73.4518
79600 69.9309 73.4474
79700 70.1325 73.4433
79800 70.5107 73.4396
79900 70.8712 73.4364
80000 70.3912 73.4326
80100 70.9849 73.4295
80200 71.531 73.4271
80300 71.1202 73.4243
80400 70.4547 73.4206
80500 70.6427 73.4171
80600 70.4458 73.4134
80700 70.1345 73.4094
80800 70.086 73.4053
80900 69.8887 73.4009
81000 70.0852 73.3968
81100 70.1439 73.3928
81200 70.3463 73.3891
81300 70.0344 73.3849
81400 69.7681 73.3805
81500 70.0486 73.3764
81600 69.9142 73.3722
81700 70.1673 73.3682
81800 69.9813 73.3641
81900 70.1355 73.3601
82000 70.2549 73.3564
82100 70.3184 73.3527
82200 70.1229 73.3487
82300 69.764 73.3444
82400 69.9022 73.3402
82500 69.8011 73.3359
82600 70.198 73.3321
82700 70.11 73.3282
82800 70.2517 73.3245
82900 70.3586 73.3209
83000 70.283 73.3173
83100 70.2038 73.3135
83200 70.1897 73.3098
83300 70.2307 73.3061
83400 69.9581 73.302
83500 70.0354 73.2981
83600 70.028 73.2942
83700 70.0548 73.2904
83800 70.0051 73.2864
83900 70.0339 73.2826
84000 70.2307 73.2789
84100 70.0686 73.2751
84200 69.6945 73.2709
84300 70.1187 73.2671
84400 70.0656 73.2633
84500 69.7678 73.2592
84600 69.8317 73.2551
84700 69.7723 73.251
84800 70.0136 73.2472
84900 70.3056 73.2437
85000 70.72 73.2408
85100 70.5935 73.2377
85200 70.3674 73.2343
85300 70.1183 73.2306
85400 69.8306 73.2267
85500 70.1866 73.2231
85600 70.2491 73.2196
85700 70.0165 73.2159
85800 70.1167 73.2123
85900 69.779 73.2083
86000 69.9109 73.2044
86100 69.5177 73.2002
86200 69.5706 73.196
86300 70.0312 73.1923
86400 70.1277 73.1887
86500 70.0551 73.1851
86600 70.0241 73.1815
86700 69.9279 73.1777
86800 70.1474 73.1742
86900 70.0929 73.1707
87000 70.3058 73.1674
87100 70.6077 73.1644
87200 70.3549 73.1612
87300 70.6331 73.1583
87400 70.4312 73.1552
87500 70.4803 73.1522
87600 70.5212 73.1491
87700 70.1604 73.1457
87800 70.387 73.1426
87900 70.5201 73.1396
88000 70.6081 73.1367
88100 70.179 73.1334
88200 70.0173 73.1298
88300 69.7987 73.1261
88400 70.4555 73.1231
88500 69.9133 73.1194
88600 69.7995 73.1157
88700 70.3978 73.1126
88800 70.1678 73.1093
88900 70.2847 73.1061
89000 69.7839 73.1024
89100 69.7469 73.0986
89200 69.278 73.0943
89300 69.4847 73.0903
89400 69.3857 73.0862
89500 69.673 73.0823
89600 70.0453 73.079
89700 69.6946 73.0752
89800 69.81 73.0715
89900 70.043 73.0682
90000 70.0296 73.0648
90100 70.0288 73.0614
90200 69.8603 73.0579
90300 70.001 73.0545
90400 70.1888 73.0513
90500 70.5608 73.0486
90600 70.0712 73.0453
90700 69.9162 73.0418
90800 70.3064 73.0388
90900 70.738 73.0363
91000 70.2912 73.0333
91100 70.923 73.031
91200 70.5644 73.0283
91300 70.2151 73.0252
91400 70.2522 73.0221
91500 69.9748 73.0188
91600 69.8232 73.0153
91700 69.772 73.0118
91800 70.0133 73.0085
91900 70.0539 73.0053
92000 69.9229 73.002
92100 69.8728 72.9986
92200 70.1955 72.9955
92300 70.3066 72.9926
92400 70.2356 72.9896
92500 70.3232 72.9867
92600 70.4455 72.984
92700 70.15 72.9809
92800 70.2056 72.9779
92900 70.3383 72.9751
93000 70.0751 72.972
93100 69.9501 72.9687
93200 69.9329 72.9655
93300 70.0856 72.9624
93400 70.1901 72.9594
93500 69.7159 72.956
93600 69.3521 72.9521
93700 69.6913 72.9486
93800 69.8203 72.9453
93900 70.2221 72.9424
94000 69.8536 72.9391
94100 70.1933 72.9362
94200 70.1226 72.9332
94300 70.0617 72.9302
94400 70.0685 72.9271
94500 69.8936 72.9239
94600 70.3119 72.9212
94700 70.3526 72.9184
94800 69.9029 72.9153
94900 70.4654 72.9127
95000 70.3278 72.91
95100 70.3759 72.9073
95200 69.9592 72.9042
95300 70.2977 72.9015
95400 69.6988 72.8981
95500 69.9886 72.8951
95600 70.6138 72.8927
95700 70.2257 72.8899
95800 70.4084 72.8873
95900 69.8954 72.8842
96000 70.4735 72.8817
96100 70.0672 72.8787
96200 70.5146 72.8763
96300 70.5782 72.8739
96400 70.8341 72.8718
96500 70.3 72.8691
96600 70.3792 72.8665
96700 70.4073 72.864
96800 70.0395 72.8611
96900 69.9018 72.858
97000 70.7239 72.8558
97100 71.0361 72.8539
97200 70.5482 72.8516
97300 70.348 72.849
97400 70.8161 72.8469
97500 69.9102 72.8439
97600 70.5379 72.8415
97700 70.5536 72.8392
97800 70.0698 72.8364
97900 70.2956 72.8338
98000 70.2015 72.8311
98100 70.7891 72.829
98200 71.2063 72.8273
98300 71.0815 72.8256
98400 70.8565 72.8236
98500 70.4834 72.8212
98600 70.5382 72.8189
98700 70.5724 72.8166
98800 69.7325 72.8135
98900 70.2222 72.8109
99000 70.5623 72.8086
99100 70.4395 72.8062
99200 70.202 72.8036
99300 70.144 72.8009
99400 69.6674 72.7977
99500 69.8512 72.7948
99600 70.1617 72.7921
99700 70.2758 72.7896
99800 70.1779 72.787
99900 69.9485 72.7842
100000 69.9229 72.7813
100100 70.2545 72.7788
100200 70.7196 72.7767
100300 70.3197 72.7743
100400 69.9351 72.7714
100500 70.4027 72.7691
100600 70.5874 72.7669
100700 70.4138 72.7646
100800 70.6508 72.7625
100900 70.1063 72.7598
101000 70.0529 72.7572
101100 70.0887 72.7545
101200 70.5601 72.7524
101300 70.8432 72.7505
101400 70.4818 72.7482
101500 70.6786 72.7462
101600 70.0042 72.7435
101700 70.0346 72.7408
101800 70.1357 72.7383
101900 70.2165 72.7358
102000 70.0631 72.7332
102100 70.231 72.7307
102200 70.1063 72.7282
102300 69.7655 72.7253
102400 70.2826 72.7229
102500 70.3059 72.7205
102600 70.4333 72.7183
102700 70.2024 72.7158
102800 70.4159 72.7136
102900 70.3517 72.7113
103000 70.3218 72.709
103100 70.281 72.7066
103200 70.5185 72.7045
103300 70.5612 72.7024
103400 70.9588 72.7008
103500 70.6307 72.6988
103600 70.7688 72.6969
103700 70.5211 72.6948
103800 70.7306 72.6929
103900 70.7389 72.691
104000 70.2451 72.6887
104100 70.6944 72.6868
104200 70.5567 72.6847
104300 70.6537 72.6828
104400 70.4268 72.6806
104500 70.3809 72.6784
104600 70.0347 72.6759
104700 70.1629 72.6735
104800 70.0236 72.6709
104900 70.7134 72.6691
105000 70.7196 72.6672
105100 70.4126 72.6651
105200 70.2514 72.6628
105300 70.4867 72.6607
105400 70.3239 72.6585
105500 70.621 72.6566
105600 70.5329 72.6546
105700 70.2379 72.6523
105800 70.4832 72.6502
105900 70.0642 72.6478
106000 70.0807 72.6454
106100 70.2911 72.6431
106200 70.4871 72.6411
106300 70.3946 72.639
106400 70.3391 72.6368
106500 70.1962 72.6345
106600 70.2638 72.6323
106700 70.2269 72.6301
106800 70.6145 72.6282
106900 71.0785 72.6267
107000 71.0929 72.6253
107100 70.9195 72.6237
107200 71.184 72.6224
107300 71.0018 72.6208
107400 70.6127 72.619
107500 70.3635 72.6169
107600 70.2885 72.6147
107700 70.6103 72.6129
107800 70.3348 72.6107
107900 70.4255 72.6087
108000 70.5488 72.6068
108100 70.4941 72.6048
108200 70.0403 72.6025
108300 70.2719 72.6003
108400 70.0864 72.598
108500 70.1596 72.5958
108600 70.2575 72.5936
108700 70.0375 72.5913
108800 69.8773 72.5888
108900 69.91 72.5863
109000 69.8875 72.5838
109100 70.1899 72.5816
109200 69.8534 72.5791
109300 70.0621 72.5768
109400 70.6212 72.575
109500 70.1238 72.5728
109600 70.5465 72.571
109700 70.0777 72.5687
109800 70.8154 72.5671
109900 70.4223 72.5651
110000 71.0118 72.5637
110100 70.8831 72.5622
110200 70.7876 72.5606
110300 70.8957 72.5591
110400 70.4083 72.5571
110500 70.5118 72.5553
110600 70.1614 72.5531
110700 70.124 72.5509
110800 70.4302 72.549
110900 70.6236 72.5473
111000 70.7659 72.5457
111100 70.2898 72.5436
111200 70.5917 72.5419
111300 70.3414 72.5399
111400 70.1548 72.5378
111500 69.9534 72.5354
111600 69.8175 72.533
111700 70.0896 72.5308
111800 70.2104 72.5287
111900 69.7057 72.5262
112000 69.2347 72.5233
112100 69.034 72.5202
112200 69.5197 72.5175
112300 70.1013 72.5153
112400 69.8593 72.513
112500 70.3229 72.511
112600 70.1484 72.5089
112700 70.037 72.5067
112800 70.2694 72.5048
112900 70.0863 72.5026
113000 70.4547 72.5008
113100 70.5688 72.4991
113200 70.3537 72.4972
113300 70.1736 72.4951
113400 70.0387 72.493
113500 70.4338 72.4912
113600 70.474 72.4894
113700 70.4352 72.4876
113800 70.7942 72.4861
113900 70.5729 72.4844
114000 70.7306 72.4829
114100 70.1258 72.4808
114200 70.041 72.4787
114300 70.0037 72.4765
114400 70.0361 72.4744
114500 69.6229 72.4719
114600 70.1036 72.4698
114700 69.9276 72.4676
114800 70.1247 72.4656
114900 70.0651 72.4635
115000 70.529 72.4618
115100 70.8031 72.4604
115200 70.5944 72.4587
115300 70.3173 72.4569
115400 70.4304 72.4551
115500 70.1034 72.4531
115600 70.1493 72.4511
115700 69.674 72.4487
115800 69.983 72.4466
115900 69.4551 72.444
116000 69.624 72.4415
116100 69.6711 72.4392
116200 69.8661 72.4369
116300 69.671 72.4346
116400 69.8352 72.4323
116500 69.7907 72.4301
116600 69.7678 72.4278
116700 70.0933 72.4258
116800 69.6862 72.4234
116900 69.8723 72.4213
117000 70.0651 72.4192
117100 69.8519 72.4171
117200 70.1436 72.4151
117300 70.4676 72.4135
117400 70.3417 72.4117
117500 70.6886 72.4102
117600 70.5181 72.4086
117700 70.4826 72.407
117800 70.3316 72.4052
117900 70.2999 72.4034
118000 69.7395 72.4012
118100 69.772 72.3989
118200 69.9703 72.3969
118300 69.7622 72.3947
118400 70.2369 72.3928
118500 69.5701 72.3905
118600 70.1353 72.3886
118700 69.9059 72.3865
118800 69.7458 72.3842
118900 70.1756 72.3824
119000 69.826 72.3802
119100 69.5888 72.3779
119200 69.2542 72.3753
119300 69.2806 72.3727
119400 69.1224 72.37
119500 69.5844 72.3676
119600 69.6445 72.3653
119700 69.7155 72.3631
119800 70.0493 72.3612
119900 69.7176 72.359
120000 69.3009 72.3564
120100 69.6887 72.3542
120200 69.7883 72.3521
120300 69.6712 72.3499
120400 70.243 72.3481
120500 70.0259 72.3462
120600 70.2714 72.3445
120700 70.1503 72.3427
120800 69.8458 72.3406
120900 70.0378 72.3387
121000 69.9494 72.3367
121100 69.4557 72.3343
121200 69.7563 72.3322
121300 69.3195 72.3297
121400 69.7593 72.3276
121500 70.4023 72.326
121600 69.967 72.3241
121700 69.81 72.322
121800 69.9143 72.32
121900 70.0663 72.3182
122000 70.3012 72.3165
122100 70.2827 72.3149
122200 69.8608 72.3129
122300 69.7887 72.3108
122400 69.8011 72.3087
122500 69.812 72.3067
122600 69.8141 72.3047
122700 70.2918 72.303
122800 70.7088 72.3017
122900 70.932 72.3006
123000 70.4788 72.2991
123100 70.8915 72.298
123200 70.5697 72.2966
123300 70.4936 72.2951
123400 70.3713 72.2936
123500 70.7174 72.2923
123600 70.9704 72.2912
123700 71.3812 72.2905
123800 70.8571 72.2893
123900 70.8599 72.2882
124000 70.5334 72.2868
124100 70.5091 72.2853
124200 70.4635 72.2839
124300 69.9238 72.282
124400 69.434 72.2797
124500 70.0099 72.2778
124600 70.0682 72.2761
124700 69.8746 72.2741
124800 70.3197 72.2726
124900 70.5757 72.2712
125000 71.0399 72.2702
125100 70.9006 72.2691
125200 70.4771 72.2677
125300 70.3314 72.2662
125400 70.4686 72.2647
125500 70.455 72.2633
125600 70.4719 72.2619
125700 70.4475 72.2604
125800 70.2699 72.2588
125900 70.3194 72.2573
126000 70.1628 72.2556
126100 70.4694 72.2542
126200 70.6858 72.253
126300 70.1585 72.2513
126400 70.1814 72.2497
126500 70.1965 72.2481
126600 69.5941 72.246
126700 69.5559 72.2438
126800 69.6567 72.2418
126900 69.5187 72.2397
127000 69.5949 72.2376
127100 69.8566 72.2357
127200 70.1693 72.2341
127300 70.1771 72.2325
127400 70.2578 72.2309
127500 71.0074 72.2299
127600 70.4383 72.2285
127700 70.2936 72.227
127800 70.0419 72.2253
127900 69.9256 72.2235
128000 69.842 72.2217
128100 69.9764 72.2199
128200 70.1049 72.2183
128300 69.6678 72.2163
128400 69.9692 72.2145
128500 70.0798 72.2129
128600 69.9555 72.2111
128700 70.1287 72.2095
128800 70.0389 72.2078
128900 70.3095 72.2063
129000 70.2629 72.2048
129100 70.7946 72.2037
129200 70.6154 72.2025
129300 70.8559 72.2015
129400 70.7863 72.2004
129500 70.5969 72.1991
129600 70.4932 72.1978
129700 69.874 72.196
129800 70.0545 72.1944
129900 70.2466 72.1929
130000 70.09 72.1912
130100 70.2106 72.1897
130200 70.2766 72.1883
130300 69.5103 72.1862
130400 70.2683 72.1847
130500 70.246 72.1832
130600 70.5883 72.182
130700 70.4577 72.1807
130800 70.5779 72.1795
130900 70.4872 72.1782
131000 70.5369 72.1769
131100 70.7845 72.1759
131200 70.5065 72.1746
131300 70.0438 72.173
131400 70.4614 72.1717
131500 70.0996 72.1701
131600 70.2287 72.1686
131700 69.8504 72.1669
131800 70.0987 72.1653
131900 70.3327 72.1639
132000 70.3725 72.1625
132100 70.1209 72.161
132200 70.0245 72.1594
132300 69.6779 72.1575
132400 70.4033 72.1562
132500 70.0317 72.1546
132600 70.2797 72.1532
132700 70.0834 72.1516
132800 70.2453 72.1502
132900 70.0337 72.1486
133000 70.0522 72.147
133100 69.9676 72.1454
133200 69.6309 72.1435
133300 69.7821 72.1417
133400 69.9734 72.1401
133500 70.3715 72.1388
133600 69.9815 72.1371
133700 69.3746 72.1351
133800 69.8156 72.1333
133900 70.3907 72.132
134000 70.0714 72.1305
134100 70.13 72.129
134200 69.9352 72.1274
134300 69.9848 72.1258
134400 69.931 72.1241
134500 69.791 72.1224
134600 69.8805 72.1207
134700 70.0653 72.1192
134800 70.158 72.1178
134900 70.3555 72.1165
135000 70.4536 72.1152
135100 70.4076 72.114
135200 70.262 72.1126
135300 70.3974 72.1113
135400 70.3388 72.11
135500 69.5227 72.1081
135600 69.7212 72.1063
135700 69.7379 72.1046
135800 69.7952 72.1029
135900 69.6298 72.1011
136000 69.6176 72.0993
136100 69.9474 72.0977
136200 70.1038 72.0962
136300 69.8975 72.0946
136400 70.2114 72.0932
136500 70.3987 72.092
136600 70.7374 72.091
136700 70.6343 72.0899
136800 69.8256 72.0883
136900 70.1947 72.0869
137000 70.2905 72.0856
137100 70.1847 72.0842
137200 70.0643 72.0827
137300 69.9561 72.0812
137400 70.2559 72.0798
137500 70.4336 72.0786
137600 70.2269 72.0773
137700 70.0557 72.0758
137800 70.1822 72.0744
137900 69.9499 72.0729
138000 70.2033 72.0716
138100 70.9317 72.0707
138200 70.7518 72.0698
138300 70.5191 72.0687
138400 70.7065 72.0677
138500 70.3978 72.0665
138600 70.7682 72.0655
138700 70.382 72.0643
138800 70.2708 72.063
138900 70.6817 72.062
139000 70.2262 72.0607
139100 69.9841 72.0592
139200 69.9848 72.0577
139300 69.9748 72.0562
139400 70.1213 72.0548
139500 69.953 72.0533
139600 69.6376 72.0516
139700 69.7074 72.0499
139800 69.5444 72.0481
139900 69.8476 72.0466
140000 70.3371 72.0453
140100 70.2042 72.044
140200 70.2512 72.0427
140300 70.0362 72.0413
140400 70.4239 72.0402
140500 70.4169 72.039
140600 70.0605 72.0376
140700 70.0594 72.0362
140800 69.8092 72.0346
140900 70.0815 72.0332
141000 70.1026 72.0319
141100 70.7121 72.0309
141200 70.4094 72.0298
141300 69.9579 72.0283
141400 70.1519 72.027
141500 69.6812 72.0253
141600 70.3933 72.0242
141700 70.3986 72.023
141800 70.208 72.0217
141900 70.4518 72.0206
142000 70.3492 72.0195
142100 70.3769 72.0183
142200 70.409 72.0172
142300 70.1344 72.0158
142400 70.6178 72.0149
142500 70.6643 72.0139
142600 70.6636 72.013
142700 70.6758 72.012
142800 70.7347 72.0111
142900 70.717 72.0102
143000 70.7282 72.0093
143100 70.2263 72.0081
143200 70.3995 72.007
143300 69.933 72.0055
143400 70.2833 72.0043
143500 70.6686 72.0034
143600 69.8143 72.0019
143700 70.5266 72.0008
143800 69.9307 71.9994
143900 70.2682 71.9982
144000 70.4879 71.9971
144100 70.4928 71.9961
144200 70.2188 71.9949
144300 70.7788 71.994
144400 70.3964 71.9929
144500 70.179 71.9917
144600 70.3934 71.9906
144700 70.7974 71.9897
144800 70.9102 71.989
144900 70.7161 71.9881
145000 70.3886 71.987
145100 69.9134 71.9856
145200 69.7158 71.984
145300 70.0245 71.9827
145400 70.6434 71.9817
145500 70.2576 71.9806
145600 69.8765 71.9791
145700 70.2513 71.9779
145800 70.2292 71.9767
145900 70.0747 71.9754
146000 69.9954 71.9741
146100 70.3347 71.9729
146200 70.4555 71.9719
146300 70.0201 71.9706
146400 69.7913 71.9691
146500 69.9254 71.9677
146600 69.8453 71.9662
146700 70.3655 71.9652
146800 70.3749 71.9641
146900 70.4438 71.963
147000 70.6492 71.9621
147100 70.6233 71.9612
147200 71.243 71.9607
147300 70.8065 71.96
147400 70.1026 71.9587
147500 70.4289 71.9577
147600 70.0941 71.9564
147700 70.1071 71.9551
147800 70.5619 71.9542
147900 70.264 71.9531
148000 70.3714 71.952
148100 70.2755 71.9509
148200 70.5301 71.9499
148300 71.0564 71.9493
148400 70.7321 71.9485
148500 70.7258 71.9477
148600 71.1134 71.9471
148700 71.517 71.9468
148800 71.661 71.9466
148900 70.9514 71.9459
149000 71.1205 71.9454
149100 71.2547 71.9449
149200 71.2052 71.9444
149300 71.2408 71.944
149400 70.9007 71.9433
149500 70.8159 71.9425
149600 70.9322 71.9418
149700 70.8259 71.9411
149800 71.0304 71.9405
149900 71.1823 71.94
150000 70.5278 71.939
150100 71.2011 71.9385
150200 70.6352 71.9377
150300 70.4264 71.9367
150400 70.2897 71.9356
150500 70.8425 71.9348
150600 70.5715 71.9339
150700 70.8059 71.9332
150800 70.6283 71.9323
150900 70.8582 71.9316
151000 70.4363 71.9306
151100 70.1844 71.9295
151200 69.921 71.9281
151300 69.5356 71.9266
151400 69.9321 71.9252
151500 70.0461 71.924
151600 70.0382 71.9228
151700 70.3364 71.9217
151800 69.9876 71.9204
151900 70.028 71.9192
152000 70.0954 71.918
152100 70.3641 71.917
152200 70.5574 71.9161
152300 70.5666 71.9152
152400 71.109 71.9147
152500 71.0509 71.9141
152600 70.6539 71.9133
152700 70.3514 71.9122
152800 70.0195 71.911
152900 69.9544 71.9097
153000 70.4999 71.9088
153100 70.3911 71.9078
153200 70.1116 71.9066
153300 69.6275 71.9052
153400 69.7817 71.9038
153500 69.9256 71.9025
153600 69.9461 71.9012
153700 70.0666 71.9
153800 69.532 71.8985
153900 70.0272 71.8973
154000 70.4068 71.8963
154100 70.1593 71.8952
154200 70.3316 71.8942
154300 70.427 71.8932
154400 70.195 71.8921
154500 70.312 71.8911
154600 70.0878 71.8899
154700 70.3615 71.8889
154800 70.7437 71.8882
154900 70.1089 71.887
155000 70.0409 71.8858
155100 70.8327 71.8852
155200 70.347 71.8842
155300 70.0151 71.883
155400 70.2289 71.8819
155500 70.611 71.8811
155600 71.1986 71.8807
155700 71.2267 71.8802
155800 70.6221 71.8794
155900 70.0941 71.8783
156000 69.6619 71.8769
156100 70.2562 71.8758
156200 70.2256 71.8748
156300 70.5524 71.8739
156400 70.2543 71.8729
156500 70.6111 71.8721
156600 70.8231 71.8714
156700 70.5828 71.8706
156800 70.3227 71.8696
156900 69.9802 71.8684
157000 70.1401 71.8673
157100 71.3081 71.8669
157200 71.4142 71.8666
157300 71.2297 71.8662
157400 71.5037 71.866
157500 71.5678 71.8658
157600 71.366 71.8655
157700 71.5731 71.8653
157800 71.6159 71.8652
157900 71.0289 71.8646
158000 70.2856 71.8636
158100 70.8687 71.863
158200 70.5637 71.8622
158300 70.6251 71.8614
158400 70.9406 71.8608
158500 70.5104 71.86
158600 70.5074 71.8591
158700 70.7368 71.8584
158800 70.6399 71.8576
158900 70.6843 71.8569
159000 71.2569 71.8565
159100 70.7728 71.8558
159200 70.4383 71.855
159300 71.2418 71.8546
159400 70.9789 71.854
159500 71.0087 71.8535
159600 70.8456 71.8529
159700 70.647 71.8521
159800 70.6799 71.8514
159900 70.4612 71.8505
160000 70.3501 71.8496
160100 71.4074 71.8493
160200 71.4346 71.849
160300 71.2308 71.8486
160400 70.9043 71.8481
160500 70.7343 71.8474
160600 71.0274 71.8468
160700 70.3767 71.8459
160800 70.1644 71.8449
160900 70.1388 71.8438
161000 70.3915 71.8429
161100 70.5634 71.8421
161200 70.4627 71.8413
161300 70.333 71.8403
161400 70.6321 71.8396
161500 70.8868 71.839
161600 70.4767 71.8382
161700 70.3962 71.8373
161800 69.9795 71.8361
161900 70.3634 71.8352
162000 70.3078 71.8343
162100 70.2021 71.8333
162200 69.9131 71.8321
162300 70.3113 71.8311
162400 70.6395 71.8304
162500 70.2076 71.8294
162600 70.2404 71.8284
162700 70.6324 71.8277
162800 70.6475 71.827
162900 70.44 71.8261
163000 70.335 71.8252
163100 70.3308 71.8243
163200 70.2257 71.8233
163300 69.923 71.8221
163400 70.4335 71.8213
163500 69.9626 71.8202
163600 69.914 71.819
163700 70.0288 71.8179
163800 70.0074 71.8168
163900 69.7118 71.8155
164000 69.6122 71.8142
164100 69.8829 71.813
164200 70.0471 71.8119
164300 69.9448 71.8108
164400 70.2432 71.8098
164500 70.4919 71.809
164600 70.4146 71.8082
164700 70.2281 71.8072
164800 70.1279 71.8062
164900 70.3647 71.8053
165000 70.6258 71.8046
165100 71.0984 71.8042
165200 71.112 71.8038
165300 70.7709 71.8031
165400 70.8327 71.8025
165500 70.2996 71.8016
165600 70.4229 71.8008
165700 70.2256 71.7999
165800 70.1098 71.7988
165900 70.1517 71.7978
166000 69.4774 71.7964
166100 69.826 71.7953
166200 70.0203 71.7942
166300 69.8536 71.793
166400 70.2056 71.7921
166500 70.266 71.7912
166600 70.4391 71.7903
166700 71.0216 71.7899
166800 70.4575 71.7891
166900 70.112 71.7881
167000 70.2099 71.7871
167100 70.5179 71.7864
167200 70.5914 71.7857
167300 70.4892 71.7849
167400 70.2662 71.784
167500 70.4361 71.7832
167600 69.7757 71.782
167700 70.0287 71.7809
167800 70.0262 71.7799
167900 70.2581 71.779
168000 70.3351 71.7781
168100 70.2503 71.7772
168200 70.9219 71.7767
168300 70.4613 71.7759
168400 69.84 71.7748
168500 69.9643 71.7737
168600 69.9672 71.7726
168700 70.0423 71.7716
168800 69.8875 71.7705
168900 70.5526 71.7698
169000 70.3536 71.7689
169100 70.0363 71.7679
169200 69.6924 71.7667
169300 70.0517 71.7657
169400 70.5062 71.7649
169500 70.1674 71.764
169600 70.1725 71.763
169700 70.2763 71.7622
169800 70.424 71.7614
169900 70.0568 71.7604
170000 69.9769 71.7593
170100 70.3545 71.7585
170200 70.7559 71.7579
170300 70.4268 71.7571
170400 69.9097 71.756
170500 70.1643 71.7551
170600 70.1268 71.7541
170700 69.9137 71.7531
170800 69.851 71.752
170900 70.0741 71.751
171000 70.0126 71.75
171100 70.1101 71.749
171200 70.1462 71.7481
171300 70.3384 71.7472
171400 70.2465 71.7464
171500 70.5386 71.7457
171600 70.2051 71.7448
171700 69.9764 71.7437
171800 69.9696 71.7427
171900 69.7307 71.7415
172000 69.7206 71.7404
172100 70.062 71.7394
172200 70.3117 71.7386
172300 70.4173 71.7378
172400 70.6108 71.7371
172500 70.2336 71.7363
172600 70.0534 71.7353
172700 70.356 71.7345
172800 70.8678 71.734
172900 70.4903 71.7333
173000 70.0629 71.7323
173100 70.5001 71.7316
173200 70.6032 71.7309
173300 70.5855 71.7303
173400 70.3689 71.7295
173500 70.3556 71.7287
173600 70.7594 71.7281
173700 70.5715 71.7275
173800 70.3138 71.7267
173900 70.7434 71.7261
174000 70.7193 71.7255
174100 70.8184 71.725
174200 70.6513 71.7244
174300 71.0389 71.724
174400 70.6464 71.7234
174500 70.8097 71.7228
174600 70.3874 71.7221
174700 70.0673 71.7211
174800 70.0162 71.7202
174900 70.6813 71.7196
175000 70.8392 71.7191
175100 70.5545 71.7184
175200 70.5551 71.7177
175300 70.6087 71.7171
175400 70.1627 71.7162
175500 70.1313 71.7153
175600 69.9726 71.7143
175700 70.0752 71.7134
175800 70.1451 71.7125
175900 69.6215 71.7113
176000 69.9425 71.7103
176100 69.274 71.7089
176200 69.8042 71.7078
176300 69.8207 71.7068
176400 69.8514 71.7057
176500 69.2328 71.7043
176600 70.0329 71.7034
176700 70.0667 71.7024
176800 70.3224 71.7017
176900 69.9786 71.7007
177000 70.0192 71.6997
177100 69.9055 71.6987
177200 69.9727 71.6977
177300 70.1407 71.6969
177400 70.1063 71.696
177500 70.0462 71.695
177600 69.742 71.6939
177700 69.9818 71.693
177800 69.9749 71.692
177900 69.6304 71.6909
178000 69.4357 71.6896
178100 69.96 71.6886
178200 70.1884 71.6878
178300 70.1831 71.6869
178400 69.7495 71.6858
178500 69.8316 71.6848
178600 69.8007 71.6837
178700 69.5498 71.6826
178800 69.8315 71.6815
178900 69.9352 71.6805
179000 70.3036 71.6798
179100 70.0148 71.6788
179200 70.3524 71.6781
179300 69.7224 71.677
179400 70.2531 71.6762
179500 70.0798 71.6753
179600 70.152 71.6745
179700 70.2842 71.6737
179800 70.5182 71.6731
179900 70.4282 71.6724
180000 70.2973 71.6716
180100 70.5598 71.671
180200 70.1087 71.6701
180300 70.2366 71.6693
180400 70.2711 71.6686
180500 70.3207 71.6678
180600 70.2326 71.667
180700 70.8842 71.6666
180800 70.7356 71.6661
180900 70.3773 71.6654
181000 69.9028 71.6644
181100 70.1279 71.6635
181200 70.3448 71.6628
181300 70.4931 71.6622
181400 70.4212 71.6615
181500 70.531 71.6609
181600 70.3107 71.6601
181700 70.1209 71.6593
181800 70.2322 71.6585
181900 70.0026 71.6576
182000 70.1833 71.6568
182100 69.9885 71.6558
182200 69.9618 71.6549
182300 69.7432 71.6539
182400 69.5907 71.6527
182500 70.0794 71.6519
182600 69.9502 71.6509
182700 70.2808 71.6502
182800 70.6652 71.6496
182900 70.3039 71.6489
183000 69.4584 71.6477
183100 69.8871 71.6468
183200 69.7785 71.6457
183300 69.8209 71.6447
183400 70.3173 71.644
183500 70.0461 71.6431
183600 70.3035 71.6424
183700 70.7788 71.6419
183800 70.6237 71.6414
183900 69.7968 71.6404
184000 69.82 71.6394
184100 70.797 71.6389
184200 70.5174 71.6383
184300 70.3723 71.6376
184400 70.4754 71.637
184500 70.0579 71.6362
184600 70.3615 71.6355
184700 70.1454 71.6347
184800 70.3045 71.6339
184900 70.1018 71.6331
185000 70.0915 71.6323
185100 70.085 71.6314
185200 70.4363 71.6308
185300 70.4113 71.6301
185400 70.4332 71.6295
185500 70.2305 71.6287
185600 70.1791 71.628
185700 69.9525 71.6271
185800 69.6991 71.626
185900 70.1294 71.6252
186000 69.7923 71.6242
186100 70.0497 71.6234
186200 69.9989 71.6225
186300 70.0408 71.6217
186400 69.9808 71.6208
186500 70.1161 71.62
186600 70.3708 71.6193
186700 70.4923 71.6187
186800 70.9152 71.6183
186900 70.5639 71.6178
187000 70.2479 71.617
187100 69.9588 71.6161
187200 70.0022 71.6153
187300 70.1105 71.6145
187400 69.9788 71.6136
187500 70.3929 71.613
187600 69.9401 71.6121
187700 70.43 71.6114
187800 70.2462 71.6107
187900 70.4995 71.6101
188000 70.4693 71.6095
188100 70.1886 71.6087
188200 70.2681 71.608
188300 70.5804 71.6075
188400 70.3254 71.6068
188500 70.5916 71.6063
188600 70.0584 71.6055
188700 70.2082 71.6047
188800 70.1606 71.6039
188900 70.0984 71.6031
189000 69.8441 71.6022
189100 70.2567 71.6015
189200 70.1302 71.6007
189300 70.0437 71.5999
189400 69.7546 71.5989
189500 70.2618 71.5982
189600 70.6316 71.5977
189700 70.4852 71.5971
189800 70.4409 71.5965
189900 70.4152 71.5959
190000 70.1093 71.5951
190100 69.7479 71.5941
190200 69.9698 71.5933
190300 70.5462 71.5927
190400 70.5103 71.5922
190500 70.111 71.5914
190600 70.1681 71.5906
190700 70.2529 71.5899
190800 70.5073 71.5894
190900 70.3598 71.5887
191000 70.1821 71.588
191100 70.2862 71.5873
191200 69.7776 71.5864
191300 69.6057 71.5853
191400 70.0138 71.5845
191500 69.9337 71.5837
191600 69.3841 71.5825
191700 69.539 71.5814
191800 70.1029 71.5807
191900 70.3642 71.58
192000 69.9314 71.5792
192100 70.2284 71.5785
192200 71.086 71.5782
192300 70.838 71.5778
192400 70.8938 71.5775
192500 70.3232 71.5768
192600 70.4133 71.5762
192700 70.7621 71.5758
192800 70.1563 71.5751
192900 69.8661 71.5742
193000 70.1337 71.5734
193100 69.8245 71.5725
193200 69.896 71.5717
193300 70.0958 71.5709
193400 70.0478 71.5701
193500 70.4944 71.5695
193600 70.4124 71.569
193700 70.3473 71.5683
193800 70.4878 71.5678
193900 70.3163 71.5671
194000 70.333 71.5665
194100 70.628 71.566
194200 70.7055 71.5656
194300 70.5925 71.5651
194400 70.073 71.5643
194500 70.2658 71.5636
194600 70.1204 71.5629
194700 70.5053 71.5623
194800 70.2915 71.5617
194900 70.1149 71.5609
195000 69.8034 71.56
195100 69.7559 71.5591
195200 69.7836 71.5582
195300 69.6944 71.5572
195400 70.341 71.5566
195500 70.2289 71.5559
195600 70.4647 71.5554
195700 70.3981 71.5548
195800 70.2533 71.5541
195900 70.3014 71.5535
196000 70.401 71.5529
196100 70.1874 71.5522
196200 70.2952 71.5516
196300 70.1499 71.5509
196400 70.3768 71.5503
196500 70.3279 71.5496
196600 70.3609 71.549
196700 70.5222 71.5485
196800 70.374 71.5479
196900 70.3055 71.5473
197000 70.4139 71.5467
197100 70.3431 71.5461
197200 70.1045 71.5454
197300 69.6601 71.5444
197400 69.9799 71.5436
197500 69.7518 71.5427
197600 69.3259 71.5416
197700 69.9533 71.5408
197800 69.7353 71.5399
197900 69.9516 71.5391
198000 69.564 71.5381
198100 69.6258 71.5371
198200 69.7131 71.5362
198300 69.9567 71.5354
198400 69.9676 71.5346
198500 69.8174 71.5337
198600 70.3993 71.5332
198700 70.5278 71.5327
198800 70.2301 71.532
198900 70.3 71.5314
199000 70.3354 71.5308
199100 70.2097 71.5301
199200 70.6699 71.5297
199300 70.7211 71.5293
199400 70.3027 71.5287
199500 70.1527 71.528
199600 70.6059 71.5275
199700 70.8401 71.5272
199800 69.9457 71.5264
199900 70.4148 71.5258
200000 70.0719 71.5251
200100 69.9293 71.5243
200200 69.888 71.5235
200300 70.3556 71.5229
200400 70.4312 71.5224
200500 70.0124 71.5216
200600 70.2134 71.5209
200700 70.2444 71.5203
200800 70.3792 71.5197
200900 70.1334 71.5191
201000 69.9958 71.5183
201100 70.2698 71.5177
201200 70.0206 71.5169
201300 70.302 71.5163
201400 70.4119 71.5158
201500 70.3216 71.5152
201600 70.4019 71.5146
201700 70.3117 71.514
201800 70.0504 71.5133
201900 70.101 71.5126
202000 69.7803 71.5118
202100 70.0529 71.511
202200 69.8027 71.5102
202300 70.0635 71.5095
202400 70.0496 71.5087
202500 70.2114 71.5081
202600 70.3078 71.5075
202700 70.265 71.5069
202800 70.2661 71.5063
202900 70.6742 71.5059
203000 70.6169 71.5054
203100 70.1287 71.5048
203200 70.3788 71.5042
203300 70.2122 71.5036
203400 70.3181 71.503
203500 70.2847 71.5024
203600 69.9388 71.5016
203700 70.0819 71.5009
203800 69.629 71.5
203900 70.1575 71.4994
204000 70.0275 71.4986
204100 69.7094 71.4978
204200 69.9678 71.497
204300 70.1378 71.4963
204400 70.301 71.4958
204500 70.5488 71.4953
204600 70.4789 71.4948
204700 70.1973 71.4942
204800 70.6798 71.4938
204900 69.972 71.493
205000 69.8711 71.4922
205100 69.2808 71.4912
205200 69.9275 71.4904
205300 69.9814 71.4897
205400 70.2902 71.4891
205500 69.987 71.4883
205600 70.2621 71.4877
205700 69.9607 71.487
205800 70.2902 71.4864
205900 70.3085 71.4858
206000 69.831 71.485
206100 69.8753 71.4843
206200 69.5436 71.4833
206300 69.8872 71.4825
206400 70.1164 71.4819
206500 69.9084 71.4811
206600 70.1979 71.4805
206700 70.4746 71.48
206800 70.4765 71.4795
206900 70.29 71.479
207000 70.8372 71.4786
207100 70.8171 71.4783
207200 70.8698 71.478
207300 70.4998 71.4776
207400 70.7597 71.4772
207500 70.8114 71.4769
207600 70.1833 71.4763
207700 70.392 71.4757
207800 70.5288 71.4753
207900 70.1439 71.4747
208000 70.2095 71.474
208100 69.904 71.4733
208200 70.3623 71.4728
208300 70.5317 71.4723
208400 70.479 71.4718
208500 71.0439 71.4716
208600 70.9633 71.4714
208700 70.244 71.4708
208800 69.7092 71.4699
208900 69.9404 71.4692
209000 69.677 71.4684
209100 69.7833 71.4676
209200 69.8354 71.4668
209300 69.8041 71.466
209400 69.6215 71.4651
209500 69.8032 71.4643
209600 69.8857 71.4635
209700 69.9377 71.4628
209800 70.0845 71.4622
209900 70.5835 71.4617
210000 70.2511 71.4612
210100 70.2252 71.4606
210200 69.8039 71.4598
210300 70.0971 71.4591
210400 70.3298 71.4586
210500 70.0378 71.4579
210600 69.7059 71.4571
210700 69.531 71.4562
210800 69.8523 71.4554
210900 70.024 71.4547
211000 70.3177 71.4542
211100 69.9474 71.4535
211200 70.0939 71.4529
211300 70.3607 71.4523
211400 70.1466 71.4517
211500 69.8823 71.451
211600 70.2177 71.4504
211700 70.0146 71.4497
211800 69.8573 71.449
211900 70.4909 71.4485
212000 70.0137 71.4478
212100 70.2651 71.4473
212200 70.068 71.4466
212300 70.4524 71.4462
212400 70.5234 71.4457
212500 70.5469 71.4453
212600 70.2883 71.4448
212700 70.4399 71.4443
212800 70.507 71.4438
212900 70.466 71.4434
213000 70.2616 71.4428
213100 70.237 71.4423
213200 70.2264 71.4417
213300 70.6208 71.4413
213400 70.4129 71.4408
213500 70.8477 71.4405
213600 71.0138 71.4403
213700 70.5765 71.4399
213800 70.7497 71.4396
213900 70.9378 71.4394
214000 70.8365 71.4391
214100 71.0146 71.4389
214200 71.0474 71.4387
214300 70.9915 71.4385
214400 71.0673 71.4383
214500 71.0049 71.4381
214600 70.7366 71.4378
214700 71.1604 71.4377
214800 71.076 71.4375
214900 71.0688 71.4373
215000 70.736 71.437
215100 70.907 71.4368
215200 70.5671 71.4364
215300 70.5916 71.436
215400 70.7938 71.4357
215500 70.5112 71.4352
215600 70.3989 71.4348
215700 70.1085 71.4342
215800 70.7106 71.4338
215900 70.729 71.4335
216000 70.7855 71.4332
216100 70.4137 71.4327
216200 70.4616 71.4323
216300 70.4537 71.4318
216400 70.6646 71.4315
216500 70.7378 71.4311
216600 70.2842 71.4306
216700 69.7979 71.4299
216800 69.5143 71.429
216900 69.6145 71.4281
217000 69.7817 71.4274
217100 70.0943 71.4268
217200 70.1315 71.4262
217300 70.229 71.4256
217400 70.0445 71.425
217500 70.399 71.4245
217600 70.3958 71.424
217700 70.4472 71.4236
217800 70.7208 71.4233
217900 69.9015 71.4226
218000 70.2316 71.422
218100 71.0208 71.4218
218200 71.2446 71.4218
218300 71.0829 71.4216
218400 70.9704 71.4214
218500 70.5566 71.421
218600 70.7595 71.4207
218700 70.6137 71.4203
218800 70.6958 71.42
218900 71.0105 71.4198
219000 70.3669 71.4193
219100 70.832 71.4191
219200 70.7396 71.4188
219300 70.7213 71.4184
219400 70.9684 71.4182
219500 71.2383 71.4181
219600 70.6983 71.4178
219700 70.7391 71.4175
219800 70.711 71.4172
219900 70.7144 71.4169
220000 70.8648 71.4166
220100 70.6277 71.4163
220200 70.6566 71.4159
220300 70.6174 71.4156
220400 70.4049 71.4151
220500 69.9196 71.4144
220600 70.1583 71.4138
220700 70.0236 71.4132
220800 69.704 71.4124
220900 69.7927 71.4117
221000 69.9977 71.4111
221100 70.1753 71.4105
221200 70.4039 71.4101
221300 70.1327 71.4095
221400 70.1288 71.4089
221500 70.2095 71.4084
221600 70.0745 71.4078
221700 69.9581 71.4071
221800 69.915 71.4064
221900 70.1543 71.4059
222000 70.1545 71.4053
222100 70.191 71.4048
222200 70.506 71.4043
222300 70.831 71.4041
222400 70.482 71.4037
222500 70.4239 71.4032
222600 70.2164 71.4027
222700 70.424 71.4023
222800 70.4774 71.4018
222900 70.245 71.4013
223000 70.1373 71.4008
223100 70.0408 71.4002
223200 70.4432 71.3997
223300 70.4021 71.3993
223400 70.6754 71.399
223500 70.418 71.3985
223600 70.4642 71.3981
223700 70.1963 71.3976
223800 70.1679 71.397
223900 70.6686 71.3967
224000 70.0399 71.3961
224100 69.9578 71.3954
224200 70.4877 71.395
224300 70.4376 71.3946
224400 70.0959 71.394
224500 69.7996 71.3933
224600 69.9817 71.3927
224700 69.7621 71.392
224800 70.2278 71.3914
224900 70.1565 71.3909
225000 70.0632 71.3903
225100 70.0225 71.3897
225200 69.7142 71.389
225300 69.6354 71.3882
225400 69.8275 71.3875
225500 69.9753 71.3869
225600 70.0594 71.3863
225700 69.6341 71.3855
225800 70.264 71.385
225900 70.1849 71.3845
226000 69.9922 71.3838
226100 70.7994 71.3836
226200 70.7764 71.3833
226300 70.5245 71.3829
226400 70.077 71.3824
226500 70.2594 71.3819
226600 69.8376 71.3812
226700 70.1571 71.3806
226800 70.2588 71.3802
226900 70.4088 71.3797
227000 70.3987 71.3793
227100 70.4782 71.3789
227200 70.3541 71.3784
227300 70.2497 71.3779
227400 70.4692 71.3775
227500 70.335 71.3771
227600 69.7959 71.3764
227700 69.8102 71.3757
227800 70.1193 71.3752
227900 69.9071 71.3745
228000 70.0575 71.3739
228100 70.1599 71.3734
228200 70.7361 71.3731
228300 70.054 71.3725
228400 70.0296 71.372
228500 71.0118 71.3718
228600 70.6531 71.3715
228700 70.9395 71.3713
228800 70.3226 71.3708
228900 69.8604 71.3702
229000 70.1235 71.3696
229100 70.237 71.3691
229200 69.7334 71.3684
229300 70.3135 71.368
229400 70.0298 71.3674
229500 70.2815 71.3669
229600 70.3806 71.3665
229700 70.7097 71.3662
229800 70.2311 71.3657
229900 70.1098 71.3652
230000 70.0706 71.3646
230100 69.5712 71.3638
230200 69.6417 71.3631
230300 69.8351 71.3624
230400 70.2261 71.3619
230500 69.8064 71.3612
230600 69.9235 71.3606
230700 69.9752 71.36
230800 69.8479 71.3594
230900 69.8222 71.3587
231000 70.5015 71.3583
231100 70.0171 71.3577
231200 70.0772 71.3572
231300 69.8763 71.3565
231400 70.0871 71.356
231500 70.2564 71.3555
231600 69.5314 71.3547
231700 69.8374 71.3541
231800 69.8794 71.3534
231900 70.2548 71.353
232000 69.9296 71.3524
232100 69.8513 71.3517
232200 69.5345 71.3509
232300 70.1629 71.3504
232400 69.9514 71.3498
232500 70.2666 71.3493
232600 70.2876 71.3489
232700 70.232 71.3484
232800 70.1595 71.3479
232900 70.3056 71.3474
233000 70.3401 71.347
233100 70.0948 71.3465
233200 70.2447 71.346
233300 70.5438 71.3457
233400 70.2482 71.3452
233500 70.1222 71.3447
233600 69.8463 71.344
233700 69.9892 71.3434
233800 70.0944 71.3429
233900 70.393 71.3425
234000 70.4513 71.3421
234100 70.2457 71.3417
234200 70.4225 71.3413
234300 70.5125 71.3409
234400 70.0984 71.3404
234500 69.6668 71.3397
234600 70.1243 71.3392
234700 69.9794 71.3386
234800 69.8461 71.3379
234900 69.6997 71.3372
235000 70.3332 71.3368
235100 70.3448 71.3364
235200 70.2749 71.3359
235300 70.3333 71.3355
235400 70.4409 71.3351
235500 70.7338 71.3349
235600 70.3638 71.3345
235700 70.5135 71.3341
235800 70.3372 71.3337
235900 70.17 71.3332
236000 70.1995 71.3327
236100 70.5318 71.3324
236200 70.5358 71.332
236300 70.0909 71.3315
236400 69.9274 71.3309
236500 69.5768 71.3302
236600 69.6759 71.3295
236700 69.7444 71.3288
236800 69.8718 71.3282
236900 69.6947 71.3275
237000 69.3247 71.3267
237100 69.1304 71.3257
237200 69.3259 71.3249
237300 69.3882 71.3241
237400 69.4668 71.3233
237500 69.2658 71.3224
237600 69.338 71.3216
237700 69.6277 71.3209
237800 69.1312 71.32
237900 69.2488 71.3191
238000 69.2275 71.3182
238100 69.1479 71.3173
238200 69.7702 71.3166
238300 69.9314 71.3161
238400 70.0614 71.3155
238500 69.5574 71.3148
238600 69.7557 71.3142
238700 69.8758 71.3135
238800 69.5766 71.3128
238900 69.4665 71.312
239000 69.6198 71.3113
239100 69.8139 71.3107
239200 70.0236 71.3102
239300 70.3902 71.3098
239400 70.5944 71.3095
239500 70.3355 71.3091
239600 70.3596 71.3087
239700 70.4603 71.3083
239800 70.7467 71.3081
239900 70.1301 71.3076
240000 69.927 71.307
240100 69.9822 71.3065
240200 70.1594 71.306
240300 70.0597 71.3055
240400 69.5631 71.3048
240500 69.5405 71.304
240600 69.4091 71.3032
240700 69.6414 71.3026
240800 69.7961 71.3019
240900 69.9585 71.3014
241000 70.1734 71.3009
241100 70.7512 71.3007
241200 70.4848 71.3003
241300 70.0633 71.2998
241400 69.7853 71.2992
241500 70.0403 71.2987
241600 69.4699 71.2979
241700 69.5426 71.2972
241800 69.6865 71.2965
241900 70.1069 71.296
242000 70.4658 71.2957
242100 70.2181 71.2952
242200 70.2191 71.2948
242300 70.0594 71.2943
242400 70.0617 71.2938
242500 70.7631 71.2936
242600 70.3189 71.2932
242700 70.1555 71.2927
242800 69.8143 71.2921
242900 69.8667 71.2915
243000 70.1484 71.291
243100 70.2675 71.2906
243200 70.1486 71.2901
243300 70.224 71.2897
243400 69.8953 71.2891
243500 69.9785 71.2886
243600 70.1827 71.2881
243700 70.0714 71.2876
243800 69.8658 71.287
243900 70.0734 71.2866
244000 70.488 71.2862
244100 70.3014 71.2858
244200 70.1603 71.2854
244300 70.2888 71.285
244400 69.9154 71.2844
244500 69.941 71.2838
244600 70.1826 71.2834
244700 70.2197 71.283
244800 69.8371 71.2824
244900 70.7383 71.2821
245000 70.7583 71.2819
245100 70.6626 71.2817
245200 70.0208 71.2812
245300 69.6968 71.2805
245400 69.9416 71.28
245500 70.1072 71.2795
245600 70.1389 71.279
245700 70.0996 71.2785
245800 69.9468 71.278
245900 70.5901 71.2777
246000 70.2889 71.2773
246100 70.1637 71.2769
246200 70.2563 71.2765
246300 69.9791 71.2759
246400 69.8147 71.2753
246500 69.8232 71.2748
246600 69.7109 71.2741
246700 69.4372 71.2734
246800 69.9365 71.2728
246900 70.3141 71.2724
247000 70.109 71.272
247100 70.0732 71.2715
247200 70.2719 71.2711
247300 70.0294 71.2706
247400 69.6414 71.2699
247500 70.053 71.2694
247600 69.711 71.2688
247700 69.8555 71.2682
247800 69.7936 71.2676
247900 69.9568 71.2671
248000 70.025 71.2666
248100 70.1038 71.2661
248200 70.571 71.2659
248300 70.4835 71.2655
248400 70.5322 71.2652
248500 70.9432 71.2651
248600 70.7068 71.2649
248700 70.734 71.2647
248800 70.9163 71.2645
248900 70.2967 71.2641
249000 70.4687 71.2638
249100 70.8914 71.2637
249200 70.8026 71.2635
249300 69.9629 71.263
249400 70.6077 71.2627
249500 70.6978 71.2625
249600 70.3257 71.2621
249700 70.0343 71.2616
249800 69.6611 71.261
249900 70.1638 71.2605
250000 69.7859 71.2599
250100 70.0691 71.2595
250200 69.971 71.259
250300 70.1071 71.2585
250400 70.1224 71.258
250500 70.1041 71.2576
250600 70.0956 71.2571
250700 69.8768 71.2566
250800 70.0475 71.2561
250900 70.1801 71.2557
251000 70.6582 71.2554
251100 70.0877 71.255
251200 70.1141 71.2545
251300 70.8068 71.2543
251400 70.3543 71.254
251500 70.3567 71.2536
251600 69.8964 71.2531
251700 70.3986 71.2527
251800 70.2341 71.2523
251900 70.3227 71.252
252000 69.9471 71.2514
252100 69.8313 71.2509
252200 69.9189 71.2503
252300 70.0138 71.2499
252400 69.9142 71.2493
252500 69.9598 71.2488
252600 70.0081 71.2483
252700 69.9486 71.2478
252800 70.3619 71.2475
252900 70.1595 71.247
253000 70.0005 71.2465
253100 69.6166 71.2459
253200 69.6555 71.2453
253300 70.0778 71.2448
253400 70.6534 71.2446
253500 70.3891 71.2442
253600 70.7535 71.244
253700 71.0118 71.2439
253800 70.3189 71.2436
253900 69.9286 71.2431
254000 70.045 71.2426
254100 70.3088 71.2422
254200 70.0268 71.2417
254300 70.1296 71.2413
254400 69.8459 71.2408
254500 69.8294 71.2402
254600 70.3542 71.2399
254700 70.1382 71.2394
254800 70.3114 71.2391
254900 70.4263 71.2387
255000 70.3287 71.2384
255100 70.4371 71.2381
255200 70.5497 71.2378
255300 70.436 71.2375
255400 69.6337 71.2369
255500 70.0074 71.2364
255600 70.142 71.236
255700 70.3925 71.2356
255800 69.7724 71.235
255900 69.7065 71.2345
256000 70.0838 71.234
256100 69.8621 71.2335
256200 70.4145 71.2331
256300 70.3385 71.2328
256400 70.1689 71.2324
256500 69.878 71.2319
256600 69.8523 71.2313
256700 70.093 71.2309
256800 69.7173 71.2303
256900 69.9492 71.2298
257000 70.3178 71.2294
257100 71.0213 71.2293
257200 70.8256 71.2292
257300 70.1304 71.2288
257400 70.5008 71.2285
257500 69.969 71.228
257600 69.9208 71.2275
257700 69.8797 71.227
257800 69.5249 71.2263
257900 69.5497 71.2257
258000 70.1281 71.2252
258100 69.9553 71.2247
258200 70.2533 71.2244
258300 70.0854 71.2239
258400 69.7715 71.2234
258500 69.2487 71.2226
258600 70.2068 71.2222
258700 69.9754 71.2217
258800 70.7106 71.2215
258900 71.2784 71.2215
259000 70.3898 71.2212
259100 70.1168 71.2208
259200 69.7665 71.2202
259300 69.5893 71.2196
259400 69.7164 71.219
259500 70.2576 71.2187
259600 70.2879 71.2183
259700 70.731 71.2181
259800 70.4145 71.2178
259900 70.4344 71.2175
260000 70.3718 71.2172
260100 70.2322 71.2168
260200 70.5436 71.2165
260300 69.6134 71.2159
260400 69.882 71.2154
260500 69.8186 71.2149
260600 69.8122 71.2143
260700 69.7226 71.2138
260800 69.4318 71.2131
260900 69.1121 71.2123
261000 69.4224 71.2116
261100 69.7018 71.211
261200 70.0572 71.2106
261300 70.1971 71.2102
261400 69.7144 71.2096
261500 69.5845 71.209
261600 69.5612 71.2084
261700 69.7932 71.2078
261800 69.9415 71.2073
261900 69.9773 71.2069
262000 70.468 71.2066
262100 70.3276 71.2062
262200 70.6526 71.206
262300 70.7982 71.2059
262400 70.4625 71.2056
262500 70.2868 71.2052
262600 70.4496 71.205
262700 70.3388 71.2046
262800 70.7034 71.2044
262900 70.2905 71.2041
263000 70.077 71.2037
263100 69.6552 71.2031
263200 70.3823 71.2028
263300 70.6774 71.2026
263400 70.4753 71.2023
263500 70.6631 71.2021
263600 71.0385 71.202
263700 70.5802 71.2018
263800 69.9341 71.2013
263900 70.434 71.201
264000 70.1928 71.2006
264100 70.3223 71.2003
264200 70.5222 71.2
264300 70.5538 71.1998
264400 70.7446 71.1996
264500 70.4699 71.1993
264600 70.2366 71.199
264700 69.868 71.1985
264800 70.1457 71.1981
264900 70.446 71.1978
265000 70.2968 71.1975
265100 70.5147 71.1972
265200 69.7515 71.1967
265300 70.1361 71.1963
265400 70.1751 71.1959
265500 70.1328 71.1955
265600 70.043 71.195
265700 70.2768 71.1947
265800 70.7241 71.1945
265900 70.4122 71.1942
266000 70.3184 71.1939
266100 70.6077 71.1937
266200 70.063 71.1932
266300 70.6332 71.193
266400 70.1938 71.1927
266500 70.4343 71.1924
266600 70.4191 71.1921
266700 70.1118 71.1917
266800 70.5299 71.1914
266900 70.6379 71.1912
267000 70.2592 71.1909
267100 70.0931 71.1905
267200 70.0972 71.1901
267300 69.8473 71.1896
267400 69.9176 71.1891
267500 70.6822 71.1889
267600 70.0837 71.1885
267700 70.1488 71.1881
267800 70.1853 71.1877
267900 70.0459 71.1873
268000 70.0858 71.1869
268100 69.4585 71.1862
268200 69.7473 71.1857
268300 70.1557 71.1853
268400 70.1701 71.1849
268500 70.2935 71.1846
268600 70.4022 71.1843
268700 70.1041 71.1839
268800 69.9816 71.1835
268900 70.2815 71.1831
269000 70.238 71.1828
269100 70.7494 71.1826
269200 70.028 71.1822
269300 70.31 71.1819
269400 70.6638 71.1817
269500 70.7411 71.1815
269600 70.7124 71.1813
269700 70.3361 71.181
269800 70.233 71.1807
269900 69.6777 71.1801
270000 70.1732 71.1797
270100 70.2505 71.1794
270200 69.7217 71.1788
270300 70.2091 71.1785
270400 70.3297 71.1782
270500 69.7694 71.1777
270600 69.8003 71.1771
270700 69.655 71.1766
270800 69.3834 71.1759
270900 69.6051 71.1753
271000 69.5208 71.1747
271100 70.3154 71.1744
271200 70.2303 71.1741
271300 70.2105 71.1737
271400 70.2521 71.1734
271500 70.084 71.173
271600 70.1679 71.1726
271700 70.1902 71.1722
271800 69.7386 71.1717
271900 69.6737 71.1712
272000 69.6715 71.1706
272100 69.8059 71.1701
272200 69.5402 71.1695
272300 69.4355 71.1689
272400 69.4839 71.1683
272500 69.5276 71.1677
272600 70.002 71.1672
272700 70.0899 71.1668
272800 70.4914 71.1666
272900 70.8098 71.1665
273000 70.5327 71.1662
273100 70.2124 71.1659
273200 70.0731 71.1655
273300 70.0978 71.1651
273400 70.3494 71.1648
273500 70.5358 71.1646
273600 70.3242 71.1642
273700 70.7636 71.1641
273800 70.423 71.1638
273900 69.9491 71.1634
274000 69.8663 71.1629
274100 69.8094 71.1624
274200 69.7715 71.1619
274300 70.3187 71.1616
274400 70.4636 71.1613
274500 70.3182 71.161
274600 71.0444 71.161
274700 70.747 71.1608
274800 70.6178 71.1606
274900 70.1637 71.1603
275000 70.1813 71.1599
275100 69.856 71.1595
275200 70.0064 71.159
275300 69.8747 71.1586
275400 69.7253 71.1581
275500 69.9471 71.1576
275600 70.4229 71.1573
275700 70.1814 71.157
275800 70.0494 71.1566
275900 70.1475 71.1562
276000 69.7597 71.1557
276100 69.3799 71.1551
276200 69.3835 71.1544
276300 69.3901 71.1538
276400 69.3484 71.1531
276500 69.4765 71.1525
276600 69.8208 71.1521
276700 69.8534 71.1516
276800 69.9737 71.1512
276900 69.9312 71.1507
277000 70.3452 71.1504
277100 69.8668 71.15
277200 70.2406 71.1496
277300 70.3062 71.1493
277400 69.962 71.1489
277500 70.283 71.1486
277600 70.017 71.1482
277700 70.0515 71.1478
277800 70.176 71.1474
277900 69.7558 71.1469
278000 69.9074 71.1465
278100 69.9488 71.1461
278200 69.9597 71.1456
278300 70.5067 71.1454
278400 70.3121 71.1451
278500 70.3347 71.1448
278600 70.2261 71.1445
278700 70.2099 71.1441
278800 70.5843 71.1439
278900 69.8285 71.1435
279000 70.1117 71.1431
279100 70.1786 71.1428
279200 70.5732 71.1426
279300 70.3834 71.1423
279400 70.1596 71.1419
279500 70.3265 71.1416
279600 70.0422 71.1412
279700 70.6044 71.1411
279800 70.0239 71.1407
279900 70.4683 71.1404
280000 69.869 71.14
280100 70.5812 71.1398
280200 70.3153 71.1395
280300 70.2057 71.1391
280400 70.3025 71.1388
280500 70.5469 71.1386
280600 70.7212 71.1385
280700 70.6858 71.1383
280800 70.3897 71.1381
280900 70.3356 71.1378
281000 69.9387 71.1373
281100 69.7677 71.1369
281200 69.69 71.1363
281300 69.7532 71.1358
281400 69.7984 71.1354
281500 69.4792 71.1348
281600 69.5941 71.1342
281700 69.4948 71.1337
281800 69.9313 71.1332
281900 70.0144 71.1328
282000 70.1732 71.1325
282100 70.5274 71.1323
282200 69.9329 71.1318
282300 69.6198 71.1313
282400 69.5515 71.1308
282500 69.3587 71.1301
282600 69.5114 71.1296
282700 69.1651 71.1289
282800 69.3864 71.1282
282900 69.207 71.1276
283000 69.358 71.1269
283100 69.2896 71.1263
283200 69.6405 71.1258
283300 69.5523 71.1252
283400 69.2933 71.1246
283500 69.5072 71.124
283600 69.5209 71.1234
283700 69.4141 71.1228
283800 69.6117 71.1223
283900 69.5878 71.1218
284000 69.3774 71.1211
284100 69.6829 71.1206
284200 69.8848 71.1202
284300 69.8144 71.1197
284400 69.9972 71.1193
284500 70.0208 71.119
284600 69.9135 71.1185
284700 70.1409 71.1182
284800 69.9237 71.1178
284900 69.9947 71.1174
285000 70.1832 71.117
285100 69.9835 71.1167
285200 70.4041 71.1164
285300 70.0326 71.116
285400 70.1571 71.1157
285500 70.31 71.1154
285600 69.8365 71.115
285700 70.0282 71.1146
285800 70.4838 71.1144
285900 70.4404 71.1141
286000 70.2751 71.1138
286100 70.5858 71.1136
286200 70.3824 71.1134
286300 70.7795 71.1133
286400 70.6369 71.1131
286500 70.2391 71.1128
286600 70.1223 71.1125
286700 70.3219 71.1122
286800 69.9 71.1118
286900 69.7992 71.1113
287000 70.0858 71.1109
287100 69.902 71.1105
287200 69.9864 71.1101
287300 69.9568 71.1097
287400 70.4288 71.1095
287500 70.5115 71.1093
287600 69.9572 71.1089
287700 69.9372 71.1085
287800 69.4295 71.1079
287900 69.8682 71.1075
288000 69.9354 71.1071
288100 69.7738 71.1066
288200 69.5249 71.106
288300 69.7998 71.1056
288400 69.7837 71.1051
288500 70.2902 71.1048
288600 69.8364 71.1044
288700 70.0816 71.1041
288800 70.1126 71.1037
288900 69.8228 71.1033
289000 70.1901 71.1029
289100 70.033 71.1026
289200 69.9945 71.1022
289300 69.7886 71.1017
289400 69.6334 71.1012
289500 69.6746 71.1007
289600 69.8216 71.1003
289700 70.0817 71.0999
289800 70.7172 71.0998
289900 70.1283 71.0995
290000 70.1004 71.0991
290100 70.0875 71.0988
290200 70.1457 71.0985
290300 70.2334 71.0982
290400 69.7414 71.0977
290500 69.8767 71.0973
290600 69.9723 71.0969
290700 70.1424 71.0966
290800 70.2535 71.0963
290900 70.1408 71.0959
291000 70.1956 71.0956
291100 69.9754 71.0952
291200 69.9582 71.0949
291300 70.2578 71.0946
291400 70.2032 71.0943
291500 70.163 71.0939
291600 69.9659 71.0936
291700 69.8827 71.0931
291800 69.6928 71.0927
291900 70.1021 71.0923
292000 69.2902 71.0917
292100 69.8188 71.0913
292200 69.4441 71.0907
292300 69.1925 71.0901
292400 69.4855 71.0895
292500 69.6621 71.089
292600 69.4939 71.0885
292700 69.6521 71.088
292800 70.1307 71.0877
292900 69.8169 71.0872
293000 69.8317 71.0868
293100 70.4773 71.0866
293200 70.5888 71.0864
293300 70.7404 71.0863
293400 70.855 71.0862
293500 70.686 71.0861
293600 70.2224 71.0858
293700 70.0555 71.0854
293800 70.1962 71.0851
293900 70.2145 71.0848
294000 70.4479 71.0846
294100 70.0443 71.0843
294200 69.5093 71.0837
294300 69.4101 71.0832
294400 69.5935 71.0827
294500 69.8518 71.0822
294600 69.3259 71.0816
294700 69.9581 71.0813
294800 70.0579 71.0809
294900 69.573 71.0804
295000 69.3455 71.0798
295100 69.092 71.0791
295200 69.7058 71.0787
295300 70.0798 71.0783
295400 70.3566 71.0781
295500 70.2437 71.0778
295600 70.11 71.0775
295700 70.175 71.0772
295800 69.9439 71.0768
295900 70.1297 71.0765
296000 70.0504 71.0761
296100 70.2783 71.0759
296200 70.2148 71.0756
296300 70.322 71.0753
296400 70.5277 71.0751
296500 70.8168 71.075
296600 70.7785 71.0749
296700 70.6704 71.0748
296800 70.7821 71.0747
296900 70.4986 71.0745
297000 70.6211 71.0744
297100 70.8793 71.0743
297200 71.0888 71.0743
297300 71.0783 71.0743
297400 70.5507 71.0741
297500 70.5513 71.074
297600 70.391 71.0737
297700 70.2204 71.0734
297800 70.1663 71.0731
297900 70.5591 71.073
298000 70.1173 71.0726
298100 70.1431 71.0723
298200 70.2493 71.072
298300 69.9665 71.0717
298400 70.2065 71.0714
298500 70.337 71.0711
298600 70.2613 71.0709
298700 70.3995 71.0706
298800 70.3503 71.0704
298900 70.4671 71.0702
299000 70.2991 71.0699
299100 70.0448 71.0696
299200 70.17 71.0693
299300 70.4144 71.0691
299400 70.6206 71.0689
299500 70.338 71.0687
299600 69.9503 71.0683
299700 70.1409 71.068
299800 70.4505 71.0678
299900 70.6176 71.0676
300000 70.2306 71.0674
300100 69.9199 71.067
300200 70.237 71.0667
300300 70.4283 71.0665
300400 69.964 71.0661
300500 69.9279 71.0658
300600 70.2215 71.0655
300700 70.5145 71.0653
300800 70.1975 71.065
300900 70.1918 71.0647
301000 70.4808 71.0645
301100 70.5007 71.0643
301200 70.5668 71.0642
301300 70.5794 71.064
301400 69.9208 71.0636
301500 69.815 71.0632
301600 69.8415 71.0628
301700 69.9566 71.0624
301800 70.3183 71.0622
301900 70.2055 71.0619
302000 70.1594 71.0616
302100 70.6674 71.0615
302200 70.8806 71.0614
302300 70.4271 71.0612
302400 70.7737 71.0611
302500 70.7625 71.061
302600 70.3749 71.0608
302700 70.1524 71.0605
302800 69.5551 71.06
302900 69.705 71.0595
303000 69.5249 71.059
303100 69.6395 71.0586
303200 70.0363 71.0582
303300 70.1688 71.0579
303400 70.3112 71.0577
303500 69.9355 71.0573
303600 69.4973 71.0568
303700 69.5095 71.0563
303800 70.1776 71.056
303900 70.0623 71.0557
304000 69.8808 71.0553
304100 70.0044 71.055
304200 69.7745 71.0545
304300 69.7129 71.0541
304400 70.3186 71.0538
304500 70.0443 71.0535
304600 70.0425 71.0532
304700 70.3036 71.0529
304800 69.5651 71.0525
304900 70.3281 71.0522
305000 70.4556 71.052
305100 70.6571 71.0519
305200 70.8626 71.0518
305300 70.8606 71.0518
305400 70.3797 71.0515
305500 70.5687 71.0514
305600 70.468 71.0512
305700 70.3343 71.051
305800 70.5056 71.0508
305900 70.0732 71.0505
306000 70.2976 71.0502
306100 69.9218 71.0498
306200 69.7034 71.0494
306300 69.7978 71.049
306400 69.9896 71.0487
306500 69.7359 71.0482
306600 69.4996 71.0477
306700 70.1311 71.0474
306800 70.6327 71.0473
306900 69.8363 71.0469
307000 69.825 71.0465
307100 69.7974 71.0461
307200 70.0652 71.0458
307300 70.4531 71.0456
307400 70.1632 71.0453
307500 69.7675 71.0449
307600 69.8972 71.0445
307700 70.2079 71.0442
307800 69.9394 71.0439
307900 70.1746 71.0436
308000 69.9352 71.0432
308100 70.105 71.0429
308200 69.7263 71.0425
308300 69.9889 71.0422
308400 69.7447 71.0417
308500 69.9343 71.0414
308600 70.1156 71.0411
308700 70.3991 71.0409
308800 70.1413 71.0406
308900 70.083 71.0403
309000 69.7018 71.0398
309100 70.2805 71.0396
309200 69.7378 71.0392
309300 70.0061 71.0388
309400 69.8858 71.0385
309500 70.1206 71.0382
309600 70.1103 71.0379
309700 70.2628 71.0376
309800 70.1064 71.0373
309900 69.7083 71.0369
310000 69.7112 71.0365
310100 69.9132 71.0361
310200 69.6114 71.0356
310300 69.5069 71.0351
310400 70.1232 71.0348
310500 70.7074 71.0347
310600 70.1573 71.0345
310700 70.0963 71.0342
310800 70.6512 71.034
310900 70.0781 71.0337
311000 70.1269 71.0334
311100 70.1023 71.0331
311200 70.1023 71.0328
311300 70.0561 71.0325
311400 70.247 71.0323
311500 70.0237 71.0319
311600 70.2266 71.0317
311700 69.8978 71.0313
311800 70.1855 71.0311
311900 70.2034 71.0308
312000 70.1312 71.0305
312100 70.1871 71.0302
312200 70.1353 71.0299
312300 69.6791 71.0295
312400 69.7822 71.0291
312500 69.6635 71.0287
312600 69.5245 71.0282
312700 69.9492 71.0278
312800 70.3049 71.0276
312900 69.7648 71.0272
313000 69.9781 71.0269
313100 70.3505 71.0267
313200 70.5426 71.0265
313300 70.3855 71.0263
313400 70.2926 71.0261
313500 70.59 71.0259
313600 70.2319 71.0257
313700 69.8657 71.0253
313800 69.7739 71.0249
313900 70.384 71.0247
314000 70.4003 71.0245
314100 70.726 71.0244
314200 70.9637 71.0244
314300 70.4998 71.0242
314400 70.2011 71.024
314500 70.4004 71.0238
314600 70.0205 71.0234
314700 70.3492 71.0232
314800 70.1779 71.023
314900 70.9241 71.0229
315000 70.5885 71.0228
315100 70.0049 71.0225
315200 70.2914 71.0222
315300 70.5023 71.0221
315400 70.3329 71.0219
315500 70.9576 71.0218
315600 70.2853 71.0216
315700 70.6678 71.0215
315800 70.314 71.0213
315900 69.7847 71.0209
316000 69.9101 71.0205
316100 69.8317 71.0201
316200 69.849 71.0198
316300 69.7666 71.0194
316400 69.339 71.0188
316500 69.5266 71.0184
316600 69.5003 71.0179
316700 70.0585 71.0176
316800 69.9991 71.0173
316900 70.0404 71.017
317000 70.1322 71.0167
317100 69.8652 71.0163
317200 70.178 71.0161
317300 69.9138 71.0157
317400 70.5209 71.0156
317500 70.3727 71.0153
317600 70.362 71.0151
317700 70.0784 71.0148
317800 70.2023 71.0146
317900 70.04 71.0143
318000 70.2031 71.014
318100 70.5446 71.0139
318200 70.3947 71.0137
318300 70.3187 71.0135
318400 69.767 71.0131
318500 69.9462 71.0127
318600 70.1971 71.0125
318700 70.0081 71.0122
318800 69.7984 71.0118
318900 69.3862 71.0113
319000 69.6231 71.0108
319100 69.4345 71.0104
319200 69.9283 71.01
319300 69.8228 71.0096
319400 70.0026 71.0093
319500 69.4572 71.0088
319600 69.6697 71.0084
319700 69.8273 71.0081
319800 69.7729 71.0077
319900 69.7271 71.0073
320000 69.7324 71.0069
320100 69.6119 71.0064
320200 70.7993 71.0064
320300 71.2203 71.0064
320400 71.1784 71.0065
320500 70.8025 71.0064
320600 70.4038 71.0062
320700 69.8365 71.0059
320800 69.6403 71.0054
320900 69.5842 71.005
321000 69.826 71.0046
321100 70.3743 71.0044
321200 70.0853 71.0042
321300 70.053 71.0039
321400 70.2531 71.0036
321500 70.4173 71.0034
321600 70.6012 71.0033
321700 70.5633 71.0032
321800 70.2143 71.0029
321900 70.7045 71.0028
322000 70.7559 71.0028
322100 70.9991 71.0028
322200 70.6011 71.0026
322300 70.656 71.0025
322400 70.0761 71.0022
322500 70.1788 71.002
322600 70.6108 71.0019
322700 70.262 71.0016
322800 70.2043 71.0014
322900 70.3904 71.0012
323000 70.2221 71.001
323100 70.2675 71.0007
323200 70.1794 71.0005
323300 70.0144 71.0002
323400 70.0608 70.9999
323500 69.9574 70.9996
323600 69.3908 70.9991
323700 69.8411 70.9987
323800 69.7523 70.9983
323900 70.3235 70.9981
324000 70.1916 70.9979
324100 70.443 70.9977
324200 70.0868 70.9974
324300 70.1979 70.9972
324400 70.1085 70.9969
324500 70.2912 70.9967
324600 69.6001 70.9962
324700 69.9127 70.9959
324800 69.8337 70.9956
324900 70.1073 70.9953
325000 69.6022 70.9949
325100 69.7723 70.9945
325200 69.9988 70.9942
325300 69.8394 70.9938
325400 69.9648 70.9935
325500 70.3025 70.9933
325600 70.5676 70.9932
325700 70.1034 70.9929
325800 70.3095 70.9927
325900 70.3174 70.9925
326000 70.3478 70.9923
326100 69.7429 70.9919
326200 70.0746 70.9916
326300 70.4412 70.9914
326400 70.5377 70.9913
326500 70.3927 70.9911
326600 70.4607 70.9909
326700 70.3588 70.9908
326800 69.8062 70.9904
326900 69.9425 70.9901
327000 69.9138 70.9897
327100 69.9076 70.9894
327200 70.2477 70.9892
327300 70.0435 70.9889
327400 70.329 70.9887
327500 70.2885 70.9885
327600 69.9732 70.9882
327700 70.5356 70.988
327800 69.846 70.9877
327900 69.7837 70.9873
328000 69.9488 70.987
328100 70.247 70.9868
328200 70.0931 70.9865
328300 69.8201 70.9861
328400 70.7097 70.9861
328500 70.2955 70.9859
328600 70.4939 70.9857
328700 70.41 70.9855
328800 70.3855 70.9853
328900 70.6029 70.9852
329000 70.8666 70.9852
329100 70.9396 70.9852
329200 70.619 70.9851
329300 70.9705 70.9851
329400 70.93 70.985
329500 70.7953 70.985
329600 70.5725 70.9849
329700 70.314 70.9847
329800 70.7515 70.9846
329900 70.6438 70.9845
330000 70.3338 70.9843
330100 70.1301 70.984
330200 69.9399 70.9837
330300 70.2078 70.9835
330400 70.3443 70.9833
330500 70.4732 70.9831
330600 70.4448 70.983
330700 70.4136 70.9828
330800 70.1061 70.9825
330900 69.9221 70.9822
331000 69.7918 70.9819
331100 70.3248 70.9817
331200 70.1971 70.9814
331300 70.7337 70.9813
331400 70.5899 70.9812
331500 70.4378 70.9811
331600 70.2756 70.9808
331700 70.4513 70.9807
331800 70.1648 70.9804
331900 70.0468 70.9802
332000 70.417 70.98
332100 70.5553 70.9799
332200 70.2304 70.9796
332300 70.4528 70.9795
332400 70.2337 70.9793
332500 70.6247 70.9791
332600 70.7259 70.9791
332700 70.716 70.979
332800 70.4837 70.9788
332900 70.4863 70.9787
333000 70.6049 70.9786
333100 70.9833 70.9786
333200 70.5614 70.9785
333300 70.3736 70.9783
333400 70.2329 70.9781
333500 70.2212 70.9778
333600 70.2283 70.9776
333700 69.972 70.9773
333800 70.311 70.9771
333900 70.009 70.9768
334000 70.3966 70.9766
334100 70.5307 70.9765
334200 70.2538 70.9763
334300 70.4183 70.9761
334400 70.996 70.9761
334500 70.7092 70.976
334600 70.9338 70.976
334700 70.5274 70.9759
334800 70.2439 70.9757
334900 70.4793 70.9755
335000 70.2512 70.9753
335100 69.934 70.975
335200 69.9434 70.9747
335300 69.903 70.9744
335400 70.0535 70.9741
335500 70.2855 70.9739
335600 70.3621 70.9737
335700 69.916 70.9734
335800 69.6603 70.973
335900 69.9345 70.9727
336000 70.3464 70.9725
336100 70.2474 70.9723
336200 70.6332 70.9722
336300 70.5403 70.9721
336400 70.7636 70.972
336500 70.5137 70.9719
336600 70.3132 70.9717
336700 69.6563 70.9713
336800 69.6547 70.9709
336900 69.8082 70.9706
337000 69.875 70.9702
337100 69.9076 70.9699
337200 69.9519 70.9696
337300 69.6907 70.9692
337400 69.525 70.9688
337500 69.7353 70.9684
337600 70.1406 70.9682
337700 70.1541 70.968
337800 70.1224 70.9677
337900 70.1136 70.9674
338000 70.1233 70.9672
338100 70.1091 70.9669
338200 70.0666 70.9667
338300 69.8905 70.9664
338400 70.2949 70.9662
338500 70.1797 70.9659
338600 69.64 70.9655
338700 69.8779 70.9652
338800 69.8041 70.9649
338900 69.7679 70.9645
339000 70.2475 70.9643
339100 70.388 70.9641
339200 70.2179 70.9639
339300 70.6703 70.9638
339400 70.2517 70.9636
339500 70.2867 70.9634
339600 70.4596 70.9633
339700 70.1668 70.963
339800 69.8457 70.9627
339900 69.9649 70.9624
340000 69.5637 70.962
340100 69.6881 70.9616
340200 69.5887 70.9612
340300 69.7847 70.9609
340400 69.6905 70.9605
340500 69.7678 70.9602
340600 70.4111 70.96
340700 70.0861 70.9597
340800 69.9923 70.9595
340900 69.5634 70.959
341000 69.7465 70.9587
341100 68.976 70.9581
341200 69.24 70.9576
341300 69.551 70.9572
341400 69.1907 70.9567
341500 69.4202 70.9562
341600 69.9195 70.9559
341700 70.213 70.9557
341800 70.1465 70.9555
341900 69.9854 70.9552
342000 70.4726 70.955
342100 70.258 70.9548
342200 69.8089 70.9545
342300 69.8142 70.9542
342400 70.0547 70.9539
342500 69.9225 70.9536
342600 70.5583 70.9535
342700 70.2587 70.9533
342800 70.2721 70.9531
342900 70.0899 70.9528
343000 70.9519 70.9528
343100 70.3085 70.9527
343200 70.1362 70.9524
343300 70.143 70.9522
343400 70.2957 70.952
343500 70.2494 70.9518
343600 70.4328 70.9516
343700 70.4355 70.9515
343800 70.4646 70.9513
343900 70.1854 70.9511
344000 70.2078 70.9509
344100 70.3694 70.9507
344200 70.4124 70.9506
344300 70.5887 70.9505
344400 70.6107 70.9504
344500 70.6972 70.9503
344600 70.3981 70.9501
344700 70.8072 70.9501
344800 70.2887 70.9499
344900 70.1641 70.9497
345000 69.8525 70.9494
345100 70.0618 70.9491
345200 70.5926 70.949
345300 70.2327 70.9488
345400 69.8818 70.9485
345500 69.9432 70.9482
345600 69.535 70.9478
345700 70.0538 70.9475
345800 69.9753 70.9472
345900 70.2049 70.947
346000 70.5105 70.9469
346100 70.314 70.9467
346200 69.9688 70.9464
346300 69.8925 70.9461
346400 70.2298 70.9459
346500 69.7563 70.9456
346600 69.8443 70.9453
346700 69.8916 70.945
346800 70 70.9447
346900 70.1705 70.9445
347000 70.0503 70.9442
347100 69.8397 70.9439
347200 69.8063 70.9436
347300 69.8492 70.9432
347400 69.4648 70.9428
347500 69.6441 70.9424
347600 69.7405 70.9421
347700 69.4988 70.9417
347800 69.5856 70.9413
347900 70.0526 70.941
348000 69.6811 70.9407
348100 69.8225 70.9404
348200 70.0166 70.9401
348300 69.9336 70.9398
348400 69.7012 70.9394
348500 69.8782 70.9391
348600 70.1349 70.9389
348700 70.343 70.9387
348800 69.942 70.9385
348900 69.7606 70.9381
349000 69.5596 70.9377
349100 69.8152 70.9374
349200 69.8282 70.9371
349300 70.0433 70.9368
349400 70.0808 70.9366
349500 69.9402 70.9363
349600 69.8896 70.936
349700 70.0933 70.9358
349800 70.1933 70.9355
349900 70.4759 70.9354
350000 70.5807 70.9353
350100 70.1639 70.9351
350200 70.7368 70.935
350300 70.8729 70.935
350400 70.3821 70.9349
350500 70.2284 70.9347
350600 70.3998 70.9345
350700 70.3508 70.9343
350800 70.4814 70.9342
350900 70.4963 70.9341
351000 70.6374 70.934
351100 70.696 70.9339
351200 70.2494 70.9337
351300 70.4931 70.9336
351400 70.7804 70.9336
351500 70.7607 70.9335
351600 70.4308 70.9334
351700 70.4611 70.9332
351800 70.5482 70.9331
351900 70.5048 70.933
352000 70.0803 70.9328
352100 70.664 70.9327
352200 70.3998 70.9325
352300 70.6212 70.9325
352400 70.4685 70.9323
352500 70.2148 70.9321
352600 69.9375 70.9318
352700 70.4538 70.9317
352800 70.0256 70.9314
352900 70.0642 70.9312
353000 70.0849 70.931
353100 69.95 70.9307
353200 70.2573 70.9305
353300 70.1272 70.9303
353400 70.24 70.9301
353500 69.9165 70.9298
353600 70.3555 70.9296
353700 70.4116 70.9295
353800 70.0451 70.9292
353900 69.6983 70.9289
354000 70.2296 70.9287
354100 70.249 70.9285
354200 70.4454 70.9283
354300 70.3949 70.9282
354400 70.4196 70.9281
354500 70.4043 70.9279
354600 70.1198 70.9277
354700 70.3238 70.9275
354800 70.0787 70.9273
354900 70.3336 70.9271
355000 69.9645 70.9268
355100 70.2678 70.9266
355200 70.0013 70.9264
355300 70.0936 70.9262
355400 70.0654 70.9259
355500 70.2152 70.9257
355600 70.3037 70.9255
355700 70.4178 70.9254
355800 69.9901 70.9251
355900 70.2095 70.9249
356000 69.8624 70.9246
356100 69.9482 70.9244
356200 70.3727 70.9242
356300 70.6537 70.9241
356400 70.1779 70.9239
356500 70.3794 70.9238
356600 70.1689 70.9235
356700 69.9743 70.9233
356800 69.8738 70.923
356900 69.9692 70.9227
357000 69.7477 70.9224
357100 70.1954 70.9222
357200 70.3096 70.922
357300 69.7514 70.9217
357400 70.2134 70.9215
357500 70.1547 70.9213
357600 69.452 70.9209
357700 69.9622 70.9206
357800 70.0232 70.9203
357900 70.0237 70.9201
358000 70.1172 70.9199
358100 69.7981 70.9196
358200 69.5422 70.9192
358300 69.1231 70.9187
358400 69.2817 70.9182
358500 70.0074 70.918
358600 70.1986 70.9178
358700 70.206 70.9176
358800 70.2886 70.9174
358900 70.4288 70.9173
359000 70.671 70.9172
359100 71.1401 70.9172
359200 70.8473 70.9172
359300 70.7156 70.9172
359400 70.0681 70.9169
359500 70.1236 70.9167
359600 69.7925 70.9164
359700 70.1997 70.9162
359800 70.8076 70.9162
359900 70.7409 70.9161
360000 70.8112 70.9161
360100 70.5141 70.916
360200 70.5384 70.9159
360300 70.6586 70.9158
360400 70.7367 70.9158
360500 70.4378 70.9156
360600 70.3315 70.9155
360700 70.444 70.9153
360800 70.3093 70.9152
360900 70.3231 70.915
361000 70.6846 70.9149
361100 70.4523 70.9148
361200 70.1342 70.9146
361300 69.9363 70.9143
361400 70.0761 70.9141
361500 70.0304 70.9138
361600 71.2178 70.9139
361700 70.9941 70.9139
361800 70.813 70.9139
361900 70.4194 70.9138
362000 70.23 70.9136
362100 70.2702 70.9134
362200 70.4644 70.9133
362300 70.5943 70.9132
362400 70.573 70.9131
362500 70.7324 70.9131
362600 70.315 70.9129
362700 70.3889 70.9128
362800 71.0655 70.9128
362900 70.3919 70.9127
363000 70.1018 70.9124
363100 70.1429 70.9122
363200 69.9922 70.912
363300 70.2441 70.9118
363400 70.079 70.9116
363500 70.1098 70.9113
363600 70.4642 70.9112
363700 70.0099 70.911
363800 70.0392 70.9107
363900 70.315 70.9106
364000 70.1011 70.9103
364100 70.2745 70.9102
364200 70.0269 70.9099
364300 70.027 70.9097
364400 70.4848 70.9096
364500 70.4214 70.9094
364600 70.1033 70.9092
364700 70.0817 70.909
364800 70.0843 70.9087
364900 69.9049 70.9085
365000 70.2667 70.9083
365100 70.3165 70.9081
365200 70.5868 70.908
365300 70.3778 70.9079
365400 70.5077 70.9078
365500 70.2993 70.9076
365600 69.6799 70.9073
365700 69.4426 70.9069
365800 69.877 70.9066
365900 69.6617 70.9063
366000 69.8657 70.906
366100 69.6262 70.9056
366200 70.0511 70.9054
366300 70.404 70.9053
366400 70.6648 70.9052
366500 70.5464 70.9051
366600 70.556 70.905
366700 70.4495 70.9049
366800 70.646 70.9048
366900 70.2633 70.9046
367000 69.9964 70.9044
367100 70.2603 70.9042
367200 70.3268 70.9041
367300 70.8377 70.904
367400 70.6645 70.904
367500 70.1802 70.9038
367600 70.6399 70.9037
367700 70.6233 70.9036
367800 70.5413 70.9035
367900 70.2532 70.9034
368000 70.6409 70.9033
368100 70.7288 70.9032
368200 70.3818 70.9031
368300 70.6429 70.903
368400 70.3225 70.9029
368500 69.9528 70.9026
368600 69.9212 70.9023
368700 70.199 70.9021
368800 70.4142 70.902
368900 70.0883 70.9018
369000 70.0204 70.9016
369100 70.1535 70.9014
369200 70.3178 70.9012
369300 70.0115 70.901
369400 70.0049 70.9007
369500 69.3632 70.9003
369600 70.0172 70.9001
369700 70.0327 70.8998
369800 70.2581 70.8997
369900 70.4936 70.8995
370000 70.4685 70.8994
370100 70.0087 70.8992
370200 70.0922 70.899
370300 70.3492 70.8988
370400 70.1774 70.8986
370500 70.3235 70.8985
370600 70.536 70.8984
370700 70.4603 70.8983
370800 70.1664 70.8981
370900 70.1951 70.8979
371000 70.0049 70.8976
371100 69.9633 70.8974
371200 69.6614 70.897
371300 69.1625 70.8966
371400 70.0618 70.8963
371500 70.2834 70.8962
371600 69.9137 70.8959
371700 70.4854 70.8958
371800 70.3919 70.8957
371900 69.7632 70.8954
372000 70.0772 70.8951
372100 69.9146 70.8949
372200 69.9286 70.8946
372300 70.2852 70.8945
372400 70.1886 70.8943
372500 70.3778 70.8941
372600 69.8341 70.8938
372700 69.7875 70.8936
372800 69.4737 70.8932
372900 69.7923 70.8929
373000 70.0022 70.8926
373100 69.8461 70.8924
373200 70.1494 70.8922
373300 70.4872 70.892
373400 70.3241 70.8919
373500 70.3389 70.8917
373600 70.6441 70.8917
373700 70.692 70.8916
373800 70.1386 70.8914
373900 70.3553 70.8913
374000 70.7108 70.8912
374100 70.6678 70.8912
374200 70.6822 70.8911
374300 70.4299 70.891
374400 70.0329 70.8908
374500 69.527 70.8904
374600 69.6163 70.8901
374700 69.9229 70.8898
374800 69.701 70.8895
374900 69.905 70.8892
375000 70.2591 70.8891
375100 70.0972 70.8888
375200 70.1517 70.8886
375300 70.1604 70.8885
375400 70.3821 70.8883
375500 70.1225 70.8881
375600 70.4565 70.888
375700 70.7631 70.888
375800 70.6008 70.8879
375900 70.2678 70.8877
376000 70.4678 70.8876
376100 70.1758 70.8874
376200 70.445 70.8873
376300 70.719 70.8873
376400 70.5536 70.8872
376500 70.4239 70.8871
376600 70.2701 70.8869
376700 70.1886 70.8867
376800 70.4383 70.8866
376900 70.3724 70.8864
377000 70.1094 70.8862
377100 70.3926 70.8861
377200 70.5882 70.886
377300 70.2228 70.8859
377400 70.7556 70.8858
377500 70.5242 70.8857
377600 70.4295 70.8856
377700 70.2777 70.8854
377800 70.3566 70.8853
377900 70.1071 70.8851
378000 69.6447 70.8848
378100 69.8661 70.8845
378200 69.8071 70.8842
378300 69.7287 70.8839
378400 69.9267 70.8837
378500 69.8049 70.8834
378600 70.0284 70.8831
378700 70.041 70.8829
378800 69.7702 70.8826
378900 70.0652 70.8824
379000 70.6682 70.8824
379100 70.3195 70.8822
379200 70.5073 70.8821
379300 70.2667 70.8819
379400 70.3761 70.8818
379500 70.3791 70.8817
379600 70.6125 70.8816
379700 70.5852 70.8815
379800 70.3003 70.8814
379900 69.7879 70.8811
380000 69.9872 70.8809
380100 69.3182 70.8804
380200 69.6346 70.8801
380300 70.084 70.8799
380400 70.3201 70.8798
380500 70.3323 70.8796
380600 70.3043 70.8795
380700 70.0845 70.8793
380800 69.8532 70.879
380900 69.9376 70.8787
381000 70.2339 70.8786
381100 70.2521 70.8784
381200 70.4844 70.8783
381300 69.8248 70.878
381400 70.0564 70.8778
381500 70.3426 70.8777
381600 69.7752 70.8774
381700 69.7386 70.8771
381800 70.1539 70.8769
381900 70.171 70.8767
382000 70.0061 70.8765
382100 70.3676 70.8763
382200 70.3948 70.8762
382300 70.4185 70.8761
382400 70.1596 70.8759
382500 69.7752 70.8756
382600 69.9021 70.8754
382700 70.0762 70.8752
382800 70.1616 70.875
382900 69.8822 70.8747
383000 69.9654 70.8745
383100 69.5538 70.8741
383200 69.8324 70.8739
383300 69.9857 70.8736
383400 70.4728 70.8735
383500 70.0272 70.8733
383600 69.7322 70.873
383700 69.6387 70.8727
383800 69.792 70.8724
383900 70.6792 70.8724
384000 70.2623 70.8722
384100 70.0579 70.872
384200 69.8676 70.8717
384300 69.8394 70.8715
384400 69.6524 70.8711
384500 69.9009 70.8709
384600 70.055 70.8707
384700 69.8639 70.8704
384800 69.6921 70.8701
384900 69.9131 70.8699
385000 69.6883 70.8696
385100 70.0165 70.8693
385200 69.3822 70.8689
385300 69.4806 70.8686
385400 69.9323 70.8683
385500 70.277 70.8682
385600 70.022 70.868
385700 69.9931 70.8677
385800 70.2403 70.8676
385900 69.7615 70.8673
386000 69.8592 70.867
386100 70.3406 70.8669
386200 69.7223 70.8666
386300 69.8375 70.8663
386400 69.6677 70.866
386500 70.0251 70.8658
386600 70.2669 70.8656
386700 70.0723 70.8654
386800 70.1297 70.8653
386900 69.8609 70.865
387000 69.6887 70.8647
387100 69.8792 70.8644
387200 69.5017 70.8641
387300 70.1458 70.8639
387400 69.9899 70.8637
387500 69.8896 70.8634
387600 70.2474 70.8633
387700 69.8737 70.863
387800 70.0896 70.8628
387900 69.8423 70.8625
388000 69.764 70.8623
388100 69.3894 70.8619
388200 69.6195 70.8616
388300 69.488 70.8612
388400 69.6179 70.8609
388500 69.8072 70.8606
388600 69.1543 70.8602
388700 69.2574 70.8598
388800 69.5494 70.8594
388900 69.9363 70.8592
389000 69.8804 70.8589
389100 69.715 70.8586
389200 70.0499 70.8584
389300 69.8624 70.8582
389400 69.7263 70.8579
389500 69.6445 70.8576
389600 69.5822 70.8573
389700 70.132 70.8571
389800 69.7913 70.8568
389900 69.8644 70.8565
390000 69.8327 70.8563
390100 69.8248 70.856
390200 69.6279 70.8557
390300 69.3751 70.8553
390400 69.9308 70.8551
390500 69.8666 70.8548
390600 70.0527 70.8546
390700 70.0314 70.8544
390800 70.0293 70.8542
390900 69.9687 70.854
391000 70.32 70.8538
391100 70.3423 70.8537
391200 70.6889 70.8537
391300 70.0635 70.8535
391400 70.2224 70.8533
391500 70.2641 70.8531
391600 69.8253 70.8529
391700 69.9901 70.8527
391800 70.0039 70.8525
391900 70.0641 70.8522
392000 69.9112 70.852
392100 69.7537 70.8517
392200 70.2016 70.8516
392300 70.4013 70.8514
392400 70.3556 70.8513
392500 69.9846 70.8511
392600 70.2372 70.8509
392700 70.4337 70.8508
392800 70.4918 70.8507
392900 70.4213 70.8506
393000 70.7673 70.8506
393100 70.8809 70.8506
393200 70.5629 70.8506
393300 70.5418 70.8505
393400 70.3139 70.8503
393500 70.1856 70.8502
393600 70.1892 70.85
393700 70.7159 70.85
393800 70.654 70.8499
393900 70.1416 70.8497
394000 70.2434 70.8496
394100 70.5427 70.8495
394200 70.13 70.8493
394300 70.3616 70.8492
394400 70.4838 70.8491
394500 70.6258 70.849
394600 70.5844 70.849
394700 71.224 70.8491
394800 71.2073 70.8492
394900 70.7338 70.8491
395000 71.2234 70.8492
395100 71.0453 70.8493
395200 71.0387 70.8493
395300 71.1604 70.8494
395400 70.9342 70.8494
395500 71.2534 70.8495
395600 70.7601 70.8495
395700 70.5279 70.8494
395800 70.238 70.8493
395900 70.5015 70.8492
396000 70.7657 70.8492
396100 71.2474 70.8493
396200 70.8906 70.8493
396300 70.731 70.8492
396400 71.1345 70.8493
396500 70.9003 70.8493
396600 70.9896 70.8494
396700 70.8611 70.8494
396800 71.1444 70.8494
396900 70.7214 70.8494
397000 70.77 70.8494
397100 70.9441 70.8494
397200 70.4851 70.8493
397300 70.3442 70.8492
397400 70.4584 70.8491
397500 70.2508 70.8489
397600 69.9027 70.8487
397700 70.1306 70.8485
397800 70.5269 70.8484
397900 70.4071 70.8483
398000 70.149 70.8482
398100 70.0375 70.848
398200 70.3855 70.8478
398300 69.973 70.8476
398400 70.0999 70.8474
398500 69.9624 70.8472
398600 70.3464 70.8471
398700 70.5457 70.847
398800 70.6023 70.847
398900 70.6238 70.8469
399000 70.6249 70.8468
399100 70.6022 70.8468
399200 70.3294 70.8466
399300 70.5902 70.8466
399400 70.4657 70.8465
399500 70.2939 70.8463
399600 70.5212 70.8463
399700 70.0235 70.8461
399800 70.0307 70.8459
399900 69.7522 70.8456
400000 70.4041 70.8455
