100 69.6149 69.6149
200 68.8778 69.2463
300 69.2188 69.2372
400 69.43 69.2854
500 69.8111 69.3905
600 69.2653 69.3696
700 69.5324 69.3929
800 69.9883 69.4673
900 69.68 69.4909
1000 68.8712 69.429
1100 69.2813 69.4156
1200 69.7214 69.441
1300 69.6298 69.4556
1400 70.0457 69.4977
1500 70.3743 69.5562
1600 70.1608 69.594
1700 70.7034 69.6592
1800 69.5151 69.6512
1900 69.2902 69.6322
2000 68.7325 69.5872
2100 68.9786 69.5582
2200 70.3684 69.5951
2300 69.4457 69.5886
2400 70.059 69.6082
2500 69.9296 69.621
2600 70.1808 69.6426
2700 70.6942 69.6815
2800 71.1817 69.7351
2900 70.5324 69.7626
3000 69.5084 69.7541
3100 69.6391 69.7504
3200 69.9463 69.7565
3300 71.072 69.7964
3400 70.4468 69.8155
3500 70.4497 69.8336
3600 71.234 69.8725
3700 71.6074 69.9194
3800 72.0569 69.9757
3900 72.0809 70.0296
4000 72.371 70.0882
4100 72.4262 70.1452
4200 72.5764 70.2031
4300 71.294 70.2285
4400 70.8138 70.2418
4500 71.6472 70.273
4600 70.7452 70.2833
4700 70.6757 70.2916
4800 71.408 70.3149
4900 71.3789 70.3366
5000 71.5462 70.3608
5100 71.3322 70.3798
5200 71.221 70.396
5300 71.6317 70.4193
5400 71.2418 70.4345
5500 70.9857 70.4446
5600 70.2796 70.4416
5700 70.4312 70.4414
5800 71.7674 70.4643
5900 71.7383 70.4859
6000 71.701 70.5061
6100 71.3394 70.5198
6200 71.0693 70.5287
6300 72.0092 70.5522
6400 71.8939 70.5731
6500 71.8198 70.5923
6600 72.054 70.6145
6700 71.1757 70.6228
6800 71.4503 70.635
6900 71.7661 70.6514
7000 71.6784 70.6661
7100 71.3382 70.6755
7200 71.5304 70.6874
7300 72.2384 70.7087
7400 71.1794 70.715
7500 71.7696 70.7291
7600 72.2754 70.7494
7700 72.6142 70.7736
7800 72.8215 70.7999
7900 71.9425 70.8144
8000 72.0874 70.8303
8100 71.8457 70.8428
8200 71.2841 70.8482
8300 72.1161 70.8635
8400 71.7275 70.8738
8500 71.4376 70.8804
8600 71.9408 70.8927
8700 72.2395 70.9082
8800 71.5102 70.915
8900 72.7006 70.9351
9000 72.4457 70.9519
9100 72.6345 70.9704
9200 72.358 70.9855
9300 72.7583 71.0045
9400 72.4221 71.0196
9500 73.052 71.041
9600 73.2555 71.0641
9700 73.0838 71.0849
9800 72.7136 71.1015
9900 73.3578 71.1243
10000 73.1351 71.1444
10100 73.3301 71.166
10200 73.9566 71.1934
10300 73.4653 71.2155
10400 73.4025 71.2365
10500 73.7889 71.2608
10600 73.8385 71.2851
10700 73.5303 71.3061
10800 72.8789 71.3207
10900 73.1126 71.3371
11000 73.3368 71.3553
11100 74.1738 71.3807
11200 73.6861 71.4013
11300 74.7974 71.4313
11400 74.0635 71.4544
11500 74.0938 71.4774
11600 73.8801 71.4981
11700 72.3255 71.5051
11800 72.6312 71.5147
11900 73.3168 71.5298
12000 72.9316 71.5415
12100 73.3686 71.5566
12200 73.8754 71.5756
12300 74.0082 71.5954
12400 74.4301 71.6183
12500 74.4079 71.6406
12600 74.8206 71.6658
12700 74.9823 71.6919
12800 74.6357 71.7149
12900 75.4033 71.7435
13000 75.1938 71.7701
13100 74.5151 71.791
13200 74.4708 71.8113
13300 73.775 71.8261
13400 74.2453 71.8441
13500 75.3428 71.87
13600 75.3389 71.8955
13700 75.4339 71.9214
13800 75.8036 71.9495
13900 74.8847 71.9706
14000 74.5214 71.9888
14100 74.9731 72.01
14200 74.9377 72.0306
14300 74.4713 72.0477
14400 74.7682 72.0666
14500 74.744 72.0851
14600 74.4033 72.1009
14700 73.559 72.1109
14800 73.2985 72.1189
14900 73.2797 72.1267
15000 74.4276 72.142
15100 75.133 72.1618
15200 74.3422 72.1762
15300 75.1757 72.1958
15400 74.7636 72.2124
15500 75.5565 72.234
15600 75.4293 72.2545
15700 75.377 72.2744
15800 75.5598 72.2952
15900 74.9514 72.3119
16000 75.1582 72.3297
16100 75.1437 72.3472
16200 75.5658 72.367
16300 75.5823 72.3867
16400 75.9382 72.4084
16500 75.8987 72.4296
16600 76.2276 72.4524
16700 75.4564 72.4704
16800 74.9594 72.4852
16900 75.0371 72.5003
17000 74.4576 72.5118
17100 75.2479 72.5278
17200 75.4137 72.5446
17300 74.6893 72.557
17400 74.9806 72.571
17500 75.748 72.5891
17600 75.6228 72.6063
17700 76.1502 72.6264
17800 75.9611 72.6451
17900 75.6217 72.6617
18000 75.3703 72.6768
18100 75.3778 72.6917
18200 74.9336 72.704
18300 75.2978 72.7182
18400 75.1971 72.7317
18500 75.4269 72.7462
18600 75.1204 72.759
18700 75.0271 72.7711
18800 75.5486 72.7859
18900 74.6748 72.7959
19000 74.9729 72.8074
19100 75.4114 72.821
19200 75.4136 72.8345
19300 75.5475 72.8485
19400 74.9043 72.8591
19500 74.583 72.868
19600 75.0546 72.8791
19700 75.3438 72.8917
19800 74.4571 72.8996
19900 74.0899 72.9055
20000 74.5783 72.9139
20100 74.7598 72.9231
20200 74.9815 72.9333
20300 74.5635 72.9413
20400 75.064 72.9517
20500 74.9276 72.9614
20600 75.2407 72.9724
20700 75.8365 72.9863
20800 75.9114 73.0003
20900 75.3445 73.0115
21000 75.2 73.022
21100 76.2616 73.0373
21200 76.5807 73.054
21300 76.478 73.0701
21400 76.8604 73.0878
21500 76.992 73.106
21600 76.865 73.1234
21700 76.7421 73.14
21800 76.4908 73.1554
21900 75.7715 73.1674
22000 76.0166 73.1803
22100 76.1293 73.1937
22200 76.3564 73.2079
22300 76.1937 73.2213
22400 76.0432 73.2339
22500 75.7559 73.2451
22600 75.7938 73.2564
22700 76.7057 73.2716
22800 76.2969 73.2848
22900 75.7599 73.2956
23000 75.9027 73.307
23100 76.1442 73.3193
23200 76.0649 73.3311
23300 75.8185 73.3418
23400 75.8087 73.3523
23500 75.4743 73.3613
23600 75.4359 73.3701
23700 75.7442 73.3802
23800 74.9234 73.3866
23900 75.2227 73.3943
24000 74.8164 73.4002
24100 74.7706 73.4059
24200 75.3965 73.4142
24300 75.397 73.4223
24400 74.4931 73.4267
24500 75.3372 73.4345
24600 75.6691 73.4436
24700 75.3421 73.4513
24800 74.7859 73.4567
24900 74.958 73.4627
25000 75.3196 73.4701
25100 75.7268 73.4791
25200 75.0233 73.4852
25300 75.3272 73.4925
25400 74.757 73.4975
25500 74.7291 73.5023
25600 74.9408 73.5079
25700 75.1777 73.5144
25800 74.5102 73.5183
25900 75.1549 73.5246
26000 75.1853 73.531
26100 74.7449 73.5357
26200 74.4081 73.539
26300 74.529 73.5427
26400 74.3681 73.5459
26500 74.3392 73.5489
26600 74.1191 73.551
26700 74.458 73.5544
26800 74.3509 73.5574
26900 74.4876 73.5608
27000 75.1921 73.5669
27100 74.8983 73.5718
27200 75.2527 73.578
27300 75.7003 73.5857
27400 75.2422 73.5918
27500 74.7456 73.596
27600 75.2606 73.602
27700 75.3746 73.6084
27800 74.8404 73.6128
27900 75.021 73.6179
28000 74.532 73.6212
28100 74.6461 73.6248
28200 74.234 73.627
28300 74.1897 73.629
28400 74.722 73.6328
28500 74.6819 73.6365
28600 74.94 73.641
28700 74.795 73.6451
28800 75.1066 73.6501
28900 74.6487 73.6536
29000 74.6444 73.657
29100 74.4786 73.6598
29200 74.0747 73.6613
29300 74.4079 73.6638
29400 74.5503 73.6668
29500 74.8238 73.6707
29600 74.5054 73.6736
29700 75.3316 73.6791
29800 74.8875 73.6832
29900 75.1831 73.6882
30000 75.1288 73.693
30100 74.7531 73.6965
30200 74.8337 73.7003
30300 75.0734 73.7048
30400 74.9094 73.7088
30500 75.2915 73.714
30600 74.6388 73.717
30700 75.1728 73.7218
30800 75.1297 73.7263
30900 74.2712 73.7281
31000 74.79 73.7315
31100 75.056 73.7358
31200 74.9432 73.7396
31300 75.2241 73.7444
31400 75.4564 73.7498
31500 75.1604 73.7543
31600 75.8636 73.761
31700 75.1662 73.7654
31800 75.1446 73.7698
31900 75.0141 73.7737
32000 75.2999 73.7784
32100 75.3749 73.7834
32200 76.3815 73.7915
32300 76.0777 73.7985
32400 75.6732 73.8043
32500 75.2693 73.8088
32600 75.4673 73.8139
32700 75.2503 73.8183
32800 74.4326 73.8202
32900 74.8126 73.8232
33000 74.9101 73.8265
33100 74.937 73.8299
33200 74.8269 73.8329
33300 75.0403 73.8365
33400 75.1474 73.8404
33500 75.5809 73.8456
33600 75.4571 73.8504
33700 75.8268 73.8563
33800 76.1359 73.863
33900 75.6446 73.8683
34000 76.2361 73.8752
34100 75.588 73.8803
34200 75.8166 73.8859
34300 76.2176 73.8927
34400 76.2973 73.8997
34500 75.7441 73.9051
34600 76.517 73.9126
34700 76.136 73.919
34800 75.9986 73.925
34900 75.5614 73.9297
35000 75.1827 73.9333
35100 74.7564 73.9356
35200 75.6404 73.9404
35300 75.1525 73.9439
35400 75.6569 73.9487
35500 75.4242 73.9529
35600 74.7785 73.9552
35700 75.0014 73.9581
35800 74.5219 73.9597
35900 74.4964 73.9612
36000 74.0603 73.9615
36100 73.725 73.9608
36200 74.1251 73.9613
36300 73.976 73.9613
36400 74.1448 73.9618
36500 74.1685 73.9624
36600 74.172 73.9629
36700 74.0307 73.9631
36800 74.8743 73.9656
36900 73.9514 73.9656
37000 75.0932 73.9686
37100 74.9344 73.9712
37200 74.6422 73.973
37300 74.273 73.9738
37400 74.1955 73.9744
37500 74.5359 73.9759
37600 74.3457 73.9769
37700 74.9353 73.9794
37800 74.7572 73.9815
37900 74.6221 73.9832
38000 74.428 73.9844
38100 74.4388 73.9856
38200 74.1906 73.9861
38300 74.5486 73.9876
38400 74.035 73.9877
38500 74.5583 73.9892
38600 74.204 73.9897
38700 74.6542 73.9914
38800 74.3803 73.9924
38900 74.2912 73.9932
39000 73.9657 73.9931
39100 73.7808 73.9926
39200 73.6277 73.9917
39300 73.523 73.9905
39400 74.0675 73.9907
39500 73.8071 73.9902
39600 73.4476 73.9888
39700 73.6496 73.988
39800 74.5366 73.9894
39900 74.2161 73.9899
40000 73.8803 73.9897
40100 73.9367 73.9895
40200 74.6947 73.9913
40300 74.6096 73.9928
40400 74.1445 73.9932
40500 74.5064 73.9945
40600 74.4567 73.9956
40700 74.4859 73.9968
40800 74.3384 73.9976
40900 74.6379 73.9992
41000 74.5535 74.0006
41100 75.0685 74.0031
41200 75.2033 74.0061
41300 75.1056 74.0087
41400 75.1366 74.0114
41500 75.1564 74.0142
41600 75.3114 74.0173
41700 75.1483 74.02
41800 75.1086 74.0226
41900 74.9975 74.025
42000 75.0108 74.0273
42100 75.0971 74.0299
42200 75.072 74.0323
42300 74.5684 74.0336
42400 74.555 74.0348
42500 75.1947 74.0376
42600 75.2076 74.0403
42700 75.3335 74.0433
42800 74.761 74.045
42900 75.2663 74.0479
43000 75.0436 74.0502
43100 74.8748 74.0521
43200 74.8405 74.0539
43300 74.722 74.0554
43400 74.3237 74.0561
43500 74.5562 74.0572
43600 74.7439 74.0588
43700 74.7853 74.0605
43800 74.5455 74.0616
43900 74.2112 74.0619
44000 74.4136 74.0627
44100 74.1669 74.0629
44200 73.7662 74.0623
44300 73.8767 74.0618
44400 73.9094 74.0615
44500 73.2887 74.0598
44600 73.6527 74.0589
44700 73.7491 74.0582
44800 73.5854 74.0571
44900 73.5186 74.0559
45000 73.8718 74.0555
45100 73.9343 74.0552
45200 74.3674 74.0559
45300 74.6719 74.0573
45400 74.3299 74.0579
45500 74.4874 74.0588
45600 74.7226 74.0603
45700 75.1714 74.0627
45800 74.8876 74.0645
45900 75.1625 74.0669
46000 75.7371 74.0705
46100 75.5069 74.0737
46200 75.3841 74.0765
46300 75.0571 74.0786
46400 75.5645 74.0818
46500 74.6241 74.083
46600 74.3763 74.0836
46700 73.8856 74.0832
46800 74.6366 74.0844
46900 74.5018 74.0853
47000 74.4877 74.0861
47100 74.5506 74.0871
47200 74.5807 74.0881
47300 74.3163 74.0886
47400 74.5694 74.0896
47500 74.8383 74.0912
47600 75.135 74.0934
47700 75.5145 74.0964
47800 75.4109 74.0991
47900 75.7701 74.1026
48000 75.3227 74.1052
48100 74.7937 74.1066
48200 74.4313 74.1073
48300 74.7908 74.1087
48400 75.6614 74.1119
48500 75.0821 74.1139
48600 75.5548 74.1169
48700 74.7915 74.1182
48800 74.7207 74.1195
48900 75.1099 74.1215
49000 74.5713 74.1224
49100 74.0884 74.1224
49200 74.0485 74.1222
49300 74.5467 74.1231
49400 74.5417 74.1239
49500 74.9982 74.1257
49600 74.8306 74.1271
49700 74.7345 74.1283
49800 74.8764 74.1298
49900 74.2906 74.1301
50000 74.492 74.1309
50100 73.7253 74.1301
50200 74.4471 74.1307
50300 74.4304 74.1313
50400 74.8032 74.1326
50500 75.0531 74.1344
50600 74.9249 74.136
50700 74.9573 74.1376
50800 75.1189 74.1396
50900 74.6801 74.1406
51000 74.5557 74.1414
51100 74.6602 74.1424
51200 74.5408 74.1432
51300 74.5376 74.144
51400 74.5916 74.1449
51500 74.552 74.1457
51600 75.2795 74.1479
51700 75.0104 74.1495
51800 76.0232 74.1531
51900 75.4312 74.1556
52000 75.5617 74.1583
52100 75.4105 74.1607
52200 75.1531 74.1626
52300 74.8643 74.164
52400 75.4729 74.1664
52500 74.83 74.1677
52600 75.3212 74.1699
52700 75.0756 74.1716
52800 75.3851 74.1739
52900 75.2983 74.176
53000 76.0986 74.1797
53100 76.0399 74.1832
53200 76.0261 74.1866
53300 76.0253 74.1901
53400 75.7354 74.193
53500 75.4385 74.1953
53600 75.2056 74.1972
53700 75.0353 74.1988
53800 75.1569 74.2005
53900 75.3222 74.2026
54000 75.6342 74.2053
54100 76.0089 74.2086
54200 76.1177 74.2121
54300 75.6522 74.2148
54400 75.7606 74.2176
54500 75.8121 74.2205
54600 75.8984 74.2236
54700 76.5488 74.2279
54800 76.1603 74.2314
54900 76.0499 74.2347
55000 75.8024 74.2376
55100 75.9027 74.2406
55200 75.8105 74.2434
55300 75.6007 74.2459
55400 75.2862 74.2478
55500 74.7663 74.2487
55600 74.3028 74.2488
55700 73.5745 74.2476
55800 73.7632 74.2467
55900 74.1735 74.2466
56000 74.566 74.2472
56100 74.1331 74.2469
56200 73.6039 74.2458
56300 73.5503 74.2446
56400 74.06 74.2442
56500 74.7649 74.2452
56600 74.6325 74.2458
56700 74.3798 74.2461
56800 74.1887 74.246
56900 74.3381 74.2461
57000 74.2507 74.2462
57100 74.2607 74.2462
57200 74.3508 74.2464
57300 75.2949 74.2482
57400 75.4866 74.2503
57500 75.2831 74.2521
57600 75.4593 74.2542
57700 74.9493 74.2554
57800 75.1973 74.2571
57900 74.8068 74.258
58000 75.2753 74.2598
58100 75.8783 74.2626
58200 75.0922 74.264
58300 75.5787 74.2662
58400 75.4461 74.2683
58500 74.9979 74.2695
58600 75.315 74.2713
58700 74.9871 74.2725
58800 74.5562 74.273
58900 74.682 74.2737
59000 74.9631 74.2749
59100 74.7875 74.2757
59200 75.0017 74.277
59300 74.7754 74.2778
59400 74.4996 74.2782
59500 73.9943 74.2777
59600 74.5544 74.2782
59700 73.3735 74.2766
59800 73.3859 74.2752
59900 73.9883 74.2747
60000 73.1875 74.2729
60100 73.7636 74.272
60200 73.8071 74.2712
60300 74.0393 74.2709
60400 73.6066 74.2698
60500 73.2912 74.2681
60600 73.7308 74.2673
60700 74.195 74.2671
60800 73.7475 74.2663
60900 73.7134 74.2654
61000 73.5452 74.2642
61100 73.4652 74.2629
61200 73.9718 74.2624
61300 73.6321 74.2614
61400 73.7546 74.2606
61500 74.0609 74.2602
61600 74.0008 74.2598
61700 73.8206 74.2591
61800 73.9981 74.2587
61900 73.3901 74.2573
62000 73.4448 74.256
62100 73.8026 74.2552
62200 74.3455 74.2554
62300 74.1395 74.2552
62400 74.1613 74.255
62500 74.1092 74.2548
62600 73.8588 74.2542
62700 73.9723 74.2537
62800 73.9009 74.2532
62900 73.4818 74.2519
63000 73.7128 74.2511
63100 74.4308 74.2514
63200 74.3973 74.2516
63300 74.6974 74.2523
63400 73.8989 74.2517
63500 73.745 74.2509
63600 74.2477 74.2509
63700 74.4712 74.2513
63800 74.0347 74.2509
63900 74.0171 74.2506
64000 74.0887 74.2503
64100 73.9845 74.2499
64200 73.4889 74.2487
64300 73.7854 74.248
64400 73.8373 74.2474
64500 74.0505 74.2471
64600 73.7852 74.2463
64700 74.073 74.2461
64800 74.3466 74.2462
64900 73.9647 74.2458
65000 74.9416 74.2469
65100 75.6563 74.249
65200 75.537 74.251
65300 75.7862 74.2534
65400 75.3307 74.255
65500 76.6243 74.2586
65600 75.4578 74.2605
65700 74.8515 74.2614
65800 75.4883 74.2632
65900 74.6732 74.2638
66000 75.164 74.2652
66100 75.5096 74.2671
66200 75.4616 74.2689
66300 75.5984 74.2709
66400 76.5581 74.2743
66500 75.6962 74.2765
66600 75.904 74.2789
66700 76.0618 74.2816
66800 76.6506 74.2851
66900 76.3476 74.2882
67000 76.0491 74.2909
67100 76.0266 74.2934
67200 76.6777 74.297
67300 76.3488 74.3
67400 75.6623 74.3021
67500 75.8471 74.3043
67600 76.2825 74.3073
67700 76.262 74.3102
67800 75.3894 74.3118
67900 75.2557 74.3131
68000 75.9155 74.3155
68100 75.8046 74.3177
68200 75.678 74.3197
68300 75.7905 74.3218
68400 75.4987 74.3236
68500 75.3984 74.3251
68600 75.1293 74.3263
68700 74.8566 74.3271
68800 75.6968 74.3291
68900 75.3372 74.3305
69000 75.999 74.3329
69100 76.518 74.3361
69200 76.2812 74.3389
69300 76.4741 74.342
69400 77.4841 74.3465
69500 77.1591 74.3506
69600 76.4967 74.3537
69700 76.6297 74.3569
69800 76.4338 74.3599
69900 76.9759 74.3636
70000 76.4151 74.3666
70100 76.2319 74.3692
70200 76.0402 74.3716
70300 76.718 74.3749
70400 76.1914 74.3775
70500 76.9651 74.3812
70600 76.8444 74.3847
70700 75.7223 74.3866
70800 75.7387 74.3885
70900 75.062 74.3894
71000 75.3722 74.3908
71100 75.4773 74.3923
71200 75.4837 74.3939
71300 75.1695 74.395
71400 75.1255 74.396
71500 74.9115 74.3967
71600 75.0602 74.3976
71700 74.3883 74.3976
71800 74.6136 74.3979
71900 75.0366 74.3988
72000 74.7871 74.3994
72100 74.0118 74.3988
72200 73.904 74.3981
72300 74.1208 74.3977
72400 74.68 74.3981
72500 74.699 74.3986
72600 74.6806 74.3989
72700 74.4322 74.399
72800 75.0824 74.3999
72900 75.1466 74.401
73000 75.6296 74.4026
73100 76.2013 74.4051
73200 76.4819 74.4079
73300 76.4107 74.4107
73400 75.241 74.4118
73500 75.6409 74.4135
73600 75.0611 74.4143
73700 74.5037 74.4145
73800 74.8012 74.415
73900 74.3945 74.415
74000 74.9321 74.4157
74100 75.0525 74.4165
74200 74.4211 74.4165
74300 73.8365 74.4157
74400 74.2538 74.4155
74500 74.2684 74.4153
74600 73.7243 74.4144
74700 73.8254 74.4136
74800 73.5712 74.4125
74900 74.0246 74.412
75000 73.9845 74.4114
75100 74.6455 74.4117
75200 74.6277 74.412
75300 74.5567 74.4122
75400 73.9382 74.4116
75500 73.6798 74.4106
75600 73.7551 74.4097
75700 74.0451 74.4092
75800 74.6497 74.4096
75900 73.7654 74.4087
76000 73.8146 74.4079
76100 73.906 74.4073
76200 74.6815 74.4076
76300 75.1734 74.4086
76400 74.8335 74.4092
76500 74.9415 74.4099
76600 74.3546 74.4098
76700 74.5281 74.41
76800 74.4546 74.41
76900 74.4814 74.4101
77000 75.1023 74.411
77100 74.4602 74.4111
77200 74.0684 74.4106
77300 73.7274 74.4098
77400 73.9133 74.4091
77500 74.3807 74.4091
77600 74.3529 74.409
77700 74.145 74.4087
77800 74.2132 74.4084
77900 73.9504 74.4078
78000 73.8132 74.4071
78100 74.2668 74.4069
78200 74.0224 74.4064
78300 74.0652 74.406
78400 74.6255 74.4062
78500 73.3678 74.4049
78600 73.9734 74.4044
78700 73.8957 74.4037
78800 73.491 74.4026
78900 73.7964 74.4018
79000 73.7177 74.4009
79100 73.7502 74.4001
79200 73.9902 74.3996
79300 74.1603 74.3993
79400 74.2428 74.3991
79500 73.6374 74.3981
79600 73.6227 74.3972
79700 73.9587 74.3966
79800 74.4278 74.3966
79900 74.229 74.3964
80000 74.4095 74.3965
80100 74.4897 74.3966
80200 74.4282 74.3966
80300 74.4317 74.3967
80400 74.1088 74.3963
80500 74.7525 74.3967
80600 74.2917 74.3966
80700 74.2477 74.3964
80800 74.4682 74.3965
80900 74.139 74.3962
81000 74.2245 74.396
81100 74.9063 74.3966
81200 74.6384 74.3969
81300 75.0253 74.3977
81400 74.3834 74.3977
81500 74.5471 74.3978
81600 74.1447 74.3975
81700 73.9526 74.397
81800 74.1053 74.3966
81900 74.2609 74.3965
82000 74.1737 74.3962
82100 74.3529 74.3961
82200 73.9101 74.3956
82300 74.682 74.3959
82400 74.6809 74.3962
82500 74.7742 74.3967
82600 74.6658 74.397
82700 74.5767 74.3973
82800 74.4976 74.3974
82900 74.3429 74.3973
83000 74.1726 74.397
83100 74.0346 74.3966
83200 74.5571 74.3968
83300 73.5757 74.3958
83400 74.1464 74.3955
83500 74.5466 74.3957
83600 74.7391 74.3961
83700 74.6427 74.3964
83800 74.7716 74.3968
83900 74.9551 74.3975
84000 74.8156 74.398
84100 74.0874 74.3976
84200 73.8675 74.397
84300 74.1635 74.3967
84400 74.4893 74.3968
84500 74.5952 74.3971
84600 74.5631 74.3973
84700 74.1715 74.397
84800 73.8715 74.3964
84900 74.0666 74.396
85000 74.4175 74.396
85100 74.98 74.3967
85200 74.7817 74.3972
85300 74.7286 74.3975
85400 74.8573 74.3981
85500 75.0417 74.3988
85600 75.561 74.4002
85700 75.8784 74.4019
85800 75.6604 74.4034
85900 75.3266 74.4045
86000 74.8699 74.405
86100 74.9358 74.4056
86200 74.4138 74.4056
86300 74.2302 74.4054
86400 74.7646 74.4058
86500 74.9215 74.4064
86600 74.4496 74.4065
86700 74.5524 74.4067
86800 73.6878 74.4058
86900 73.7116 74.405
87000 74.5218 74.4052
87100 74.5257 74.4053
87200 74.3548 74.4052
87300 74.5174 74.4054
87400 74.1382 74.4051
87500 74.2762 74.4049
87600 74.1564 74.4046
87700 74.212 74.4044
87800 74.3047 74.4043
87900 74.0116 74.4039
88000 73.9759 74.4034
88100 74.1783 74.4031
88200 73.5093 74.4021
88300 73.9386 74.4016
88400 73.6654 74.4007
88500 74.2124 74.4005
88600 74.3161 74.4004
88700 74.0325 74.4
88800 74.1531 74.3997
88900 74.44 74.3998
89000 73.7451 74.399
89100 73.1327 74.3976
89200 73.3673 74.3965
89300 73.5118 74.3955
89400 74.0513 74.3951
89500 74.1246 74.3948
89600 73.9767 74.3943
89700 73.6793 74.3935
89800 73.3827 74.3924
89900 74.2135 74.3922
90000 74.2933 74.3921
90100 74.7035 74.3924
90200 74.7284 74.3928
90300 74.2502 74.3927
90400 74.3446 74.3926
90500 73.5081 74.3916
90600 73.8545 74.391
90700 73.7194 74.3903
90800 73.3937 74.3892
90900 73.6924 74.3884
91000 73.5877 74.3875
91100 74.0335 74.3872
91200 74.1752 74.3869
91300 74.4131 74.387
91400 73.9453 74.3865
91500 74.1175 74.3862
91600 73.9538 74.3857
91700 74.0139 74.3853
91800 74.7684 74.3857
91900 73.9708 74.3853
92000 74.3032 74.3852
92100 74.8264 74.3857
92200 75.1621 74.3865
92300 74.7251 74.3869
92400 74.7704 74.3873
92500 74.973 74.3879
92600 74.3826 74.3879
92700 74.4231 74.3879
92800 74.3916 74.388
92900 74.1773 74.3877
93000 73.9688 74.3873
93100 74.7021 74.3876
93200 74.9508 74.3882
93300 74.7958 74.3887
93400 74.3749 74.3886
93500 74.2618 74.3885
93600 73.3351 74.3874
93700 74.3806 74.3874
93800 73.9106 74.3869
93900 73.8373 74.3863
94000 73.9252 74.3858
94100 73.7542 74.3851
94200 74.4335 74.3852
94300 74.6411 74.3854
94400 74.7253 74.3858
94500 74.5728 74.386
94600 74.8114 74.3864
94700 74.9644 74.3871
94800 75.2141 74.3879
94900 75.1725 74.3888
95000 74.7905 74.3892
95100 75.1703 74.39
95200 74.5965 74.3902
95300 74.3742 74.3902
95400 74.4642 74.3903
95500 74.2389 74.3901
95600 74.8561 74.3906
95700 74.6843 74.3909
95800 74.4141 74.3909
95900 74.018 74.3905
96000 73.4238 74.3895
96100 73.0604 74.3882
96200 72.7011 74.3864
96300 73.4194 74.3854
96400 73.2904 74.3843
96500 73.5706 74.3834
96600 74.4137 74.3835
96700 73.9241 74.383
96800 74.0656 74.3826
96900 74.7448 74.383
97000 75.0328 74.3837
97100 74.5745 74.3839
97200 74.3525 74.3839
97300 74.0179 74.3835
97400 73.9235 74.383
97500 74.2286 74.3829
97600 74.489 74.383
97700 74.2451 74.3828
97800 74.4249 74.3829
97900 74.6814 74.3832
98000 74.4629 74.3832
98100 74.0488 74.3829
98200 74.709 74.3832
98300 75.0487 74.3839
98400 74.6454 74.3842
98500 74.4578 74.3843
98600 74.2803 74.3842
98700 74.4768 74.3842
98800 74.7866 74.3847
98900 75.246 74.3855
99000 74.7195 74.3859
99100 74.2869 74.3858
99200 74.6754 74.3861
99300 75.1106 74.3868
99400 75.6092 74.388
99500 75.0795 74.3887
99600 76.0141 74.3903
99700 75.6369 74.3916
99800 75.3415 74.3925
99900 75.1554 74.3933
100000 74.6186 74.3935
100100 74.8545 74.394
100200 74.4418 74.394
100300 74.7338 74.3944
100400 75.3974 74.3954
100500 76.3944 74.3974
100600 75.9254 74.3989
100700 75.7465 74.4002
100800 75.2653 74.4011
100900 75.059 74.4017
101000 74.5666 74.4019
101100 74.8395 74.4023
101200 74.7878 74.4027
101300 75.422 74.4037
101400 75.3341 74.4046
101500 75.5619 74.4058
101600 74.9772 74.4063
101700 75.1988 74.4071
101800 75.6169 74.4083
101900 75.8102 74.4097
102000 76.0922 74.4113
102100 75.895 74.4128
102200 75.5889 74.4139
102300 75.8911 74.4154
102400 75.9725 74.4169
102500 76.38 74.4188
102600 76.0076 74.4204
102700 75.8673 74.4218
102800 75.7988 74.4231
102900 75.4873 74.4241
103000 75.7076 74.4254
103100 75.4092 74.4263
103200 75.1333 74.427
103300 74.6178 74.4272
103400 74.5082 74.4273
103500 74.3856 74.4273
103600 74.4988 74.4273
103700 73.9479 74.4269
103800 73.8448 74.4263
103900 74.0326 74.4259
104000 74.4955 74.426
104100 74.6431 74.4262
104200 74.1541 74.4259
104300 74.1155 74.4256
104400 74.2011 74.4254
104500 73.6306 74.4247
104600 74.4474 74.4247
104700 74.6722 74.4249
104800 74.7547 74.4252
104900 74.6023 74.4254
105000 75.3052 74.4262
105100 75.6258 74.4274
105200 74.9685 74.4279
105300 75.4955 74.4289
105400 74.8562 74.4293
105500 74.876 74.4297
105600 75.1283 74.4304
105700 75.0319 74.431
105800 75.3183 74.4318
105900 75.2367 74.4326
106000 74.474 74.4326
106100 73.7512 74.432
106200 73.7818 74.4314
106300 73.5165 74.4305
106400 73.8657 74.43
106500 74.3153 74.4299
106600 74.744 74.4301
106700 74.7447 74.4304
106800 74.3332 74.4304
106900 74.4632 74.4304
107000 74.1425 74.4301
107100 73.9382 74.4297
107200 73.8177 74.4291
107300 73.6467 74.4284
107400 74.6376 74.4285
107500 74.5338 74.4286
107600 74.5285 74.4287
107700 73.9897 74.4283
107800 73.828 74.4278
107900 74.0277 74.4274
108000 73.9653 74.427
108100 74.2996 74.4269
108200 74.3386 74.4268
108300 74.2838 74.4266
108400 74.6323 74.4268
108500 74.7015 74.4271
108600 74.2601 74.4269
108700 74.4487 74.427
108800 74.756 74.4273
108900 75.1631 74.4279
109000 75.4127 74.4288
109100 75.4955 74.4298
109200 75.8702 74.4311
109300 75.5689 74.4322
109400 75.5444 74.4332
109500 75.1748 74.4339
109600 74.899 74.4343
109700 75.044 74.4348
109800 74.8578 74.4352
109900 75.4697 74.4362
110000 75.7275 74.4373
110100 74.9072 74.4378
110200 74.7716 74.4381
110300 74.5824 74.4382
110400 74.5174 74.4383
110500 75.1682 74.4389
110600 75.4923 74.4399
110700 74.7701 74.4402
110800 74.8866 74.4406
110900 75.1169 74.4412
111000 75.6032 74.4423
111100 75.2377 74.443
111200 75.4687 74.4439
111300 75.008 74.4444
111400 74.7347 74.4447
111500 74.4624 74.4447
111600 74.9009 74.4451
111700 75.5679 74.4461
111800 75.4831 74.447
111900 74.5955 74.4471
112000 74.2943 74.447
112100 74.3181 74.4469
112200 74.8037 74.4472
112300 74.8555 74.4476
112400 75.2638 74.4483
112500 74.6633 74.4485
112600 74.4603 74.4485
112700 73.9941 74.4481
112800 73.7393 74.4475
112900 74.5035 74.4475
113000 74.4652 74.4475
113100 73.5284 74.4467
113200 74.2989 74.4466
113300 74.056 74.4463
113400 73.7253 74.4456
113500 74.413 74.4456
113600 74.2222 74.4454
113700 74.6169 74.4455
113800 74.6965 74.4458
113900 74.8177 74.4461
114000 75.4142 74.4469
114100 75.156 74.4476
114200 75.145 74.4482
114300 75.0449 74.4487
114400 74.9116 74.4491
114500 75.0792 74.4496
114600 75.1756 74.4503
114700 74.9809 74.4507
114800 74.6622 74.4509
114900 74.6038 74.4511
115000 75.0471 74.4516
115100 74.722 74.4518
115200 74.8969 74.4522
115300 74.7995 74.4525
115400 74.7778 74.4528
115500 74.5613 74.4529
115600 75.0156 74.4534
115700 74.7943 74.4537
115800 74.8875 74.454
115900 75.2217 74.4547
116000 75.2213 74.4554
116100 74.6302 74.4555
116200 74.9516 74.4559
116300 74.8998 74.4563
116400 74.6909 74.4565
116500 75.1389 74.4571
116600 74.9075 74.4575
116700 74.35 74.4574
116800 74.0577 74.4571
116900 74.6407 74.4572
117000 74.4062 74.4572
117100 74.0448 74.4568
117200 73.761 74.4562
117300 73.982 74.4558
117400 74.2588 74.4556
117500 73.9145 74.4552
117600 74.6584 74.4554
117700 75.2423 74.456
117800 74.8839 74.4564
117900 74.67 74.4566
118000 74.3948 74.4565
118100 74.6293 74.4567
118200 74.8065 74.457
118300 74.4246 74.4569
118400 74.7348 74.4572
118500 74.9678 74.4576
118600 74.6336 74.4578
118700 73.7654 74.4572
118800 74.4852 74.4572
118900 73.7079 74.4566
119000 74.5956 74.4567
119100 74.6276 74.4568
119200 74.215 74.4566
119300 74.1152 74.4563
119400 73.974 74.4559
119500 73.7118 74.4553
119600 74.1212 74.455
119700 74.2264 74.4548
119800 73.65 74.4542
119900 74.1625 74.4539
120000 73.9686 74.4535
120100 74.5792 74.4536
120200 74.4447 74.4536
120300 74.6037 74.4537
120400 74.4835 74.4538
120500 74.3942 74.4537
120600 74.6059 74.4538
120700 75.1331 74.4544
120800 74.5101 74.4544
120900 75.0998 74.455
121000 74.9871 74.4554
121100 75.0339 74.4559
121200 74.7486 74.4561
121300 75.0419 74.4566
121400 75.0556 74.4571
121500 75.3185 74.4578
121600 75.8003 74.4589
121700 75.6489 74.4599
121800 75.6575 74.4609
121900 75.8133 74.462
122000 75.6515 74.463
122100 75.3739 74.4637
122200 75.6975 74.4647
122300 75.5816 74.4656
122400 75.5426 74.4665
122500 75.3936 74.4673
122600 75.4263 74.4681
122700 75.2724 74.4687
122800 75.4059 74.4695
122900 74.9214 74.4698
123000 74.2659 74.4697
123100 74.578 74.4698
123200 74.2552 74.4696
123300 74.8252 74.4699
123400 74.6493 74.47
123500 74.9863 74.4704
123600 74.1418 74.4702
123700 74.0373 74.4698
123800 73.5752 74.4691
123900 74.7806 74.4694
124000 74.5464 74.4694
124100 74.5141 74.4695
124200 74.4009 74.4694
124300 74.687 74.4696
124400 75.312 74.4703
124500 75.3514 74.471
124600 75.1657 74.4715
124700 75.0968 74.472
124800 74.8487 74.4723
124900 75.0751 74.4728
125000 75.2962 74.4735
125100 74.4604 74.4735
125200 74.6054 74.4736
125300 75.0302 74.474
125400 74.8424 74.4743
125500 74.9374 74.4747
125600 74.8963 74.475
125700 74.5212 74.475
125800 73.8867 74.4746
125900 73.5121 74.4738
126000 73.511 74.473
126100 73.8194 74.4725
126200 73.9562 74.4721
126300 74.5151 74.4722
126400 74.2804 74.472
126500 74.518 74.472
126600 74.0742 74.4717
126700 74.1893 74.4715
126800 74.4277 74.4715
126900 73.9999 74.4711
127000 73.7509 74.4705
127100 73.8623 74.47
127200 73.4044 74.4692
127300 74.0695 74.4689
127400 74.2982 74.4688
127500 74.7978 74.469
127600 74.1653 74.4688
127700 74.2153 74.4686
127800 74.7278 74.4688
127900 74.9786 74.4692
128000 74.6737 74.4693
128100 75.2839 74.47
128200 74.9184 74.4703
128300 75.1789 74.4709
128400 75.2987 74.4715
128500 75.5893 74.4724
128600 75.4505 74.4732
128700 75.5587 74.474
128800 76.4649 74.4755
128900 76.7335 74.4773
129000 76.4709 74.4788
129100 76.3837 74.4803
129200 76.1084 74.4816
129300 76.3741 74.483
129400 76.4855 74.4846
129500 76.0415 74.4858
129600 75.7861 74.4868
129700 75.6757 74.4877
129800 75.5189 74.4885
129900 75.4893 74.4893
130000 75.2448 74.4899
130100 75.3689 74.4905
130200 75.1567 74.491
130300 75.9768 74.4922
130400 75.9552 74.4933
130500 76.2986 74.4947
130600 75.6533 74.4956
130700 75.5403 74.4964
130800 75.018 74.4968
130900 74.5076 74.4968
131000 74.3353 74.4967
131100 74.8488 74.4969
131200 74.7622 74.4971
131300 74.7886 74.4974
131400 75.0789 74.4978
131500 75.1006 74.4983
131600 75.1432 74.4987
131700 75.0318 74.4992
131800 75.341 74.4998
131900 75.4018 74.5005
132000 74.8922 74.5008
132100 74.9042 74.5011
132200 74.9523 74.5014
132300 75.2773 74.502
132400 74.8087 74.5022
132500 74.7049 74.5024
132600 74.8352 74.5026
132700 74.2941 74.5025
132800 74.6309 74.5026
132900 74.6195 74.5027
133000 74.4051 74.5026
133100 74.3415 74.5025
133200 74.2904 74.5023
133300 74.2702 74.5021
133400 74.8914 74.5024
133500 74.9593 74.5028
133600 74.2988 74.5026
133700 74.3477 74.5025
133800 74.6751 74.5026
133900 75.2498 74.5032
134000 75.4517 74.5039
134100 74.6771 74.504
134200 74.9007 74.5043
134300 74.9856 74.5047
134400 74.8737 74.505
134500 75.6282 74.5058
134600 75.3271 74.5064
134700 75.5422 74.5072
134800 75.647 74.508
134900 76.0145 74.5091
135000 75.6706 74.51
135100 76.2201 74.5113
135200 75.4447 74.5119
135300 75.4651 74.5127
135400 74.7218 74.5128
135500 75.1458 74.5133
135600 74.8483 74.5135
135700 74.739 74.5137
135800 74.7518 74.5139
135900 75.4126 74.5145
136000 75.5511 74.5153
136100 75.2907 74.5159
136200 74.9448 74.5162
136300 75.7077 74.517
136400 75.6856 74.5179
136500 75.0022 74.5183
136600 74.8356 74.5185
136700 75.0019 74.5188
136800 74.639 74.5189
136900 74.5954 74.519
137000 74.677 74.5191
137100 74.8525 74.5193
137200 74.7644 74.5195
137300 74.916 74.5198
137400 74.536 74.5198
137500 74.1146 74.5195
137600 74.6459 74.5196
137700 74.4895 74.5196
137800 75.3097 74.5202
137900 74.1247 74.5199
138000 74.6778 74.52
138100 74.3937 74.5199
138200 74.7764 74.5201
138300 74.5315 74.5201
138400 74.5434 74.5201
138500 74.2241 74.5199
138600 73.9332 74.5195
138700 74.9917 74.5198
138800 74.6017 74.5199
138900 74.9235 74.5202
139000 75.0272 74.5205
139100 75.0203 74.5209
139200 74.9723 74.5212
139300 75.408 74.5219
139400 75.1306 74.5223
139500 74.9846 74.5226
139600 75.4276 74.5233
139700 75.3562 74.5239
139800 75.9625 74.5249
139900 75.5515 74.5256
140000 75.3838 74.5262
140100 75.1268 74.5267
140200 75.3605 74.5273
140300 75.2153 74.5278
140400 74.9503 74.5281
140500 75.3941 74.5287
140600 74.4121 74.5286
140700 75.1179 74.529
140800 75.0999 74.5294
140900 75.3272 74.53
141000 75.4335 74.5306
141100 75.1922 74.5311
141200 74.8554 74.5313
141300 74.8501 74.5316
141400 74.7799 74.5317
141500 74.6387 74.5318
141600 75.0112 74.5321
141700 74.6391 74.5322
141800 74.9786 74.5325
141900 75.1137 74.5329
142000 75.2339 74.5334
142100 74.5958 74.5335
142200 74.7458 74.5336
142300 74.3102 74.5335
142400 75.4709 74.5341
142500 74.8149 74.5343
142600 74.5574 74.5343
142700 74.2375 74.5341
142800 74.9696 74.5344
142900 75.6747 74.5352
143000 75.7557 74.5361
143100 75.7362 74.5369
143200 75.7341 74.5378
143300 76.0755 74.5388
143400 75.8656 74.5398
143500 75.011 74.5401
143600 75.2161 74.5406
143700 75.742 74.5414
143800 75.5134 74.5421
143900 75.8153 74.543
144000 75.8585 74.5439
144100 75.2061 74.5443
144200 75.0872 74.5447
144300 75.6872 74.5455
144400 74.8535 74.5457
144500 74.5768 74.5457
144600 74.5659 74.5457
144700 74.2572 74.5455
144800 75.0311 74.5459
144900 75.1972 74.5463
145000 74.6601 74.5464
145100 75.1933 74.5469
145200 75.2031 74.5473
145300 74.7189 74.5474
145400 73.9968 74.5471
145500 73.8261 74.5466
145600 74.2272 74.5463
145700 74.5775 74.5464
145800 74.6162 74.5464
145900 75.0062 74.5467
146000 75.3334 74.5473
146100 75.1678 74.5477
146200 74.6806 74.5478
146300 74.5551 74.5478
146400 74.9658 74.5481
146500 75.1223 74.5485
146600 75.0453 74.5488
146700 74.4224 74.5487
146800 74.9402 74.549
146900 75.1695 74.5494
147000 74.7591 74.5495
147100 74.7889 74.5497
147200 75.0822 74.5501
147300 75.1913 74.5505
147400 75.0773 74.5509
147500 75.4745 74.5515
147600 75.4965 74.5521
147700 75.7996 74.553
147800 76.1565 74.5541
147900 75.8603 74.5549
148000 75.6939 74.5557
148100 75.3954 74.5563
148200 75.8765 74.5572
148300 75.5654 74.5578
148400 75.4074 74.5584
148500 75.3129 74.5589
148600 74.9324 74.5592
148700 74.4832 74.5591
148800 75.0653 74.5595
148900 75.1936 74.5599
149000 75.0068 74.5602
149100 74.3498 74.5601
149200 74.413 74.56
149300 74.4152 74.5599
149400 74.3671 74.5597
149500 74.1135 74.5594
149600 74.6292 74.5595
149700 74.3759 74.5594
149800 74.1234 74.5591
149900 74.0922 74.5587
150000 74.6192 74.5588
150100 74.6478 74.5588
150200 75.015 74.5592
150300 75.0077 74.5595
150400 74.2826 74.5593
150500 74.7972 74.5594
150600 74.6898 74.5595
150700 74.9756 74.5598
150800 74.7307 74.5599
150900 75.0026 74.5602
151000 74.7072 74.5603
151100 75.4049 74.5609
151200 75.1955 74.5613
151300 74.6793 74.5613
151400 74.2913 74.5612
151500 74.1829 74.5609
151600 74.0725 74.5606
151700 73.6552 74.56
151800 74.5352 74.56
151900 74.3998 74.5599
152000 74.9533 74.5601
152100 74.3692 74.56
152200 74.7009 74.5601
152300 74.4489 74.56
152400 73.929 74.5596
152500 74.5355 74.5596
152600 74.6081 74.5596
152700 74.1931 74.5594
152800 74.4207 74.5593
152900 74.2578 74.5591
153000 73.7956 74.5586
153100 73.6877 74.558
153200 73.3351 74.5572
153300 74.345 74.5571
153400 74.4821 74.5571
153500 73.847 74.5566
153600 74.3855 74.5565
153700 73.9122 74.5561
153800 73.7343 74.5555
153900 74.2657 74.5553
154000 74.3699 74.5552
154100 74.3216 74.5551
154200 74.1263 74.5548
154300 74.4264 74.5547
154400 74.2083 74.5545
154500 74.5893 74.5545
154600 74.4987 74.5545
154700 74.2315 74.5543
154800 74.8152 74.5544
154900 74.7819 74.5546
155000 74.8688 74.5548
155100 74.6886 74.5549
155200 75.721 74.5556
155300 74.9524 74.5559
155400 74.8621 74.5561
155500 75.2845 74.5565
155600 74.8733 74.5567
155700 74.8455 74.5569
155800 74.6743 74.557
155900 74.9738 74.5573
156000 74.7949 74.5574
156100 75.0844 74.5578
156200 74.9924 74.558
156300 74.9358 74.5583
156400 74.2394 74.5581
156500 74.3069 74.5579
156600 74.3385 74.5578
156700 74.1402 74.5575
156800 74.3634 74.5574
156900 74.0084 74.557
157000 74.0633 74.5567
157100 73.6662 74.5561
157200 73.5891 74.5555
157300 74.4634 74.5555
157400 73.6944 74.5549
157500 73.7483 74.5544
157600 74.2055 74.5542
157700 73.9741 74.5538
157800 74.4391 74.5538
157900 74.7062 74.5539
158000 74.7107 74.554
158100 74.7856 74.5541
158200 74.7634 74.5542
158300 74.9381 74.5545
158400 74.6575 74.5545
158500 74.9224 74.5548
158600 74.8953 74.555
158700 74.9017 74.5552
158800 74.9177 74.5554
158900 74.3834 74.5553
159000 74.1316 74.5551
159100 73.887 74.5546
159200 73.704 74.5541
159300 74.163 74.5539
159400 74.261 74.5537
159500 74.4868 74.5536
159600 74.9379 74.5539
159700 74.5264 74.5539
159800 74.3908 74.5538
159900 74.4144 74.5537
160000 74.3497 74.5535
160100 73.9186 74.5531
160200 73.7566 74.5526
160300 74.0237 74.5523
160400 74.214 74.5521
160500 74.1528 74.5519
160600 74.8445 74.552
160700 74.6903 74.5521
160800 74.5656 74.5521
160900 74.3581 74.552
161000 74.7904 74.5522
161100 74.5452 74.5522
161200 74.4516 74.5521
161300 75.007 74.5524
161400 74.6209 74.5524
161500 75.2947 74.5529
161600 75.4712 74.5534
161700 75.1039 74.5538
161800 74.3544 74.5537
161900 74.58 74.5537
162000 75.0027 74.554
162100 74.8768 74.5542
162200 74.5682 74.5542
162300 74.3203 74.554
162400 75.056 74.5543
162500 74.934 74.5546
162600 74.9639 74.5548
162700 74.6905 74.5549
162800 74.6303 74.5549
162900 73.9921 74.5546
163000 73.8819 74.5542
163100 74.6177 74.5542
163200 74.9098 74.5544
163300 75.4465 74.555
163400 75.541 74.5556
163500 75.687 74.5563
163600 74.842 74.5565
163700 74.5343 74.5564
163800 74.5804 74.5565
163900 74.6162 74.5565
164000 74.703 74.5566
164100 74.9658 74.5568
164200 74.7493 74.557
164300 74.5079 74.5569
164400 74.3532 74.5568
164500 73.9214 74.5564
164600 73.7359 74.5559
164700 74.1197 74.5556
164800 74.5127 74.5556
164900 73.99 74.5553
165000 73.8882 74.5549
165100 73.9742 74.5545
165200 73.8532 74.5541
165300 74.6894 74.5542
165400 74.8406 74.5544
165500 74.7772 74.5545
165600 75.0708 74.5548
165700 74.3179 74.5547
165800 74.3349 74.5545
165900 74.6277 74.5546
166000 75.2886 74.555
166100 75.617 74.5556
166200 74.8547 74.5558
166300 75.2494 74.5562
166400 75.0558 74.5565
166500 75.5064 74.5571
166600 74.9416 74.5573
166700 75.11 74.5577
166800 75.4151 74.5582
166900 75.6865 74.5589
167000 75.4354 74.5594
167100 75.2418 74.5598
167200 76.1075 74.5607
167300 75.8929 74.5615
167400 75.9194 74.5623
167500 76.0292 74.5632
167600 75.8169 74.564
167700 75.8171 74.5647
167800 75.566 74.5653
167900 75.1644 74.5657
168000 75.0337 74.5659
168100 74.7036 74.566
168200 74.6796 74.5661
168300 74.718 74.5662
168400 74.4583 74.5661
168500 73.9474 74.5657
168600 73.9892 74.5654
168700 73.6604 74.5649
168800 73.7005 74.5644
168900 74.5111 74.5643
169000 74.289 74.5642
169100 74.5323 74.5641
169200 74.6186 74.5642
169300 74.1175 74.5639
169400 73.9307 74.5635
169500 73.7903 74.5631
169600 74.5967 74.5631
169700 74.4343 74.563
169800 74.7259 74.5631
169900 74.1028 74.5629
170000 74.6041 74.5629
170100 74.3469 74.5627
170200 73.9141 74.5624
170300 74.5909 74.5624
170400 74.3212 74.5622
170500 74.4655 74.5622
170600 74.8053 74.5623
170700 74.3442 74.5622
170800 74.376 74.5621
170900 74.4258 74.562
171000 74.3968 74.5619
171100 74.4217 74.5618
171200 74.8176 74.562
171300 74.2567 74.5618
171400 74.3042 74.5617
171500 73.7843 74.5612
171600 73.8156 74.5608
171700 73.9307 74.5604
171800 73.9424 74.56
171900 74.1053 74.5598
172000 74.1807 74.5596
172100 74.5976 74.5596
172200 74.3619 74.5595
172300 74.2093 74.5593
172400 74.5805 74.5593
172500 74.4199 74.5592
172600 74.3363 74.5591
172700 74.7569 74.5592
172800 74.6088 74.5592
172900 74.3165 74.5591
173000 74.1458 74.5588
173100 73.5737 74.5583
173200 73.2148 74.5575
173300 73.5245 74.5569
173400 73.8692 74.5565
173500 73.7399 74.556
173600 74.1692 74.5558
173700 74.6874 74.5559
173800 74.2651 74.5557
173900 73.6117 74.5552
174000 73.8605 74.5548
174100 74.0443 74.5545
174200 74.3757 74.5544
174300 74.8325 74.5545
174400 74.3616 74.5544
174500 74.4736 74.5544
174600 73.8402 74.554
174700 73.9553 74.5536
174800 73.7373 74.5531
174900 73.9258 74.5528
175000 74.2916 74.5526
175100 74.3008 74.5525
175200 74.8184 74.5526
175300 74.2844 74.5525
175400 73.3112 74.5518
175500 74.2716 74.5516
175600 74.268 74.5515
175700 73.7992 74.551
175800 73.5476 74.5505
175900 73.6088 74.5499
176000 74.2196 74.5497
176100 74.0119 74.5494
176200 73.5348 74.5489
176300 73.6065 74.5483
176400 74.005 74.548
176500 74.9932 74.5483
176600 74.0469 74.548
176700 73.6655 74.5475
176800 74.4684 74.5474
176900 74.3918 74.5474
177000 74.3285 74.5472
177100 73.8509 74.5468
177200 73.9534 74.5465
177300 74.3454 74.5464
177400 74.4788 74.5464
177500 74.4918 74.5463
177600 74.5231 74.5463
177700 74.5814 74.5463
177800 74.5038 74.5463
177900 74.4149 74.5462
178000 73.9553 74.5459
178100 73.4128 74.5453
178200 73.682 74.5448
178300 73.9547 74.5444
178400 73.6825 74.544
178500 73.5838 74.5434
178600 73.52 74.5429
178700 74.5766 74.5429
178800 73.6262 74.5424
178900 73.5594 74.5418
179000 73.821 74.5414
179100 73.8036 74.541
179200 73.435 74.5404
179300 73.4936 74.5398
179400 73.5174 74.5392
179500 73.0074 74.5384
179600 73.1922 74.5376
179700 73.1977 74.5369
179800 73.1962 74.5361
179900 73.3132 74.5355
180000 72.3756 74.5343
180100 72.4587 74.5331
180200 72.8616 74.5322
180300 72.3048 74.5309
180400 72.0293 74.5295
180500 72.0374 74.5282
180600 72.1564 74.5269
180700 72.0341 74.5255
180800 72.3193 74.5243
180900 72.0942 74.5229
181000 72.6447 74.5219
181100 72.9918 74.521
181200 73.1298 74.5203
181300 74.1319 74.52
181400 74.1344 74.5198
181500 73.3411 74.5192
181600 73.0502 74.5184
181700 72.8503 74.5175
181800 73.2629 74.5168
181900 73.1747 74.516
182000 73.4724 74.5155
182100 73.1132 74.5147
182200 73.0928 74.5139
182300 73.1981 74.5132
182400 73.1705 74.5124
182500 73.5325 74.5119
182600 73.3358 74.5113
182700 72.7462 74.5103
182800 72.6626 74.5093
182900 73.0032 74.5085
183000 73.2736 74.5078
183100 72.9729 74.507
183200 72.9166 74.5061
183300 72.8507 74.5052
183400 73.0226 74.5044
183500 73.8302 74.504
183600 73.5651 74.5035
183700 74.2753 74.5034
183800 73.604 74.5029
183900 73.6468 74.5024
184000 73.2307 74.5017
184100 73.4764 74.5012
184200 73.2565 74.5005
184300 73.5058 74.5
184400 73.0861 74.4992
184500 72.9549 74.4983
184600 72.7238 74.4974
184700 72.8776 74.4965
184800 72.8617 74.4956
184900 72.6852 74.4946
185000 72.5378 74.4936
185100 72.2655 74.4924
185200 72.2468 74.4912
185300 72.5071 74.4901
185400 72.3404 74.4889
185500 72.4493 74.4878
185600 72.9568 74.487
185700 72.9202 74.4862
185800 73.0512 74.4854
185900 72.7832 74.4845
186000 73.3223 74.4839
186100 73.3452 74.4833
186200 73.3814 74.4827
186300 73.0839 74.4819
186400 73.3949 74.4813
186500 73.1779 74.4806
186600 73.3785 74.48
186700 72.9875 74.4792
186800 73.0369 74.4785
186900 73.8135 74.4781
187000 74.0598 74.4779
187100 73.7134 74.4775
187200 74.0509 74.4772
187300 73.2439 74.4766
187400 73.4192 74.476
187500 72.9942 74.4752
187600 73.5272 74.4747
187700 73.6155 74.4743
187800 73.6726 74.4738
187900 74.0521 74.4736
188000 74.0249 74.4734
188100 73.7553 74.473
188200 73.508 74.4725
188300 73.3854 74.4719
188400 73.7617 74.4715
188500 73.6764 74.4711
188600 74.0751 74.4709
188700 74.4183 74.4709
188800 74.7774 74.471
188900 74.3258 74.471
189000 74.5592 74.471
189100 74.6085 74.4711
189200 74.2202 74.4709
189300 73.9024 74.4706
189400 74.5846 74.4707
189500 73.9513 74.4704
189600 73.788 74.4701
189700 73.6544 74.4696
189800 73.7321 74.4693
189900 73.4838 74.4687
190000 72.8353 74.4679
190100 72.883 74.467
190200 73.8694 74.4667
190300 73.4025 74.4662
190400 73.2264 74.4655
190500 73.1287 74.4648
190600 73.5487 74.4643
190700 73.9847 74.4641
190800 74.8465 74.4643
190900 75.0829 74.4646
191000 74.369 74.4646
191100 74.0307 74.4643
191200 74.9835 74.4646
191300 74.5034 74.4646
191400 74.4311 74.4646
191500 74.0596 74.4644
191600 74.253 74.4643
191700 74.219 74.4642
191800 74.5992 74.4642
191900 74.454 74.4642
192000 74.4302 74.4642
192100 74.6118 74.4643
192200 74.3531 74.4642
192300 74.3938 74.4642
192400 74.2953 74.4641
192500 73.951 74.4638
192600 74.072 74.4636
192700 74.628 74.4637
192800 74.2865 74.4636
192900 74.6662 74.4637
193000 74.6744 74.4638
193100 75.1293 74.4642
193200 75.6592 74.4648
193300 75.1961 74.4652
193400 75.0782 74.4655
193500 74.7809 74.4657
193600 74.6401 74.4657
193700 75.0512 74.466
193800 75.0224 74.4663
193900 75.1526 74.4667
194000 74.5219 74.4667
194100 74.569 74.4668
194200 74.7451 74.4669
194300 74.3992 74.4669
194400 74.4845 74.4669
194500 75.046 74.4672
194600 74.7226 74.4673
194700 74.5814 74.4674
194800 74.3965 74.4673
194900 74.0242 74.4671
195000 74.2872 74.467
195100 74.2212 74.4669
195200 74.7339 74.467
195300 74.8439 74.4672
195400 74.9783 74.4675
195500 74.4286 74.4675
195600 74.7748 74.4676
195700 74.4929 74.4676
195800 74.7449 74.4678
195900 74.3898 74.4677
196000 74.0289 74.4675
196100 74.8845 74.4677
196200 74.9285 74.468
196300 74.9014 74.4682
196400 75.0149 74.4685
196500 74.8143 74.4686
196600 74.7716 74.4688
196700 75.1821 74.4692
196800 74.8519 74.4693
196900 74.4053 74.4693
197000 75.1244 74.4696
197100 75.2723 74.4701
197200 75.2382 74.4704
197300 74.7543 74.4706
197400 75.0403 74.4709
197500 75.6144 74.4715
197600 75.3298 74.4719
197700 75.0573 74.4722
197800 75.5709 74.4727
197900 75.8418 74.4734
198000 75.5028 74.474
198100 75.964 74.4747
198200 75.5183 74.4752
198300 74.9993 74.4755
198400 74.5606 74.4755
198500 74.602 74.4756
198600 75.0376 74.4759
198700 74.8737 74.4761
198800 75.4908 74.4766
198900 75.6865 74.4772
199000 75.8026 74.4779
199100 76.3534 74.4788
199200 75.5196 74.4793
199300 74.7803 74.4795
199400 75.0955 74.4798
199500 74.8861 74.48
199600 74.7047 74.4801
199700 75.6328 74.4807
199800 75.0292 74.481
199900 75.3689 74.4814
200000 75.0475 74.4817
200100 75.0748 74.482
200200 75.4471 74.4825
200300 75.4265 74.4829
200400 74.9552 74.4832
200500 75.0936 74.4835
200600 74.5351 74.4835
200700 74.6389 74.4836
200800 75.6759 74.4842
200900 75.5588 74.4847
201000 75.7676 74.4853
201100 74.788 74.4855
201200 75.4795 74.486
201300 75.1697 74.4863
201400 74.8913 74.4865
201500 75.2968 74.4869
201600 75.5936 74.4875
201700 75.8746 74.4882
201800 75.9424 74.4889
201900 75.3961 74.4893
202000 74.9153 74.4896
202100 74.6481 74.4896
202200 74.3518 74.4896
202300 74.9025 74.4898
202400 75.5548 74.4903
202500 76.3626 74.4912
202600 76.3303 74.4921
202700 75.9361 74.4928
202800 76.4741 74.4938
202900 75.5553 74.4943
203000 75.369 74.4948
203100 75.3316 74.4952
203200 75.5552 74.4957
203300 74.8634 74.4959
203400 74.9649 74.4961
203500 75.2478 74.4965
203600 74.6343 74.4966
203700 74.547 74.4966
203800 74.5228 74.4966
203900 74.9041 74.4968
204000 74.9438 74.497
204100 74.4849 74.497
204200 74.8244 74.4972
204300 74.9423 74.4974
204400 74.5438 74.4974
204500 75.6025 74.4979
204600 75.2017 74.4983
204700 74.9312 74.4985
204800 75.1847 74.4988
204900 74.4873 74.4988
205000 74.5871 74.4989
205100 74.8201 74.499
205200 74.6784 74.4991
205300 74.4903 74.4991
205400 74.2263 74.499
205500 74.6065 74.499
205600 74.1521 74.4989
205700 74.3871 74.4988
205800 74.5193 74.4988
205900 74.8006 74.499
206000 74.8468 74.4991
206100 74.9046 74.4993
206200 74.5996 74.4994
206300 74.2623 74.4993
206400 73.9851 74.499
206500 74.1773 74.4989
206600 73.4614 74.4984
206700 73.2682 74.4978
206800 73.75 74.4974
206900 74.4229 74.4974
207000 74.3472 74.4973
207100 74.3683 74.4972
207200 74.6194 74.4973
207300 74.805 74.4974
207400 74.2507 74.4973
207500 73.8068 74.497
207600 73.4849 74.4965
207700 73.2605 74.4959
207800 73.1654 74.4953
207900 73.6759 74.4949
208000 73.5747 74.4944
208100 73.6037 74.494
208200 74.0254 74.4938
208300 74.3283 74.4937
208400 74.6221 74.4938
208500 74.1733 74.4936
208600 74.2278 74.4935
208700 74.0084 74.4932
208800 73.8626 74.4929
208900 73.994 74.4927
209000 74.2348 74.4926
209100 73.9967 74.4923
209200 74.1109 74.4922
209300 74.7028 74.4923
209400 75.0618 74.4925
209500 75.0691 74.4928
209600 74.408 74.4928
209700 74.3675 74.4927
209800 74.4631 74.4927
209900 75.0293 74.4929
210000 74.1939 74.4928
210100 74.9635 74.493
210200 74.4555 74.493
210300 74.8673 74.4932
210400 74.4534 74.4932
210500 74.7959 74.4933
210600 74.4968 74.4933
210700 74.8787 74.4935
210800 75.2326 74.4938
210900 75.0146 74.4941
211000 74.2794 74.494
211100 74.5394 74.494
211200 74.2299 74.4939
211300 74.6272 74.494
211400 74.7995 74.4941
211500 74.9188 74.4943
211600 75.0676 74.4946
211700 75.1029 74.4949
211800 75.3169 74.4952
211900 75.15 74.4956
212000 75.2365 74.4959
212100 75.3043 74.4963
212200 74.6159 74.4963
212300 74.4035 74.4963
212400 74.2929 74.4962
212500 74.1647 74.496
212600 75.1165 74.4963
212700 75.359 74.4967
212800 74.9735 74.497
212900 75.3224 74.4974
213000 75.4171 74.4978
213100 75.521 74.4983
213200 75.2107 74.4986
213300 75.1227 74.4989
213400 75.4227 74.4993
213500 75.951 74.5
213600 75.6967 74.5006
213700 76.2515 74.5014
213800 75.4799 74.5018
213900 75.6229 74.5024
214000 75.9519 74.503
214100 75.7546 74.5036
214200 75.7701 74.5042
214300 75.5002 74.5047
214400 75.2026 74.505
214500 75.6298 74.5055
214600 75.7373 74.5061
214700 75.8958 74.5068
214800 75.5985 74.5073
214900 74.9922 74.5075
215000 75.274 74.5078
215100 74.7461 74.508
215200 74.6883 74.508
215300 75.1473 74.5083
215400 75.1617 74.5086
215500 75.9767 74.5093
215600 75.4528 74.5098
215700 75.8098 74.5104
215800 75.5403 74.5108
215900 75.3708 74.5112
216000 75.4531 74.5117
216100 74.7177 74.5118
216200 74.9261 74.512
216300 74.3304 74.5119
216400 74.8479 74.512
216500 74.6722 74.5121
216600 74.5683 74.5121
216700 74.6071 74.5122
216800 74.8526 74.5123
216900 75.1047 74.5126
217000 74.4085 74.5126
217100 74.6314 74.5126
217200 74.7095 74.5127
217300 74.3741 74.5126
217400 74.6476 74.5127
217500 74.7019 74.5128
217600 74.0817 74.5126
217700 74.2258 74.5125
217800 74.2241 74.5123
217900 73.6936 74.512
218000 74.2826 74.5118
218100 73.5467 74.5114
218200 73.7223 74.511
218300 74.4656 74.511
218400 74.1869 74.5109
218500 74.1253 74.5107
218600 74.6394 74.5108
218700 74.4996 74.5108
218800 74.6579 74.5108
218900 74.7616 74.5109
219000 74.7511 74.511
219100 73.9694 74.5108
219200 74.7622 74.5109
219300 74.4757 74.5109
219400 74.8984 74.5111
219500 74.8102 74.5112
219600 74.6484 74.5113
219700 74.6484 74.5113
219800 74.2832 74.5112
219900 74.0689 74.511
220000 74.1388 74.5109
220100 74.2533 74.5107
220200 74.7927 74.5109
220300 74.3025 74.5108
220400 74.1612 74.5106
220500 74.4712 74.5106
220600 74.3951 74.5105
220700 74.8009 74.5107
220800 74.8636 74.5108
220900 74.8967 74.511
221000 74.3551 74.5109
221100 74.7917 74.5111
221200 74.7097 74.5112
221300 74.6915 74.5112
221400 74.0873 74.511
221500 74.4698 74.511
221600 74.4694 74.511
221700 74.3174 74.5109
221800 74.3396 74.5108
221900 74.0144 74.5106
222000 73.8464 74.5103
222100 74.2521 74.5102
222200 74.3068 74.5101
222300 74.8749 74.5103
222400 74.2084 74.5101
222500 74.6527 74.5102
222600 74.6566 74.5103
222700 74.3703 74.5102
222800 74.336 74.5101
222900 74.679 74.5102
223000 74.2391 74.5101
223100 74.417 74.51
223200 74.2237 74.5099
223300 73.9543 74.5097
223400 73.5748 74.5092
223500 73.4197 74.5088
223600 74.0805 74.5086
223700 73.5069 74.5081
223800 73.8324 74.5078
223900 74.2973 74.5077
224000 74.2907 74.5076
224100 74.7121 74.5077
224200 75.0929 74.508
224300 74.9741 74.5082
224400 74.5392 74.5082
224500 74.4451 74.5082
224600 75.1043 74.5084
224700 74.5962 74.5085
224800 74.4652 74.5085
224900 75.0716 74.5087
225000 75.6599 74.5092
225100 75.6532 74.5097
225200 75.5958 74.5102
225300 75.4734 74.5106
225400 74.7849 74.5108
225500 74.8022 74.5109
225600 75.2366 74.5112
225700 74.641 74.5113
225800 74.4895 74.5113
225900 74.7554 74.5114
226000 74.9863 74.5116
226100 75.3618 74.512
226200 74.7739 74.5121
226300 75.4569 74.5125
226400 75.2895 74.5128
226500 74.9526 74.513
226600 74.4749 74.513
226700 74.0883 74.5128
226800 73.9864 74.5126
226900 73.8762 74.5123
227000 74.3148 74.5122
227100 74.6553 74.5123
227200 74.5617 74.5123
227300 74.5142 74.5123
227400 74.1408 74.5121
227500 74.3252 74.5121
227600 74.4323 74.512
227700 73.9428 74.5118
227800 73.5383 74.5113
227900 73.5043 74.5109
228000 73.3166 74.5104
228100 73.833 74.5101
228200 73.6394 74.5097
228300 73.5597 74.5093
228400 74.3073 74.5092
228500 74.7532 74.5093
228600 74.7608 74.5094
228700 75.2504 74.5097
228800 74.9337 74.5099
228900 74.6054 74.51
229000 74.9319 74.5102
229100 75.0019 74.5104
229200 75.0985 74.5106
229300 75.0711 74.5109
229400 75.1901 74.5112
229500 74.641 74.5112
229600 74.9639 74.5114
229700 74.5372 74.5114
229800 74.0644 74.5112
229900 74.2678 74.5111
230000 75.0776 74.5114
230100 75.0814 74.5116
230200 75.1977 74.5119
230300 74.9393 74.5121
230400 74.6726 74.5122
230500 74.455 74.5122
230600 74.6069 74.5122
230700 74.7472 74.5123
230800 75.1319 74.5126
230900 74.9157 74.5127
231000 75.021 74.513
231100 75.2565 74.5133
231200 74.9353 74.5135
231300 74.6578 74.5135
231400 74.7533 74.5136
231500 74.609 74.5137
231600 74.5262 74.5137
231700 73.9452 74.5134
231800 73.5154 74.513
231900 73.6338 74.5126
232000 74.2309 74.5125
232100 74.0013 74.5123
232200 74.5622 74.5123
232300 74.4573 74.5123
232400 75.1973 74.5126
232500 75.422 74.513
232600 74.3444 74.5129
232700 74.496 74.5129
232800 73.9444 74.5126
232900 74.3082 74.5125
233000 75.377 74.5129
233100 75.168 74.5132
233200 74.771 74.5133
233300 74.6436 74.5134
233400 74.6594 74.5134
233500 74.8266 74.5136
233600 74.7702 74.5137
233700 74.0109 74.5135
233800 73.9783 74.5132
233900 74.5781 74.5133
234000 74.7818 74.5134
234100 74.5825 74.5134
234200 74.3937 74.5134
234300 74.2687 74.5132
234400 74.7179 74.5133
234500 74.7392 74.5134
234600 74.8094 74.5136
234700 74.8242 74.5137
234800 74.6874 74.5138
234900 74.7215 74.5139
235000 74.5514 74.5139
235100 75.1553 74.5141
235200 74.6665 74.5142
235300 74.519 74.5142
235400 74.0729 74.514
235500 73.9826 74.5138
235600 74.1623 74.5136
235700 74.0733 74.5135
235800 74.8011 74.5136
235900 74.0978 74.5134
236000 74.2351 74.5133
236100 73.9005 74.513
236200 74.5096 74.513
236300 74.1991 74.5129
236400 75.4392 74.5133
236500 75.1686 74.5136
236600 74.8826 74.5137
236700 74.9266 74.5139
236800 75.2391 74.5142
236900 74.978 74.5144
237000 74.9078 74.5146
237100 75.1261 74.5148
237200 74.6494 74.5149
237300 74.6064 74.5149
237400 74.6716 74.515
237500 75.0032 74.5152
237600 74.986 74.5154
237700 75.0654 74.5156
237800 75.2736 74.5159
237900 75.0689 74.5162
238000 75.1907 74.5164
238100 75.66 74.5169
238200 75.1864 74.5172
238300 75.936 74.5178
238400 75.5405 74.5182
238500 76.0367 74.5189
238600 75.8142 74.5194
238700 75.0106 74.5196
238800 75.2106 74.5199
238900 75.6385 74.5204
239000 76.0622 74.521
239100 75.4168 74.5214
239200 75.2164 74.5217
239300 74.7008 74.5218
239400 75.4133 74.5221
239500 75.2899 74.5225
239600 74.8505 74.5226
239700 74.7169 74.5227
239800 75.0976 74.5229
239900 74.8719 74.5231
240000 74.5592 74.5231
240100 75.0782 74.5233
240200 74.8731 74.5235
240300 74.5566 74.5235
240400 74.3501 74.5234
240500 74.2278 74.5233
240600 74.6266 74.5233
240700 75.0891 74.5235
240800 74.5015 74.5235
240900 74.4464 74.5235
241000 74.5336 74.5235
241100 74.2095 74.5234
241200 74.3451 74.5233
241300 74.6895 74.5234
241400 74.4342 74.5233
241500 74.4364 74.5233
241600 74.0446 74.5231
241700 74.2354 74.523
241800 74.4976 74.523
241900 73.9227 74.5227
242000 73.9879 74.5225
242100 74.486 74.5225
242200 74.3972 74.5224
242300 74.5993 74.5225
242400 73.6722 74.5221
242500 73.8588 74.5218
242600 73.9224 74.5216
242700 74.2703 74.5215
242800 74.8734 74.5216
242900 74.9186 74.5218
243000 74.1875 74.5217
243100 74.4295 74.5216
243200 74.9867 74.5218
243300 75.1855 74.5221
243400 74.9091 74.5223
243500 74.8749 74.5224
243600 74.7354 74.5225
243700 74.502 74.5225
243800 74.5919 74.5225
243900 74.5444 74.5225
244000 75.0496 74.5227
244100 74.5989 74.5228
244200 75.1186 74.523
244300 74.6449 74.5231
244400 74.5733 74.5231
244500 74.4676 74.5231
244600 74.3793 74.523
244700 74.9474 74.5232
244800 74.8231 74.5233
244900 74.7495 74.5234
245000 74.8237 74.5235
245100 74.5409 74.5235
245200 73.9587 74.5233
245300 74.6367 74.5233
245400 75.297 74.5236
245500 74.916 74.5238
245600 75.5926 74.5242
245700 75.0651 74.5245
245800 75.1028 74.5247
245900 74.7813 74.5248
246000 74.6853 74.5249
246100 74.6478 74.5249
246200 74.8486 74.525
246300 75.1376 74.5253
246400 74.7784 74.5254
246500 75.142 74.5256
246600 75.0361 74.5259
246700 75.1364 74.5261
246800 75.2806 74.5264
246900 75.3142 74.5267
247000 75.4002 74.5271
247100 75.588 74.5275
247200 75.3213 74.5278
247300 75.0416 74.528
247400 75.3649 74.5284
247500 75.2579 74.5287
247600 75.0343 74.5289
247700 74.8816 74.529
247800 75.1936 74.5293
247900 75.2483 74.5296
248000 75.1614 74.5298
248100 75.5517 74.5302
248200 75.3266 74.5306
248300 75.0588 74.5308
248400 74.9017 74.5309
248500 74.107 74.5308
248600 74.4378 74.5307
248700 74.919 74.5309
248800 74.687 74.5309
248900 74.3972 74.5309
249000 74.9232 74.531
249100 75.0649 74.5313
249200 75.1237 74.5315
249300 74.7917 74.5316
249400 74.9757 74.5318
249500 75.6063 74.5322
249600 75.3846 74.5325
249700 76.136 74.5332
249800 76.2295 74.5339
249900 75.945 74.5344
250000 75.7443 74.5349
250100 75.7121 74.5354
250200 75.7478 74.5359
250300 76.0923 74.5365
250400 75.298 74.5368
250500 75.2946 74.5371
250600 75.8637 74.5376
250700 75.5946 74.538
250800 75.4646 74.5384
250900 75.8966 74.539
251000 75.6778 74.5394
251100 74.968 74.5396
251200 74.3738 74.5395
251300 74.2072 74.5394
251400 74.2026 74.5393
251500 73.8999 74.539
251600 73.9759 74.5388
251700 74.1985 74.5386
251800 74.5153 74.5386
251900 74.8957 74.5388
252000 74.6709 74.5388
252100 74.4572 74.5388
252200 74.6092 74.5388
252300 74.869 74.539
252400 75.2404 74.5392
252500 74.3512 74.5392
252600 74.7921 74.5393
252700 74.2656 74.5391
252800 74.464 74.5391
252900 74.6105 74.5391
253000 74.6638 74.5392
253100 74.9212 74.5393
253200 75.4917 74.5397
253300 75.3073 74.54
253400 75.1413 74.5403
253500 74.704 74.5403
253600 74.1214 74.5402
253700 74.7376 74.5402
253800 74.3687 74.5402
253900 74.593 74.5402
254000 74.6072 74.5402
254100 74.4443 74.5402
254200 74.2841 74.5401
254300 74.1989 74.5399
254400 74.3281 74.5399
254500 74.3982 74.5398
254600 73.9502 74.5396
254700 74.3443 74.5395
254800 74.8118 74.5396
254900 74.2159 74.5395
255000 74.2044 74.5393
255100 74.0726 74.5392
255200 74.488 74.5391
255300 74.4665 74.5391
255400 74.4462 74.5391
255500 74.4609 74.539
255600 74.4699 74.539
255700 74.229 74.5389
255800 73.7381 74.5386
255900 73.4643 74.5382
256000 73.9265 74.5379
256100 73.6886 74.5376
256200 73.8371 74.5373
256300 74.0165 74.5371
256400 73.3467 74.5367
256500 73.4594 74.5362
256600 73.3432 74.5358
256700 73.4297 74.5353
256800 73.9538 74.5351
256900 74.6675 74.5352
257000 74.5636 74.5352
257100 74.8955 74.5353
257200 74.8781 74.5354
257300 74.7893 74.5355
257400 74.427 74.5355
257500 75.0609 74.5357
257600 74.7052 74.5358
257700 74.6435 74.5358
257800 74.5659 74.5358
257900 74.6884 74.5359
258000 74.6633 74.5359
258100 74.4235 74.5359
258200 74.6728 74.5359
258300 74.7875 74.536
258400 74.5092 74.536
258500 74.2855 74.5359
258600 74.564 74.5359
258700 74.7274 74.536
258800 74.7782 74.5361
258900 75.0445 74.5363
259000 75.4421 74.5367
259100 75.0711 74.5369
259200 75.1287 74.5371
259300 74.8557 74.5372
259400 74.4913 74.5372
259500 75.5475 74.5376
259600 75.1077 74.5378
259700 75.0187 74.538
259800 75.3188 74.5383
259900 74.9826 74.5385
260000 75.2773 74.5388
260100 75.5675 74.5391
260200 75.7841 74.5396
260300 75.2566 74.5399
260400 75.8684 74.5404
260500 76.0073 74.541
260600 75.9633 74.5415
260700 74.596 74.5415
260800 75.2558 74.5418
260900 74.8395 74.5419
261000 75.0229 74.5421
261100 75.7611 74.5426
261200 74.8525 74.5427
261300 75.3511 74.543
261400 75.2213 74.5433
261500 75.6721 74.5437
261600 75.4274 74.544
261700 75.1631 74.5443
261800 74.9187 74.5444
261900 75.4232 74.5448
262000 75.4503 74.5451
262100 75.2778 74.5454
262200 75.3112 74.5457
262300 74.8025 74.5458
262400 74.9376 74.5459
262500 75.6683 74.5463
262600 75.0142 74.5465
262700 75.023 74.5467
262800 75.1022 74.5469
262900 74.9558 74.5471
263000 75.5534 74.5475
263100 75.3097 74.5477
263200 74.5691 74.5478
263300 74.7456 74.5478
263400 75.2462 74.5481
263500 75.4812 74.5484
263600 75.1482 74.5487
263700 75.2144 74.5489
263800 75.553 74.5493
263900 74.8935 74.5494
264000 75.2771 74.5497
264100 75.5854 74.5501
264200 75.1292 74.5503
264300 74.7884 74.5504
264400 75.7042 74.5508
264500 75.3381 74.5511
264600 75.4282 74.5515
264700 75.1185 74.5517
264800 75.2086 74.5519
264900 75.1025 74.5521
265000 75.2158 74.5524
265100 75.113 74.5526
265200 75.0207 74.5528
265300 74.9141 74.5529
265400 75.0668 74.5531
265500 75.251 74.5534
265600 75.2795 74.5537
265700 75.3187 74.5539
265800 74.98 74.5541
265900 75.3865 74.5544
266000 74.4728 74.5544
266100 74.7162 74.5544
266200 75.2374 74.5547
266300 74.4578 74.5547
266400 74.4379 74.5546
266500 74.5848 74.5546
266600 75.1566 74.5549
266700 74.8491 74.555
266800 75.5923 74.5554
266900 75.1647 74.5556
267000 74.9497 74.5557
267100 75.5882 74.5561
267200 75.2479 74.5564
267300 75.2564 74.5566
267400 75.1207 74.5569
267500 75.482 74.5572
267600 75.3992 74.5575
267700 75.2084 74.5578
267800 75.4387 74.5581
267900 75.2239 74.5583
268000 75.1995 74.5586
268100 75.0021 74.5587
268200 74.9911 74.5589
268300 75.2257 74.5591
268400 75.6913 74.5596
268500 75.1651 74.5598
268600 75.274 74.5601
268700 75.0409 74.5602
268800 74.8724 74.5604
268900 75.6822 74.5608
269000 75.3708 74.5611
269100 74.8655 74.5612
269200 74.9498 74.5613
269300 75.154 74.5616
269400 75.4192 74.5619
269500 75.3738 74.5622
269600 75.3352 74.5625
269700 74.6607 74.5625
269800 75.9918 74.563
269900 76.0765 74.5636
270000 75.7444 74.564
270100 75.2066 74.5643
270200 74.8908 74.5644
270300 74.7012 74.5644
270400 74.4995 74.5644
270500 74.4075 74.5643
270600 74.3936 74.5643
270700 74.569 74.5643
270800 74.8157 74.5644
270900 74.7258 74.5644
271000 74.976 74.5646
271100 74.296 74.5645
271200 73.928 74.5643
271300 74.1818 74.5641
271400 74.2564 74.564
271500 73.7076 74.5637
271600 73.3567 74.5632
271700 73.2237 74.5628
271800 74.0083 74.5625
271900 73.7237 74.5622
272000 73.6895 74.5619
272100 74.2685 74.5618
272200 74.1891 74.5617
272300 74.2661 74.5616
272400 73.6635 74.5612
272500 73.8629 74.561
272600 73.5828 74.5606
272700 73.7737 74.5603
272800 73.8625 74.5601
272900 74.3396 74.56
273000 73.8054 74.5597
273100 74.6239 74.5597
273200 74.2253 74.5596
273300 73.4226 74.5592
273400 73.8305 74.5589
273500 73.7543 74.5586
273600 73.8812 74.5584
273700 73.934 74.5582
273800 73.7558 74.5579
273900 73.9617 74.5577
274000 75.0166 74.5578
274100 74.8575 74.5579
274200 74.5444 74.5579
274300 74.7201 74.558
274400 74.1523 74.5578
274500 74.5545 74.5578
274600 74.5804 74.5578
274700 74.2514 74.5577
274800 73.9672 74.5575
274900 73.9378 74.5573
275000 74.5974 74.5573
275100 74.3444 74.5572
275200 74.5501 74.5572
275300 74.2771 74.5571
275400 74.7935 74.5572
275500 74.2738 74.5571
275600 73.9911 74.5569
275700 74.065 74.5567
275800 74.6093 74.5567
275900 74.8947 74.5569
276000 75.0594 74.557
276100 75.1499 74.5573
276200 74.9329 74.5574
276300 75.0901 74.5576
276400 74.7734 74.5577
276500 74.6041 74.5577
276600 74.7351 74.5578
276700 74.837 74.5579
276800 75.5504 74.5582
276900 75.9433 74.5587
277000 75.6814 74.5591
277100 74.9426 74.5593
277200 75.3643 74.5595
277300 75.3616 74.5598
277400 75.3081 74.5601
277500 75.9066 74.5606
277600 75.3356 74.5609
277700 75.4342 74.5612
277800 75.1541 74.5614
277900 74.8161 74.5615
278000 76.1652 74.5621
278100 75.8829 74.5625
278200 76.166 74.5631
278300 76.2342 74.5637
278400 76.8511 74.5645
278500 75.979 74.565
278600 75.6855 74.5654
278700 75.1053 74.5656
278800 75.2875 74.5659
278900 74.6319 74.5659
279000 75.0397 74.5661
279100 75.3026 74.5664
279200 74.9649 74.5665
279300 74.9856 74.5667
279400 74.3384 74.5666
279500 74.9286 74.5667
279600 74.9534 74.5668
279700 75.0156 74.567
279800 74.3494 74.5669
279900 74.619 74.5669
280000 74.2544 74.5668
280100 74.6084 74.5668
280200 75.1701 74.5671
280300 75.2497 74.5673
280400 74.4559 74.5673
280500 74.5347 74.5673
280600 75.1312 74.5675
280700 75.1729 74.5677
280800 74.1383 74.5675
280900 74.249 74.5674
281000 74.804 74.5675
281100 75.431 74.5678
281200 75.54 74.5681
281300 75.46 74.5685
281400 74.9294 74.5686
281500 75.0126 74.5687
281600 75.4164 74.569
281700 75.7693 74.5695
281800 75.2049 74.5697
281900 75.5184 74.57
282000 75.5543 74.5704
282100 74.8946 74.5705
282200 75.6419 74.5709
282300 75.4263 74.5712
282400 75.0536 74.5713
282500 75.7154 74.5718
282600 75.2101 74.572
282700 74.5018 74.572
282800 75.1825 74.5722
282900 74.8732 74.5723
283000 74.2468 74.5722
283100 74.567 74.5722
283200 74.6758 74.5722
283300 74.648 74.5722
283400 74.3967 74.5722
283500 74.9708 74.5723
283600 75.7681 74.5727
283700 76.5542 74.5734
283800 76.0277 74.5739
283900 75.9795 74.5744
284000 75.7052 74.5748
284100 75.3401 74.5751
284200 75.8088 74.5755
284300 76.1445 74.5761
284400 75.7128 74.5765
284500 74.8541 74.5766
284600 75.1173 74.5768
284700 74.9403 74.5769
284800 74.9593 74.577
284900 76.1122 74.5776
285000 75.5837 74.5779
285100 75.6155 74.5783
285200 75.5364 74.5786
285300 75.8908 74.5791
285400 76.0769 74.5796
285500 75.4848 74.5799
285600 75.8179 74.5804
285700 75.761 74.5808
285800 75.5344 74.5811
285900 75.5433 74.5814
286000 75.1451 74.5816
286100 75.1104 74.5818
286200 75.4065 74.5821
286300 75.8303 74.5825
286400 75.4578 74.5829
286500 75.3311 74.5831
286600 75.3635 74.5834
286700 74.5716 74.5834
286800 74.5145 74.5834
286900 74.7928 74.5834
287000 74.9826 74.5836
287100 74.8143 74.5837
287200 75.048 74.5838
287300 74.793 74.5839
287400 74.6367 74.5839
287500 74.7389 74.584
287600 74.8923 74.5841
287700 74.9175 74.5842
287800 74.7716 74.5842
287900 75.1982 74.5845
288000 74.667 74.5845
288100 75.0382 74.5846
288200 74.7885 74.5847
288300 74.9921 74.5849
288400 74.5779 74.5849
288500 74.579 74.5849
288600 74.8349 74.5849
288700 74.8145 74.585
288800 74.881 74.5851
288900 74.935 74.5852
289000 74.3392 74.5852
289100 74.6902 74.5852
289200 74.9787 74.5853
289300 75.0339 74.5855
289400 75.2213 74.5857
289500 75.4182 74.586
289600 75.4569 74.5863
289700 75.6799 74.5867
289800 76.2371 74.5872
289900 75.0357 74.5874
290000 75.2796 74.5876
290100 74.9986 74.5878
290200 74.7488 74.5878
290300 74.3587 74.5878
290400 74.4201 74.5877
290500 74.4324 74.5876
290600 74.2139 74.5875
290700 74.5553 74.5875
290800 74.9632 74.5876
290900 75.1454 74.5878
291000 75.4967 74.5881
291100 75.1061 74.5883
291200 75.2841 74.5886
291300 75.4403 74.5888
291400 75.7588 74.5892
291500 75.9191 74.5897
291600 75.8764 74.5901
291700 75.3429 74.5904
291800 74.5419 74.5904
291900 74.6541 74.5904
292000 74.5578 74.5904
292100 75.2886 74.5906
292200 75.3828 74.5909
292300 75.6938 74.5913
292400 74.729 74.5913
292500 75.738 74.5917
292600 75.4953 74.592
292700 75.4999 74.5923
292800 75.4142 74.5926
292900 76.3365 74.5932
293000 76.0907 74.5937
293100 75.8342 74.5942
293200 75.1784 74.5943
293300 75.484 74.5947
293400 75.6565 74.595
293500 75.6468 74.5954
293600 75.5793 74.5957
293700 74.9356 74.5958
293800 75.0296 74.596
293900 75.5042 74.5963
294000 74.8625 74.5964
294100 74.8052 74.5964
294200 74.937 74.5966
294300 74.657 74.5966
294400 74.8302 74.5967
294500 74.5506 74.5966
294600 74.4761 74.5966
294700 74.2714 74.5965
294800 74.8525 74.5966
294900 74.8151 74.5967
295000 74.7423 74.5967
295100 74.4581 74.5967
295200 74.4894 74.5966
295300 74.5442 74.5966
295400 74.8833 74.5967
295500 74.7174 74.5967
295600 74.6458 74.5968
295700 75.3929 74.597
295800 75.1498 74.5972
295900 75.1969 74.5974
296000 74.7578 74.5975
296100 74.3253 74.5974
296200 75.0778 74.5975
296300 74.2816 74.5974
296400 74.1314 74.5973
296500 74.3363 74.5972
296600 75.0868 74.5974
296700 75.144 74.5975
296800 75.253 74.5978
296900 75.3649 74.598
297000 75.2037 74.5982
297100 75.7048 74.5986
297200 75.5677 74.5989
297300 74.456 74.5989
297400 75.0548 74.599
297500 74.6347 74.599
297600 74.346 74.5989
297700 73.8416 74.5987
297800 73.9355 74.5985
297900 74.3107 74.5984
298000 74.577 74.5984
298100 74.3585 74.5983
298200 74.9941 74.5984
298300 74.9649 74.5985
298400 74.9158 74.5987
298500 74.8306 74.5987
298600 74.7925 74.5988
298700 74.3783 74.5987
298800 74.4362 74.5987
298900 74.8725 74.5988
299000 75.2717 74.599
299100 75.2811 74.5992
299200 75.2124 74.5994
299300 75.2324 74.5996
299400 75.6567 74.6
299500 74.2672 74.5999
299600 74.8455 74.5999
299700 74.5618 74.5999
299800 74.5843 74.5999
299900 75.489 74.6002
300000 74.9446 74.6003
300100 75.3659 74.6006
300200 75.3961 74.6009
300300 75.2325 74.6011
300400 75.9791 74.6015
300500 75.9033 74.602
300600 75.4587 74.6023
300700 75.8255 74.6027
300800 75.5623 74.603
300900 75.5125 74.6033
301000 75.4871 74.6036
301100 76.1794 74.6041
301200 75.8569 74.6045
301300 76.2357 74.6051
301400 76.106 74.6056
301500 75.8018 74.6059
301600 76.3734 74.6065
301700 76.53 74.6072
301800 76.352 74.6077
301900 76.0828 74.6082
302000 75.9081 74.6087
302100 75.924 74.6091
302200 75.5603 74.6094
302300 76.1414 74.6099
302400 76.9077 74.6107
302500 76.4858 74.6113
302600 76.5567 74.6119
302700 75.7856 74.6123
302800 76.0938 74.6128
302900 75.8346 74.6132
303000 75.0747 74.6134
303100 75.2384 74.6136
303200 75.7492 74.614
303300 75.2182 74.6142
303400 74.9172 74.6143
303500 76.0933 74.6147
303600 75.7195 74.6151
303700 75.5681 74.6154
303800 75.3712 74.6157
303900 75.3938 74.6159
304000 74.8575 74.616
304100 74.6861 74.616
304200 74.9755 74.6162
304300 74.8154 74.6162
304400 74.8954 74.6163
304500 75.1767 74.6165
304600 74.9124 74.6166
304700 74.4319 74.6165
304800 74.8132 74.6166
304900 74.7705 74.6166
305000 75.1382 74.6168
305100 75.2269 74.617
305200 75.2652 74.6172
305300 76.0839 74.6177
305400 75.3362 74.6179
305500 75.1336 74.6181
305600 74.984 74.6182
305700 74.7617 74.6183
305800 74.2216 74.6181
305900 74.1034 74.618
306000 74.1917 74.6178
306100 74.0389 74.6177
306200 73.8326 74.6174
306300 73.2139 74.6169
306400 73.7491 74.6167
306500 73.7895 74.6164
306600 73.7471 74.6161
306700 73.3553 74.6157
306800 73.5451 74.6153
306900 73.667 74.615
307000 73.443 74.6146
307100 73.6455 74.6143
307200 73.3589 74.6139
307300 73.978 74.6137
307400 73.8964 74.6135
307500 74.0796 74.6133
307600 73.527 74.613
307700 73.2671 74.6125
307800 73.3713 74.6121
307900 73.6061 74.6118
308000 73.5853 74.6115
308100 74.3735 74.6114
308200 74.4892 74.6113
308300 74.0093 74.6111
308400 74.3429 74.6111
308500 73.8353 74.6108
308600 74.3845 74.6107
308700 73.4749 74.6104
308800 73.7974 74.6101
308900 73.9873 74.6099
309000 74.7518 74.6099
309100 74.3505 74.6099
309200 74.4832 74.6098
309300 74.5669 74.6098
309400 74.3133 74.6097
309500 74.4243 74.6097
309600 73.9318 74.6094
309700 74.4138 74.6094
309800 74.8278 74.6094
309900 73.8869 74.6092
310000 74.2712 74.6091
310100 74.0303 74.6089
310200 74.0951 74.6087
310300 74.1611 74.6086
310400 74.0523 74.6084
310500 74.1969 74.6083
310600 74.5085 74.6083
310700 74.1087 74.6081
310800 73.9187 74.6079
310900 73.706 74.6076
311000 73.7285 74.6073
311100 73.7731 74.607
311200 74.2297 74.6069
311300 74.4528 74.6069
311400 73.3637 74.6065
311500 73.483 74.6061
311600 73.8076 74.6058
311700 73.7074 74.6056
311800 74.2436 74.6054
311900 74.5274 74.6054
312000 74.8331 74.6055
312100 74.6611 74.6055
312200 73.8454 74.6053
312300 73.6421 74.605
312400 73.4007 74.6046
312500 73.3848 74.6042
312600 73.2384 74.6037
312700 73.5111 74.6034
312800 73.6851 74.6031
312900 74.1222 74.6029
313000 73.8102 74.6027
313100 73.6004 74.6024
313200 74.269 74.6023
313300 73.7049 74.602
313400 73.2624 74.6016
313500 73.4373 74.6012
313600 73.0251 74.6007
313700 73.2608 74.6003
313800 73.021 74.5997
313900 73.3794 74.5994
314000 73.0103 74.5989
314100 72.7061 74.5983
314200 72.9305 74.5977
314300 72.6914 74.5971
314400 72.7751 74.5965
314500 72.7691 74.596
314600 73.1036 74.5955
314700 73.3847 74.5951
314800 73.0448 74.5946
314900 72.8917 74.5941
315000 73.1904 74.5936
315100 72.1396 74.5928
315200 72.1336 74.5921
315300 72.0971 74.5913
315400 72.2755 74.5905
315500 73.3745 74.5901
315600 73.4116 74.5898
315700 73.1059 74.5893
315800 73.4448 74.5889
315900 73.4971 74.5886
316000 73.3535 74.5882
316100 73.0933 74.5877
316200 73.6892 74.5874
316300 73.6929 74.5872
316400 73.1606 74.5867
316500 73.9351 74.5865
316600 74.2308 74.5864
316700 73.6921 74.5861
316800 73.9974 74.5859
316900 74.6835 74.586
317000 75.0877 74.5861
317100 75.0371 74.5863
317200 74.8809 74.5864
317300 74.3936 74.5863
317400 74.7251 74.5863
317500 74.4484 74.5863
317600 75.1789 74.5865
317700 74.5995 74.5865
317800 74.4786 74.5864
317900 74.8065 74.5865
318000 74.0761 74.5864
318100 73.8455 74.5861
318200 73.4569 74.5858
318300 73.4522 74.5854
318400 73.5734 74.5851
318500 73.6517 74.5848
318600 73.7646 74.5845
318700 73.772 74.5843
318800 74.3203 74.5842
318900 74.0071 74.584
319000 74.3549 74.584
319100 73.8482 74.5837
319200 74.0602 74.5836
319300 74.3991 74.5835
319400 74.8888 74.5836
319500 75.3844 74.5838
319600 74.8181 74.5839
319700 74.5494 74.5839
319800 75.1596 74.5841
319900 75.0755 74.5842
320000 75.0364 74.5844
320100 75.686 74.5847
320200 75.4175 74.585
320300 75.587 74.5853
320400 76.0177 74.5857
320500 75.9719 74.5862
320600 76.1338 74.5867
320700 75.8844 74.5871
320800 75.7633 74.5874
320900 75.1898 74.5876
321000 74.7086 74.5877
321100 74.3051 74.5876
321200 74.4585 74.5875
321300 74.9027 74.5876
321400 75.0177 74.5878
321500 74.9757 74.5879
321600 75.1234 74.5881
321700 74.9514 74.5882
321800 74.6484 74.5882
321900 74.9636 74.5883
322000 75.043 74.5884
322100 75.0477 74.5886
322200 75.2315 74.5888
322300 75.4502 74.5891
322400 75.3571 74.5893
322500 75.6771 74.5896
322600 75.3004 74.5898
322700 75.0521 74.59
322800 75.349 74.5902
322900 74.5475 74.5902
323000 74.9249 74.5903
323100 75.4256 74.5906
323200 74.7509 74.5906
323300 74.9256 74.5907
323400 74.2206 74.5906
323500 74.3979 74.5906
323600 74.2331 74.5904
323700 74.2884 74.5903
323800 74.385 74.5903
323900 74.5013 74.5903
324000 73.9996 74.5901
324100 74.0646 74.5899
324200 73.8738 74.5897
324300 74.4451 74.5896
324400 73.7028 74.5894
324500 73.8688 74.5892
324600 73.5802 74.5888
324700 73.315 74.5884
324800 73.4595 74.5881
324900 74.3334 74.588
325000 74.3792 74.588
325100 74.4549 74.5879
325200 74.9143 74.588
325300 74.9278 74.5881
325400 74.9706 74.5882
325500 74.8857 74.5883
325600 74.5584 74.5883
325700 75.0778 74.5885
325800 75.2372 74.5887
325900 75.0796 74.5888
326000 74.7408 74.5889
326100 74.6122 74.5889
326200 75.2293 74.5891
326300 75.0525 74.5892
326400 74.7121 74.5893
326500 74.9079 74.5894
326600 75.0968 74.5895
326700 74.1413 74.5894
326800 73.9867 74.5892
326900 74.3561 74.5891
327000 74.0751 74.589
327100 74.7576 74.589
327200 74.5076 74.589
327300 74.4043 74.5889
327400 74.0121 74.5887
327500 75.3169 74.589
327600 74.665 74.589
327700 75.0668 74.5891
327800 75.1763 74.5893
327900 74.5156 74.5893
328000 74.7621 74.5894
328100 74.7795 74.5894
328200 74.482 74.5894
328300 74.2966 74.5893
328400 73.8216 74.5891
328500 74.2598 74.589
328600 74.2657 74.5889
328700 73.9292 74.5887
328800 73.7274 74.5884
328900 73.7282 74.5881
329000 74.2718 74.588
329100 74.2771 74.5879
329200 74.1341 74.5878
329300 74.1018 74.5877
329400 73.8243 74.5874
329500 74.1387 74.5873
329600 74.2445 74.5872
329700 74.2506 74.5871
329800 74.3706 74.587
329900 73.9032 74.5868
330000 73.67 74.5865
330100 73.7658 74.5863
330200 73.5186 74.586
330300 72.9858 74.5855
330400 72.9932 74.585
330500 73.3122 74.5846
330600 73.3363 74.5842
330700 73.2071 74.5838
330800 73.5135 74.5835
330900 73.4571 74.5831
331000 73.1854 74.5827
331100 73.6978 74.5825
331200 73.6805 74.5822
331300 73.6485 74.5819
331400 73.5576 74.5816
331500 73.3845 74.5812
331600 73.3353 74.5809
331700 74.2205 74.5807
331800 74.3844 74.5807
331900 74.1875 74.5806
332000 74.2705 74.5805
332100 74.6597 74.5805
332200 74.6729 74.5805
332300 74.5818 74.5805
332400 74.769 74.5806
332500 73.8724 74.5804
332600 74.7874 74.5804
332700 74.7251 74.5805
332800 75.0845 74.5806
332900 74.1555 74.5805
333000 74.7291 74.5805
333100 74.6289 74.5806
333200 74.6445 74.5806
333300 74.113 74.5804
333400 74.0851 74.5803
333500 74.3311 74.5802
333600 74.0996 74.5801
333700 73.7168 74.5798
333800 73.5026 74.5795
333900 73.2599 74.5791
334000 73.1534 74.5787
334100 73.5219 74.5784
334200 73.343 74.578
334300 74.0705 74.5778
334400 74.0779 74.5777
334500 74.1138 74.5775
334600 74.9496 74.5777
334700 74.5863 74.5777
334800 74.0374 74.5775
334900 74.082 74.5773
335000 74.579 74.5773
335100 74.5869 74.5774
335200 74.4935 74.5773
335300 74.6095 74.5773
335400 75.0747 74.5775
335500 74.4329 74.5774
335600 75.3982 74.5777
335700 75.1258 74.5779
335800 74.9754 74.578
335900 74.8294 74.578
336000 74.7128 74.5781
336100 75.1588 74.5783
336200 75.9295 74.5787
336300 75.3317 74.5789
336400 75.0899 74.579
336500 74.8385 74.5791
336600 75.1377 74.5793
336700 74.0277 74.5791
336800 73.3164 74.5787
336900 73.6572 74.5785
337000 74.3508 74.5784
337100 74.1497 74.5783
337200 74.6486 74.5783
337300 74.5078 74.5783
337400 74.0667 74.5781
337500 74.2062 74.578
337600 73.6677 74.5777
337700 73.8725 74.5775
337800 73.8607 74.5773
337900 74.4959 74.5773
338000 74.0804 74.5771
338100 74.5455 74.5771
338200 74.3742 74.5771
338300 74.0771 74.5769
338400 74.1924 74.5768
338500 74.6669 74.5768
338600 74.8645 74.5769
338700 74.1341 74.5768
338800 74.5619 74.5768
338900 74.5363 74.5768
339000 74.1781 74.5767
339100 74.3466 74.5766
339200 73.9006 74.5764
339300 74.2123 74.5763
339400 74.6046 74.5763
339500 74.7089 74.5763
339600 74.7047 74.5764
339700 74.9988 74.5765
339800 75.6979 74.5768
339900 75.0607 74.577
340000 74.9151 74.5771
340100 74.3457 74.577
340200 73.9208 74.5768
340300 74.2698 74.5767
340400 74.2897 74.5766
340500 74.759 74.5767
340600 74.2872 74.5766
340700 74.5049 74.5766
340800 74.577 74.5766
340900 73.9462 74.5764
341000 74.7398 74.5764
341100 74.854 74.5765
341200 75.1372 74.5767
341300 74.9343 74.5768
341400 74.8393 74.5769
341500 74.7778 74.5769
341600 74.4499 74.5769
341700 74.3513 74.5768
341800 75.4101 74.5771
341900 74.5348 74.5771
342000 75.1823 74.5772
342100 74.9872 74.5774
342200 74.7764 74.5774
342300 74.7596 74.5775
342400 74.4429 74.5774
342500 74.7853 74.5775
342600 74.9833 74.5776
342700 74.7444 74.5777
342800 74.6145 74.5777
342900 74.557 74.5777
343000 75.5892 74.578
343100 75.0784 74.5781
343200 75.1101 74.5783
343300 75.3878 74.5785
343400 74.9883 74.5786
343500 74.4966 74.5786
343600 74.9512 74.5787
343700 75.6228 74.579
343800 74.6969 74.579
343900 75.6996 74.5794
344000 74.9498 74.5795
344100 75.1708 74.5796
344200 75.0366 74.5798
344300 74.7484 74.5798
344400 74.6791 74.5799
344500 74.6843 74.5799
344600 74.7052 74.5799
344700 75.2565 74.5801
344800 74.6576 74.5801
344900 74.8097 74.5802
345000 75.0166 74.5803
345100 74.5284 74.5803
345200 74.3066 74.5802
345300 74.5775 74.5802
345400 74.1004 74.5801
345500 73.5795 74.5798
345600 73.4811 74.5795
345700 73.623 74.5792
345800 73.7129 74.579
345900 73.9605 74.5788
346000 74.1525 74.5787
346100 73.7913 74.5784
346200 73.4225 74.5781
346300 73.6596 74.5778
346400 74.0733 74.5777
346500 74.1728 74.5776
346600 73.7952 74.5773
346700 74.3155 74.5773
346800 74.3838 74.5772
346900 75.5535 74.5775
347000 75.4171 74.5777
347100 74.8086 74.5778
347200 75.2366 74.578
347300 75.1653 74.5782
347400 75.1631 74.5783
347500 75.3036 74.5785
347600 75.5389 74.5788
347700 75.3574 74.579
347800 75.3115 74.5792
347900 75.4729 74.5795
348000 74.7223 74.5795
348100 75.3274 74.5798
348200 75.5319 74.58
348300 75.1967 74.5802
348400 75.1661 74.5804
348500 74.6767 74.5804
348600 74.6076 74.5804
348700 75.4216 74.5807
348800 75.2951 74.5809
348900 74.6139 74.5809
349000 74.8649 74.581
349100 74.9533 74.5811
349200 74.3917 74.581
349300 74.403 74.581
349400 75.2362 74.5811
349500 74.7107 74.5812
349600 74.5199 74.5812
349700 74.748 74.5812
349800 74.5022 74.5812
349900 74.7801 74.5812
350000 74.9128 74.5813
350100 75.2899 74.5815
350200 74.7991 74.5816
350300 75.3376 74.5818
350400 74.8609 74.5819
350500 75.0527 74.582
350600 75.3365 74.5822
350700 75.0915 74.5824
350800 74.9024 74.5825
350900 75.4153 74.5827
351000 75.4119 74.583
351100 75.6371 74.5833
351200 75.0399 74.5834
351300 75.0613 74.5835
351400 74.8851 74.5836
351500 74.397 74.5836
351600 74.388 74.5835
351700 74.1036 74.5834
351800 74.9112 74.5835
351900 74.6445 74.5835
352000 74.0981 74.5833
352100 73.7849 74.5831
352200 74.2972 74.583
352300 74.5341 74.583
352400 74.4215 74.583
352500 74.2363 74.5829
352600 74.2337 74.5828
352700 74.9288 74.5829
352800 74.4658 74.5828
352900 74.7901 74.5829
353000 75.2403 74.5831
353100 74.7672 74.5831
353200 74.4508 74.5831
353300 74.3802 74.583
353400 74.1504 74.5829
353500 74.2363 74.5828
353600 75.1061 74.583
353700 75.0118 74.5831
353800 75.0232 74.5832
353900 75.5725 74.5835
354000 75.8295 74.5838
354100 76.0427 74.5843
354200 76.4451 74.5848
354300 76.0819 74.5852
354400 75.5125 74.5855
354500 75.4451 74.5857
354600 75.2401 74.5859
354700 75.9372 74.5863
354800 75.5969 74.5866
354900 75.3027 74.5868
355000 75.6 74.587
355100 75.1878 74.5872
355200 75.5052 74.5875
355300 74.9985 74.5876
355400 74.7986 74.5876
355500 74.9391 74.5877
355600 75.0697 74.5879
355700 74.8227 74.5879
355800 75.2608 74.5881
355900 75.1507 74.5883
356000 75.0977 74.5884
356100 75.1109 74.5886
356200 74.8525 74.5887
356300 75.3532 74.5889
356400 75.8412 74.5892
356500 75.4795 74.5895
356600 75.1434 74.5896
356700 75.2761 74.5898
356800 75.3531 74.59
356900 75.149 74.5902
357000 75.1686 74.5904
357100 75.1704 74.5905
357200 74.8931 74.5906
357300 74.5737 74.5906
357400 74.5208 74.5906
357500 74.5327 74.5906
357600 73.8512 74.5904
357700 74.3145 74.5903
357800 74.0456 74.5901
357900 74.268 74.59
358000 74.3499 74.59
358100 74.6458 74.59
358200 74.8245 74.59
358300 74.6344 74.5901
358400 74.6664 74.5901
358500 74.2037 74.59
358600 74.457 74.5899
358700 74.5932 74.5899
358800 74.6936 74.59
358900 74.2044 74.5899
359000 74.2686 74.5898
359100 74.4286 74.5897
359200 74.6818 74.5898
359300 74.2672 74.5897
359400 74.5486 74.5897
359500 74.3989 74.5896
359600 74.3095 74.5895
359700 74.7308 74.5896
359800 75.1419 74.5897
359900 74.7079 74.5897
360000 74.6556 74.5898
360100 74.4386 74.5897
360200 74.4303 74.5897
360300 74.9088 74.5898
360400 74.8323 74.5898
360500 74.0434 74.5897
360600 74.3102 74.5896
360700 74.2664 74.5895
360800 74.3168 74.5894
360900 74.174 74.5893
361000 74.3923 74.5893
361100 74.9645 74.5894
361200 74.4243 74.5893
361300 74.2701 74.5892
361400 74.399 74.5892
361500 75.2426 74.5894
361600 75.0947 74.5895
361700 74.825 74.5896
361800 75.8361 74.5899
361900 75.064 74.59
362000 74.9697 74.5902
362100 74.9982 74.5903
362200 75.5923 74.5905
362300 75.3744 74.5908
362400 74.8617 74.5908
362500 74.6116 74.5908
362600 74.9895 74.5909
362700 75.1984 74.5911
362800 75.4447 74.5914
362900 75.2659 74.5915
363000 74.864 74.5916
363100 74.2576 74.5915
363200 74.263 74.5914
363300 74.6336 74.5914
363400 74.7477 74.5915
363500 74.4934 74.5915
363600 74.0662 74.5913
363700 74.2118 74.5912
363800 74.5371 74.5912
363900 74.8464 74.5913
364000 74.3133 74.5912
364100 74.1365 74.5911
364200 74.4147 74.591
364300 74.9074 74.5911
364400 74.0613 74.591
364500 74.4926 74.5909
364600 75.2032 74.5911
364700 74.8481 74.5912
364800 74.569 74.5912
364900 74.9414 74.5913
365000 74.8091 74.5913
365100 75.1912 74.5915
365200 75.6748 74.5918
365300 75.146 74.5919
365400 74.9886 74.592
365500 74.4268 74.592
365600 74.1768 74.5919
365700 74.4817 74.5918
365800 73.988 74.5917
365900 74.2231 74.5916
366000 74.4943 74.5916
366100 74.6018 74.5916
366200 74.5416 74.5915
366300 74.278 74.5915
366400 75.0789 74.5916
366500 74.7524 74.5916
366600 74.4232 74.5916
366700 74.13 74.5915
366800 73.9061 74.5913
366900 74.2431 74.5912
367000 74.4634 74.5911
367100 74.061 74.591
367200 74.5635 74.591
367300 74.3889 74.5909
367400 74.4006 74.5909
367500 74.0864 74.5908
367600 74.007 74.5906
367700 74.2004 74.5905
367800 74.1189 74.5904
367900 74.7401 74.5904
368000 74.5198 74.5904
368100 74.4957 74.5904
368200 74.4009 74.5903
368300 73.848 74.5901
368400 74.288 74.59
368500 74.4198 74.59
368600 73.874 74.5898
368700 73.4162 74.5895
368800 73.5783 74.5892
368900 74.2822 74.5891
369000 73.9215 74.5889
369100 74.5353 74.5889
369200 73.8618 74.5887
369300 73.9281 74.5885
369400 74.0773 74.5884
369500 73.9345 74.5882
369600 73.9623 74.588
369700 74.0815 74.5879
369800 73.926 74.5877
369900 74.0133 74.5876
370000 74.0238 74.5874
370100 74.2247 74.5873
370200 73.6852 74.5871
370300 73.6764 74.5868
370400 73.7353 74.5866
370500 74.2572 74.5865
370600 73.8559 74.5863
370700 73.4238 74.586
370800 73.7155 74.5858
370900 73.5083 74.5855
371000 73.5114 74.5852
371100 73.8483 74.585
371200 74.1851 74.5849
371300 74.002 74.5847
371400 74.1746 74.5846
371500 74.3433 74.5846
371600 74.5824 74.5846
371700 74.2934 74.5845
371800 73.7317 74.5842
371900 73.6367 74.584
372000 73.6481 74.5837
372100 73.8017 74.5835
372200 73.8589 74.5833
372300 74.5503 74.5833
372400 73.5699 74.5831
372500 73.0021 74.5826
372600 73.0967 74.5822
372700 73.7558 74.582
372800 74.5285 74.582
372900 73.7685 74.5818
373000 73.7054 74.5815
373100 74.4063 74.5815
373200 75.3739 74.5817
373300 74.9017 74.5818
373400 75.2443 74.582
373500 74.9426 74.5821
373600 74.7094 74.5821
373700 75.091 74.5822
373800 74.786 74.5823
373900 74.9134 74.5824
374000 74.86 74.5825
374100 75.0001 74.5826
374200 75.0034 74.5827
374300 75.0603 74.5828
374400 75.8398 74.5831
374500 75.4106 74.5834
374600 75.579 74.5836
374700 75.8103 74.584
374800 75.6664 74.5842
374900 75.4949 74.5845
375000 75.9683 74.5849
375100 75.8961 74.5852
375200 75.7058 74.5855
375300 76.059 74.5859
375400 75.584 74.5862
375500 75.7102 74.5865
375600 75.5912 74.5867
375700 75.2255 74.5869
375800 75.0511 74.587
375900 75.4163 74.5872
376000 75.4726 74.5875
376100 75.227 74.5876
376200 75.5928 74.5879
376300 75.3197 74.5881
376400 75.8258 74.5884
376500 75.6037 74.5887
376600 75.4616 74.5889
376700 75.902 74.5893
376800 75.7797 74.5896
376900 75.9533 74.59
377000 76.9542 74.5906
377100 76.0607 74.591
377200 75.8976 74.5913
377300 75.3051 74.5915
377400 75.6938 74.5918
377500 75.3807 74.592
377600 75.6909 74.5923
377700 75.5453 74.5926
377800 75.2501 74.5927
377900 75.3788 74.5929
378000 75.1573 74.5931
378100 74.7519 74.5931
378200 75.0994 74.5933
378300 74.4637 74.5932
378400 74.6796 74.5933
378500 74.9243 74.5933
378600 74.7057 74.5934
378700 74.5534 74.5934
378800 74.2941 74.5933
378900 73.8195 74.5931
379000 74.0153 74.5929
379100 74.0667 74.5928
379200 73.9037 74.5926
379300 74.5071 74.5926
379400 74.4674 74.5926
379500 74.8958 74.5926
379600 75.2635 74.5928
379700 75.3199 74.593
379800 74.0409 74.5929
379900 73.9779 74.5927
380000 74.5158 74.5927
380100 73.8236 74.5925
380200 73.8029 74.5923
380300 74.1376 74.5921
380400 74.2868 74.5921
380500 74.4055 74.592
380600 74.328 74.5919
380700 73.739 74.5917
380800 74.3004 74.5916
380900 74.7761 74.5917
381000 74.4848 74.5917
381100 74.3994 74.5916
381200 74.629 74.5916
381300 74.6805 74.5916
381400 74.1777 74.5915
381500 74.2393 74.5914
381600 75.0871 74.5916
381700 75.1509 74.5917
381800 74.6427 74.5917
381900 74.6753 74.5918
382000 74.1325 74.5916
382100 74.191 74.5915
382200 74.2608 74.5914
382300 74.8889 74.5915
382400 75.2056 74.5917
382500 74.6239 74.5917
382600 74.8521 74.5918
382700 74.783 74.5918
382800 74.1988 74.5917
382900 73.9825 74.5916
383000 74.0804 74.5914
383100 74.4089 74.5914
383200 74.2469 74.5913
383300 74.6683 74.5913
383400 75.0916 74.5914
383500 74.8436 74.5915
383600 74.7668 74.5915
383700 75.1853 74.5917
383800 75.0631 74.5918
383900 75.3882 74.592
384000 75.2563 74.5922
384100 74.5894 74.5922
384200 74.6493 74.5922
384300 75.2136 74.5924
384400 74.5249 74.5924
384500 74.7709 74.5924
384600 74.3699 74.5923
384700 74.3065 74.5923
384800 74.1781 74.5922
384900 73.9707 74.592
385000 74.5277 74.592
385100 74.2322 74.5919
385200 74.1509 74.5918
385300 74.3755 74.5917
385400 74.3074 74.5917
385500 74.7982 74.5917
385600 74.2396 74.5916
385700 74.0651 74.5915
385800 74.6585 74.5915
385900 75.1052 74.5916
386000 74.5986 74.5916
386100 74.8452 74.5917
386200 75.1816 74.5918
386300 74.9539 74.5919
386400 74.748 74.592
386500 74.5511 74.592
386600 74.327 74.5919
386700 74.5167 74.5919
386800 74.5302 74.5919
386900 73.9259 74.5917
387000 74.0405 74.5916
387100 74.846 74.5916
387200 74.8852 74.5917
387300 74.5211 74.5917
387400 74.785 74.5917
387500 74.272 74.5916
387600 74.6495 74.5917
387700 74.7089 74.5917
387800 75.635 74.592
387900 75.3421 74.5921
388000 75.5847 74.5924
388100 74.9002 74.5925
388200 74.6356 74.5925
388300 74.9563 74.5926
388400 75.266 74.5928
388500 75.6514 74.593
388600 75.0805 74.5932
388700 74.4948 74.5931
388800 74.6568 74.5932
388900 74.1259 74.593
389000 74.2729 74.5929
389100 74.6676 74.593
389200 74.6893 74.593
389300 74.8784 74.5931
389400 75.3979 74.5933
389500 75.8686 74.5936
389600 76.4363 74.5941
389700 76.5682 74.5946
389800 76.5969 74.5951
389900 76.485 74.5956
390000 75.5964 74.5958
390100 75.4749 74.5961
390200 75.2502 74.5962
390300 74.5194 74.5962
390400 74.7222 74.5962
390500 74.5104 74.5962
390600 74.6716 74.5962
390700 75.3048 74.5964
390800 74.9191 74.5965
390900 74.4183 74.5965
391000 74.5235 74.5964
391100 74.1183 74.5963
391200 74.8075 74.5964
391300 75.25 74.5965
391400 75.7717 74.5968
391500 75.1988 74.597
391600 76.1047 74.5974
391700 76.1009 74.5978
391800 75.6296 74.598
391900 76.5809 74.5985
392000 75.8854 74.5989
392100 75.9494 74.5992
392200 75.7965 74.5995
392300 75.8169 74.5998
392400 76.5485 74.6003
392500 76.3584 74.6008
392600 76.0206 74.6011
392700 76.1974 74.6015
392800 76.4182 74.602
392900 76.3552 74.6024
393000 76.1135 74.6028
393100 75.9348 74.6032
393200 76.206 74.6036
393300 76.404 74.604
393400 76.9998 74.6046
393500 76.5338 74.6051
393600 76.3706 74.6056
393700 75.8348 74.6059
393800 76.1767 74.6063
393900 75.9543 74.6066
394000 75.9513 74.607
394100 76.3898 74.6074
394200 76.1881 74.6078
394300 75.5029 74.6081
394400 76.0729 74.6084
394500 76.305 74.6089
394600 75.7973 74.6092
394700 75.8353 74.6095
394800 75.7606 74.6098
394900 76.3255 74.6102
395000 76.2762 74.6106
395100 76.0161 74.611
395200 75.644 74.6112
395300 75.8206 74.6115
395400 75.9058 74.6119
395500 75.7697 74.6122
395600 75.5568 74.6124
395700 75.5519 74.6126
395800 75.7336 74.6129
395900 75.1222 74.613
396000 75.6393 74.6133
396100 75.6402 74.6136
396200 75.303 74.6137
396300 75.8039 74.614
396400 75.8552 74.6143
396500 75.2779 74.6145
396600 74.7815 74.6146
396700 75.6246 74.6148
396800 75.7729 74.6151
396900 75.5425 74.6153
397000 75.2032 74.6155
397100 74.6537 74.6155
397200 74.3568 74.6154
397300 74.5689 74.6154
397400 75.0719 74.6155
397500 74.6327 74.6155
397600 75.0558 74.6156
397700 74.8914 74.6157
397800 74.3901 74.6157
397900 74.5676 74.6156
398000 74.1727 74.6155
398100 74.661 74.6155
398200 73.787 74.6153
398300 74.1993 74.6152
398400 74.1857 74.6151
398500 74.2124 74.615
398600 74.0339 74.6149
398700 74.7176 74.6149
398800 74.9481 74.615
398900 74.6825 74.615
399000 74.5391 74.615
399100 74.1381 74.6149
399200 74.8107 74.6149
399300 74.4084 74.6149
399400 74.8513 74.6149
399500 74.8827 74.615
399600 74.5458 74.615
399700 74.5986 74.615
399800 75.3903 74.6152
399900 75.1346 74.6153
400000 74.6822 74.6153
