100 75.8255 75.8255
200 75.6354 75.7305
300 76.4023 75.9544
400 76.624 76.1218
500 75.7364 76.0447
600 76.1778 76.0669
700 76.1232 76.0749
800 76.6402 76.1456
900 76.4428 76.1786
1000 75.2877 76.0895
1100 75.0927 75.9989
1200 75.8864 75.9895
1300 76.174 76.0037
1400 75.598 75.9747
1500 76.0587 75.9803
1600 76.4065 76.007
1700 76.386 76.0293
1800 76.9854 76.0824
1900 76.7325 76.1166
2000 76.2024 76.1209
2100 76.607 76.144
2200 76.933 76.1799
2300 77.0065 76.2158
2400 77.5077 76.2697
2500 76.8188 76.2916
2600 77.4629 76.3367
2700 77.28 76.3716
2800 77.5977 76.4154
2900 77.3743 76.4485
3000 77.5976 76.4868
3100 76.9226 76.5008
3200 77.0914 76.5193
3300 76.9351 76.5319
3400 77.3145 76.5549
3500 77.3584 76.5779
3600 77.3686 76.5998
3700 78.3149 76.6462
3800 77.9221 76.6798
3900 77.1817 76.6926
4000 77.3981 76.7103
4100 77.7144 76.7348
4200 77.8163 76.7605
4300 79.0493 76.8137
4400 78.6238 76.8549
4500 77.8797 76.8777
4600 78.1577 76.9055
4700 78.9405 76.9488
4800 78.7152 76.9856
4900 78.1423 77.0092
5000 78.4434 77.0379
5100 77.857 77.0539
5200 78.2854 77.0776
5300 77.6519 77.0884
5400 77.4684 77.0955
5500 77.1151 77.0958
5600 77.5509 77.104
5700 77.6025 77.1127
5800 77.2143 77.1145
5900 78.1031 77.1312
6000 77.9983 77.1457
6100 77.3188 77.1485
6200 77.6808 77.1571
6300 77.4475 77.1617
6400 77.4714 77.1665
6500 76.5837 77.1576
6600 76.8808 77.1534
6700 76.5535 77.1444
6800 77.8139 77.1543
6900 77.0891 77.1533
7000 77.0983 77.1525
7100 76.3576 77.1413
7200 76.4136 77.1312
7300 76.143 77.1177
7400 77.0747 77.1171
7500 77.064 77.1164
7600 77.2019 77.1175
7700 77.2944 77.1198
7800 77.1995 77.1209
7900 77.6394 77.1274
8000 76.9252 77.1249
8100 77.0698 77.1242
8200 77.0283 77.123
8300 76.5986 77.1167
8400 76.7954 77.1129
8500 76.7859 77.1091
8600 76.7561 77.1049
8700 76.8055 77.1015
8800 76.7973 77.098
8900 77.2601 77.0999
9000 77.2557 77.1016
9100 76.4748 77.0947
9200 76.1581 77.0845
9300 76.9269 77.0828
9400 77.3001 77.0851
9500 77.6249 77.0908
9600 77.9088 77.0994
9700 77.66 77.1051
9800 77.7951 77.1122
9900 77.277 77.1138
10000 77.0955 77.1137
10100 76.3495 77.1061
10200 76.1801 77.097
10300 76.1464 77.0878
10400 76.5751 77.0828
10500 76.5888 77.0781
10600 76.7544 77.0751
10700 76.469 77.0694
10800 76.765 77.0666
10900 77.1895 77.0677
11000 76.2662 77.0604
11100 75.7937 77.049
11200 75.4071 77.0344
11300 75.606 77.0217
11400 75.8838 77.0118
11500 75.8338 77.0015
11600 76.2129 76.9947
11700 75.9327 76.9856
11800 76.3951 76.9806
11900 76.7773 76.9789
12000 77.6263 76.9843
12100 77.3891 76.9877
12200 77.6363 76.993
12300 76.9078 76.9923
12400 77.4151 76.9957
12500 76.6359 76.9928
12600 76.95 76.9925
12700 77.1388 76.9936
12800 78.1406 77.0026
12900 77.8004 77.0088
13000 76.9547 77.0084
13100 77.3223 77.0108
13200 77.6741 77.0158
13300 76.4499 77.0115
13400 76.9279 77.0109
13500 76.5448 77.0075
13600 76.5203 77.0039
13700 76.5803 77.0008
13800 76.638 76.9981
13900 76.8537 76.9971
14000 76.486 76.9935
14100 76.8105 76.9922
14200 76.2513 76.9869
14300 75.4852 76.9764
14400 75.5213 76.9663
14500 75.067 76.9532
14600 74.5051 76.9365
14700 74.8191 76.9221
14800 74.9141 76.9085
14900 75.2104 76.8971
15000 74.3731 76.8803
15100 74.844 76.8668
15200 74.914 76.8539
15300 75.0775 76.8423
15400 75.0737 76.8308
15500 74.5752 76.8163
15600 75.1558 76.8057
15700 74.4251 76.7905
15800 74.841 76.7782
15900 75.5251 76.7703
16000 75.3714 76.7615
16100 75.2423 76.7521
16200 75.2966 76.7431
16300 75.3145 76.7343
16400 75.1379 76.7246
16500 74.9332 76.7138
16600 75.0218 76.7036
16700 75.4438 76.696
16800 75.392 76.6883
16900 75.8061 76.683
17000 75.601 76.6767
17100 74.647 76.6648
17200 75.4513 76.6577
17300 74.577 76.6457
17400 74.9135 76.6358
17500 74.5615 76.6239
17600 73.8315 76.608
17700 73.9123 76.5928
17800 74.991 76.5838
17900 74.6719 76.5731
18000 74.172 76.5598
18100 74.3868 76.5478
18200 75.0482 76.5395
18300 75.2829 76.5327
18400 74.9983 76.5243
18500 75.0676 76.5165
18600 75.0853 76.5088
18700 75.4095 76.5029
18800 75.213 76.496
18900 75.6538 76.4916
19000 75.0958 76.4842
19100 75.4339 76.4787
19200 75.5718 76.474
19300 75.3519 76.4682
19400 75.5911 76.4637
19500 76.155 76.4621
19600 75.7587 76.4585
19700 75.6934 76.4546
19800 76.3383 76.454
19900 75.1984 76.4477
20000 75.7788 76.4444
20100 75.9985 76.4422
20200 75.0007 76.435
20300 75.8211 76.432
20400 75.6965 76.4284
20500 75.4613 76.4237
20600 76.2181 76.4227
20700 75.9332 76.4203
20800 76.0595 76.4186
20900 76.2062 76.4176
21000 75.7424 76.4143
21100 75.7271 76.4111
21200 76.0658 76.4095
21300 75.747 76.4063
21400 75.9802 76.4044
21500 75.8707 76.4019
21600 75.2388 76.3965
21700 75.5425 76.3926
21800 75.3466 76.3878
21900 75.5365 76.3839
22000 75.4041 76.3794
22100 75.2661 76.3744
22200 75.1671 76.3689
22300 75.4639 76.3649
22400 75.3764 76.3605
22500 75.5833 76.357
22600 75.445 76.353
22700 75.4028 76.3488
22800 75.3523 76.3444
22900 75.318 76.3399
23000 74.9811 76.334
23100 75.0872 76.3286
23200 75.1416 76.3235
23300 75.6836 76.3208
23400 75.2236 76.3161
23500 74.6867 76.3091
23600 75.1001 76.304
23700 75.2904 76.2997
23800 74.8717 76.2937
23900 74.7322 76.2872
24000 75.1893 76.2826
24100 74.7874 76.2764
24200 75.0434 76.2713
24300 74.8844 76.2656
24400 75.0151 76.2605
24500 74.7102 76.2542
24600 75.7659 76.2522
24700 75.6425 76.2497
24800 75.2213 76.2456
24900 75.7006 76.2434
25000 75.4168 76.2401
25100 76.0467 76.2393
25200 75.3112 76.2356
25300 75.0885 76.2311
25400 74.9024 76.2259
25500 74.8787 76.2206
25600 74.1467 76.2125
25700 74.0246 76.204
25800 74.1403 76.196
25900 74.597 76.1898
26000 75.1183 76.1857
26100 74.9394 76.1809
26200 74.9302 76.1761
26300 75.0287 76.1718
26400 74.6165 76.1659
26500 75.4551 76.1632
26600 75.3455 76.1601
26700 75.32 76.157
26800 74.9122 76.1523
26900 74.7327 76.147
27000 74.6794 76.1416
27100 74.4755 76.1355
27200 74.3278 76.1288
27300 74.7105 76.1236
27400 74.4236 76.1174
27500 74.1454 76.1102
27600 74.1443 76.1031
27700 74.2484 76.0964
27800 75.1975 76.0932
27900 74.8048 76.0886
28000 74.5165 76.083
28100 74.8415 76.0785
28200 74.0375 76.0713
28300 74.3976 76.0654
28400 75.3957 76.063
28500 75.1381 76.0598
28600 75.9621 76.0594
28700 75.6619 76.0581
28800 75.273 76.0553
28900 75.3525 76.0529
29000 75.1934 76.0499
29100 75.2651 76.0472
29200 75.1647 76.0442
29300 74.7529 76.0398
29400 75.5945 76.0383
29500 74.8515 76.0343
29600 74.4098 76.0288
29700 73.9473 76.0218
29800 74.3323 76.0161
29900 74.4597 76.0109
30000 74.6016 76.0062
30100 74.6644 76.0017
30200 74.7858 75.9977
30300 75.0806 75.9947
30400 75.4605 75.9929
30500 74.9679 75.9896
30600 75.0813 75.9866
30700 75.0802 75.9837
30800 75.2724 75.9813
30900 75.1185 75.9786
31000 74.5194 75.9738
31100 74.0906 75.9678
31200 74.2316 75.9622
31300 74.9028 75.9588
31400 73.9429 75.9524
31500 74.6183 75.9482
31600 74.6961 75.9442
31700 75.0654 75.9415
31800 74.8707 75.9381
31900 75.4788 75.9366
32000 75.6711 75.9358
32100 75.8207 75.9355
32200 75.3106 75.9335
32300 75.453 75.932
32400 74.8114 75.9286
32500 74.1305 75.923
32600 74.7021 75.9193
32700 74.3658 75.9145
32800 74.5072 75.9103
32900 75.2903 75.9084
33000 75.3098 75.9066
33100 75.4364 75.9051
33200 75.036 75.9025
33300 74.9483 75.8997
33400 74.381 75.8951
33500 74.6639 75.8914
33600 74.8832 75.8884
33700 74.4839 75.8843
33800 74.3872 75.8798
33900 74.5857 75.876
34000 74.5415 75.8721
34100 74.2981 75.8675
34200 74.0359 75.8621
34300 74.1345 75.8571
34400 73.4772 75.8502
34500 73.9518 75.8447
34600 74.5737 75.841
34700 73.6758 75.8347
34800 74.0319 75.8296
34900 74.8528 75.8268
35000 74.3088 75.8224
35100 74.3438 75.8182
35200 74.1595 75.8135
35300 74.248 75.8091
35400 73.8615 75.8036
35500 73.8777 75.7981
35600 74.4273 75.7943
35700 74.0982 75.7895
35800 74.4443 75.7858
35900 73.9227 75.7806
36000 74.0738 75.7759
36100 73.1536 75.7686
36200 73.6379 75.7627
36300 74.3078 75.7587
36400 73.8604 75.7535
36500 73.7573 75.748
36600 74.9113 75.7457
36700 75.103 75.744
36800 75.0805 75.7422
36900 74.8873 75.7399
37000 75.0263 75.7379
37100 75.1093 75.7362
37200 75.9235 75.7367
37300 75.0354 75.7349
37400 74.5806 75.7318
37500 75.0231 75.7299
37600 74.882 75.7276
37700 74.6344 75.7247
37800 74.6662 75.7219
37900 74.5465 75.7188
38000 74.4661 75.7155
38100 73.794 75.7105
38200 74.0277 75.7061
38300 74.2159 75.7022
38400 74.2963 75.6985
38500 74.3904 75.6951
38600 73.7884 75.6902
38700 73.6837 75.685
38800 74.3255 75.6815
38900 73.9947 75.6772
39000 74.2051 75.6734
39100 74.4672 75.6703
39200 74.7324 75.6679
39300 75.2381 75.6668
39400 74.8445 75.6647
39500 74.0497 75.6606
39600 73.7467 75.6558
39700 74.6255 75.6532
39800 74.535 75.6504
39900 74.9496 75.6486
40000 74.8732 75.6467
40100 74.6239 75.6442
40200 74.6264 75.6416
40300 74.5487 75.6389
40400 74.3635 75.6358
40500 74.7311 75.6335
40600 74.8929 75.6317
40700 74.8397 75.6298
40800 74.5486 75.6271
40900 74.7494 75.625
41000 75.3853 75.6244
41100 74.7732 75.6223
41200 74.3839 75.6193
41300 74.158 75.6158
41400 73.8549 75.6115
41500 74.3352 75.6084
41600 74.1653 75.605
41700 74.1379 75.6014
41800 73.9969 75.5976
41900 73.3966 75.5924
42000 73.7075 75.5879
42100 73.2158 75.5822
42200 73.3462 75.5769
42300 73.7112 75.5725
42400 74.0876 75.569
42500 73.3583 75.5638
42600 73.6027 75.5592
42700 73.6173 75.5547
42800 73.7913 75.5505
42900 73.9501 75.5468
43000 73.8908 75.543
43100 73.3546 75.5379
43200 73.6422 75.5335
43300 74.4249 75.5309
43400 74.4688 75.5285
43500 74.4545 75.526
43600 74.238 75.5231
43700 74.5849 75.5209
43800 74.756 75.5192
43900 75.0745 75.5182
44000 75.1337 75.5173
44100 74.6437 75.5153
44200 75.0696 75.5143
44300 74.8719 75.5128
44400 74.5743 75.5107
44500 74.2263 75.5078
44600 74.3429 75.5052
44700 74.273 75.5025
44800 74.0305 75.4992
44900 73.9126 75.4957
45000 74.0532 75.4925
45100 74.2576 75.4897
45200 74.6087 75.4878
45300 74.5917 75.4858
45400 74.3784 75.4833
45500 74.2273 75.4806
45600 74.389 75.4782
45700 74.8558 75.4768
45800 74.5409 75.4748
45900 75.5203 75.4749
46000 76.1077 75.4763
46100 75.2913 75.4759
46200 74.5749 75.4739
46300 74.8215 75.4725
46400 74.1497 75.4697
46500 74.2698 75.4671
46600 74.2428 75.4644
46700 74.2394 75.4618
46800 74.3093 75.4594
46900 74.031 75.4563
47000 74.0958 75.4534
47100 74.7063 75.4518
47200 75.1863 75.4513
47300 74.3511 75.4489
47400 74.0441 75.446
47500 74.1973 75.4434
47600 74.0961 75.4405
47700 74.6637 75.4389
47800 74.5218 75.437
47900 74.6628 75.4354
48000 74.4506 75.4333
48100 74.2999 75.4309
48200 74.2573 75.4285
48300 74.831 75.4273
48400 75.5057 75.4274
48500 74.9818 75.4265
48600 75.8561 75.4274
48700 75.9258 75.4284
48800 75.5697 75.4287
48900 76.1527 75.4302
49000 75.6903 75.4307
49100 75.39 75.4306
49200 75.1913 75.4302
49300 75.4534 75.4302
49400 74.9314 75.4292
49500 75.1258 75.4286
49600 74.5051 75.4267
49700 75.4683 75.4268
49800 75.3308 75.4266
49900 74.6703 75.4251
50000 74.4036 75.4231
50100 74.7195 75.4216
50200 75.0918 75.421
50300 75.2216 75.4206
50400 75.2724 75.4203
50500 75.2529 75.42
50600 75.4526 75.42
50700 74.6819 75.4186
50800 74.5938 75.417
50900 74.7624 75.4157
51000 74.5542 75.414
51100 74.2178 75.4116
51200 74.1547 75.4092
51300 75.157 75.4087
51400 75.4327 75.4087
51500 75.6772 75.4093
51600 75.1705 75.4088
51700 74.5713 75.4072
51800 75.1109 75.4066
51900 74.9503 75.4057
52000 74.876 75.4047
52100 74.9483 75.4038
52200 74.6471 75.4024
52300 74.6903 75.401
52400 75.4015 75.401
52500 75.7459 75.4017
52600 75.6878 75.4022
52700 75.3158 75.4021
52800 75.3891 75.402
52900 74.7937 75.4009
53000 74.7832 75.3997
53100 73.9954 75.3971
53200 74.736 75.3958
53300 74.3508 75.3939
53400 74.4251 75.3921
53500 74.0269 75.3895
53600 74.3605 75.3876
53700 74.6946 75.3863
53800 74.5513 75.3847
53900 74.5076 75.3831
54000 74.5657 75.3816
54100 74.4934 75.38
54200 74.4498 75.3782
54300 73.7438 75.3752
54400 74.1058 75.3729
54500 74.2769 75.3709
54600 73.9217 75.3682
54700 74.1845 75.3661
54800 73.9543 75.3635
54900 73.687 75.3604
55000 74.0539 75.3581
55100 74.6684 75.3568
55200 75.1396 75.3564
55300 74.9802 75.3557
55400 75.0354 75.3552
55500 75.2389 75.355
55600 75.0976 75.3545
55700 75.7098 75.3551
55800 76.1288 75.3565
55900 75.4976 75.3568
56000 75.2781 75.3566
56100 74.9734 75.3559
56200 75.0825 75.3555
56300 74.4011 75.3538
56400 74.9636 75.3531
56500 74.8905 75.3522
56600 74.9671 75.3516
56700 74.8736 75.3507
56800 75.077 75.3502
56900 74.8633 75.3494
57000 74.9485 75.3487
57100 74.9186 75.3479
57200 74.6317 75.3467
57300 74.7765 75.3457
57400 74.9333 75.345
57500 74.63 75.3437
57600 75.0864 75.3433
57700 74.5981 75.342
57800 75.0831 75.3415
57900 75.0006 75.3409
58000 74.448 75.3394
58100 74.664 75.3382
58200 74.746 75.3372
58300 74.3597 75.3356
58400 74.2323 75.3337
58500 74.6919 75.3326
58600 74.0059 75.3303
58700 74.5675 75.329
58800 74.4635 75.3275
58900 75.1065 75.3272
59000 75.3327 75.3272
59100 75.0436 75.3267
59200 75.6309 75.3272
59300 75.0465 75.3267
59400 75.2116 75.3265
59500 75.2862 75.3265
59600 75.4197 75.3266
59700 75.7656 75.3274
59800 76.2069 75.3288
59900 76.5534 75.3309
60000 75.8245 75.3317
60100 75.6629 75.3322
60200 74.9374 75.3316
60300 74.4038 75.33
60400 74.8934 75.3293
60500 73.8253 75.3268
60600 75.0544 75.3264
60700 74.6061 75.3252
60800 75.1283 75.3249
60900 75.1834 75.3246
61000 74.3776 75.3231
61100 74.5003 75.3217
61200 74.2161 75.3199
61300 74.0481 75.3179
61400 74.6619 75.3168
61500 75.4065 75.3169
61600 75.4786 75.3172
61700 75.1399 75.3169
61800 74.9118 75.3163
61900 74.9542 75.3157
62000 75.2093 75.3155
62100 74.8089 75.3147
62200 74.6086 75.3136
62300 74.4287 75.3121
62400 74.3549 75.3106
62500 74.8385 75.3098
62600 75.0052 75.3094
62700 74.8348 75.3086
62800 74.3025 75.307
62900 74.7804 75.3062
63000 74.8639 75.3055
63100 74.2833 75.3038
63200 74.3791 75.3024
63300 74.2623 75.3007
63400 73.8025 75.2984
63500 74.1667 75.2966
63600 74.5915 75.2955
63700 73.9866 75.2934
63800 74.8454 75.2927
63900 74.5708 75.2916
64000 75.0062 75.2912
64100 75.2389 75.2911
64200 74.7379 75.2902
64300 74.724 75.2893
64400 74.0665 75.2874
64500 74.2542 75.2858
64600 74.1436 75.2841
64700 74.8934 75.2835
64800 75.1408 75.2832
64900 74.1343 75.2815
65000 74.7235 75.2806
65100 74.4778 75.2794
65200 73.8089 75.2771
65300 73.954 75.2751
65400 74.5527 75.274
65500 73.8714 75.2718
65600 74.6016 75.2708
65700 74.7401 75.27
65800 74.2449 75.2685
65900 74.236 75.2669
66000 74.023 75.265
66100 74.2612 75.2635
66200 74.295 75.262
66300 74.046 75.2602
66400 73.5762 75.2577
66500 74.1415 75.256
66600 73.7889 75.2538
66700 73.8934 75.2517
66800 73.6239 75.2493
66900 73.9737 75.2474
67000 73.8872 75.2454
67100 74.1057 75.2437
67200 74.2992 75.2423
67300 74.2891 75.2408
67400 74.4561 75.2397
67500 74.0002 75.2378
67600 74.1478 75.2362
67700 73.8108 75.2341
67800 73.9541 75.2322
67900 73.9975 75.2304
68000 74.2611 75.229
68100 73.2438 75.2261
68200 73.2565 75.2232
68300 74.0079 75.2214
68400 74.0824 75.2197
68500 74.2849 75.2184
68600 73.9326 75.2165
68700 74.5083 75.2155
68800 74.0734 75.2138
68900 73.9328 75.212
69000 73.8445 75.21
69100 74.179 75.2085
69200 73.762 75.2064
69300 73.7154 75.2042
69400 73.99 75.2025
69500 74.2077 75.2011
69600 74.0074 75.1993
69700 73.8391 75.1974
69800 73.504 75.195
69900 73.3993 75.1924
70000 73.2319 75.1896
70100 73.9069 75.1878
70200 73.4982 75.1854
70300 73.8736 75.1835
70400 73.1684 75.1806
70500 73.7208 75.1786
70600 73.054 75.1755
70700 73.531 75.1732
70800 72.9188 75.17
70900 73.5471 75.1677
71000 73.5536 75.1655
71100 73.9999 75.1638
71200 73.6687 75.1617
71300 73.2086 75.159
71400 73.1752 75.1562
71500 73.4025 75.1538
71600 73.367 75.1513
71700 72.3111 75.1473
71800 73.0021 75.1443
71900 73.7504 75.1424
72000 74.1152 75.141
72100 73.2992 75.1384
72200 73.1363 75.1356
72300 73.5726 75.1335
72400 73.3568 75.131
72500 73.4469 75.1287
72600 73.1251 75.1259
72700 73.3849 75.1235
72800 73.5895 75.1214
72900 73.922 75.1198
73000 73.9352 75.1182
73100 73.4866 75.1159
73200 73.3258 75.1135
73300 72.9663 75.1106
73400 73.0224 75.1077
73500 73.0599 75.1049
73600 72.6833 75.1016
73700 72.5491 75.0982
73800 72.7754 75.095
73900 73.3574 75.0927
74000 73.1969 75.0901
74100 72.7434 75.0869
74200 73.7826 75.0852
74300 73.4616 75.083
74400 73.9386 75.0815
74500 73.461 75.0793
74600 73.2588 75.0768
74700 73.1915 75.0743
74800 73.3816 75.0721
74900 73.258 75.0696
75000 73.4368 75.0675
75100 73.0657 75.0648
75200 73.0846 75.0622
75300 73.1619 75.0596
75400 73.0091 75.0569
75500 73.5677 75.0549
75600 73.5923 75.053
75700 72.9061 75.0502
75800 73.0594 75.0475
75900 73.0211 75.0449
76000 73.1409 75.0424
76100 73.1004 75.0398
76200 73.2265 75.0374
76300 73.1393 75.035
76400 73.3013 75.0327
76500 73.5168 75.0307
76600 73.5299 75.0287
76700 72.8593 75.0259
76800 72.8693 75.0231
76900 72.9683 75.0204
77000 73.1107 75.018
77100 72.9862 75.0153
77200 73.1924 75.013
77300 73.3282 75.0108
77400 73.2274 75.0085
77500 72.965 75.0058
77600 72.7302 75.0029
77700 72.378 74.9995
77800 72.271 74.996
77900 72.335 74.9926
78000 72.4504 74.9893
78100 71.9328 74.9854
78200 71.7092 74.9812
78300 71.6162 74.9769
78400 71.9962 74.9731
78500 71.5543 74.9688
78600 71.9571 74.965
78700 72.1365 74.9614
78800 71.9218 74.9575
78900 71.7279 74.9534
79000 72.1819 74.9499
79100 72.1517 74.9464
79200 72.2643 74.943
79300 71.9068 74.9391
79400 71.987 74.9354
79500 72.558 74.9324
79600 72.5686 74.9295
79700 72.4173 74.9263
79800 72.0986 74.9228
79900 72.167 74.9193
80000 72.1788 74.9159
80100 71.9688 74.9122
80200 71.9998 74.9086
80300 71.6266 74.9045
80400 71.9253 74.9008
80500 71.6154 74.8967
80600 72.3 74.8935
80700 72.1385 74.8901
80800 71.9321 74.8864
80900 72.0743 74.8829
81000 72.2233 74.8797
81100 72.3267 74.8765
81200 72.6413 74.8738
81300 72.3316 74.8706
81400 72.1774 74.8673
81500 71.7115 74.8635
81600 71.9246 74.8599
81700 72.1862 74.8566
81800 71.7644 74.8528
81900 71.5766 74.8488
82000 72.0556 74.8454
82100 71.6242 74.8415
82200 71.6236 74.8376
82300 71.8209 74.8339
82400 72.6278 74.8312
82500 72.0778 74.8279
82600 71.973 74.8244
82700 72.2734 74.8213
82800 72.4297 74.8184
82900 72.3123 74.8154
83000 71.9068 74.8119
83100 71.9783 74.8085
83200 72.603 74.8059
83300 72.0232 74.8025
83400 71.5585 74.7986
83500 71.5265 74.7947
83600 71.3551 74.7906
83700 71.9939 74.7873
83800 72.0126 74.7839
83900 71.9726 74.7806
84000 72.3669 74.7777
84100 72.4235 74.7749
84200 72.1483 74.7718
84300 72.0438 74.7686
84400 72.1794 74.7655
84500 72.1557 74.7624
84600 72.2989 74.7595
84700 72.6834 74.757
84800 73.0045 74.755
84900 72.6734 74.7525
85000 72.3777 74.7497
85100 72.3492 74.7469
85200 72.1573 74.7439
85300 72.1612 74.7408
85400 72.5331 74.7383
85500 72.0073 74.7351
85600 72.0709 74.7319
85700 71.932 74.7287
85800 71.4623 74.7249
85900 72.3888 74.7222
86000 72.3169 74.7194
86100 72.0541 74.7163
86200 72.1645 74.7133
86300 72.486 74.7107
86400 72.3971 74.708
86500 72.2891 74.7052
86600 71.4329 74.7015
86700 72.3623 74.6988
86800 72.1002 74.6958
86900 72.6961 74.6935
87000 72.8626 74.6914
87100 73.0386 74.6895
87200 73.1778 74.6877
87300 73.4592 74.6863
87400 73.0403 74.6844
87500 73.374 74.683
87600 72.7599 74.6808
87700 72.8228 74.6786
87800 73.1782 74.6769
87900 73.0919 74.6751
88000 73.0372 74.6733
88100 72.6488 74.671
88200 72.8123 74.6689
88300 72.1631 74.666
88400 72.1134 74.6631
88500 72.4666 74.6607
88600 72.4694 74.6582
88700 71.9755 74.6552
88800 71.6184 74.6517
88900 71.027 74.6477
89000 71.5386 74.6442
89100 71.382 74.6405
89200 71.8936 74.6374
89300 71.6477 74.6341
89400 71.7859 74.6309
89500 71.6506 74.6276
89600 71.7676 74.6244
89700 72.2024 74.6217
89800 72.073 74.6188
89900 71.7207 74.6156
90000 71.7164 74.6124
90100 71.4498 74.6089
90200 71.7928 74.6058
90300 72.2345 74.6031
90400 72.2751 74.6006
90500 71.3668 74.597
90600 71.2901 74.5933
90700 71.1862 74.5896
90800 71.6323 74.5863
90900 71.406 74.5828
91000 71.4584 74.5794
91100 71.914 74.5765
91200 71.3141 74.5729
91300 71.9976 74.5701
91400 72.5363 74.5678
91500 72.2816 74.5653
91600 71.7759 74.5623
91700 71.6658 74.5591
91800 71.6717 74.556
91900 71.2697 74.5524
92000 71.0152 74.5486
92100 71.3322 74.5451
92200 71.0985 74.5413
92300 71.4374 74.538
92400 70.7105 74.5338
92500 70.9905 74.53
92600 71.5542 74.5268
92700 71.5377 74.5236
92800 71.9724 74.5208
92900 71.7402 74.5178
93000 71.8795 74.515
93100 71.7646 74.512
93200 71.0625 74.5083
93300 70.9085 74.5045
93400 70.7507 74.5004
93500 71.3509 74.4971
93600 71.1329 74.4935
93700 70.5176 74.4892
93800 70.2801 74.4848
93900 70.5118 74.4805
94000 70.862 74.4767
94100 70.5749 74.4725
94200 70.7927 74.4686
94300 70.5273 74.4644
94400 70.7809 74.4605
94500 70.5723 74.4564
94600 70.8615 74.4526
94700 70.9672 74.4489
94800 70.7833 74.4451
94900 70.5907 74.441
95000 70.8958 74.4373
95100 70.7414 74.4334
95200 70.4337 74.4292
95300 70.1816 74.4247
95400 70.4168 74.4205
95500 70.4657 74.4164
95600 70.5821 74.4124
95700 70.537 74.4083
95800 70.5124 74.4043
95900 70.2777 74.4
96000 70.5175 74.3959
96100 70.4751 74.3918
96200 70.9896 74.3883
96300 71.1226 74.3849
96400 70.5322 74.3809
96500 70.9894 74.3774
96600 70.7982 74.3737
96700 70.8884 74.3701
96800 70.8354 74.3664
96900 70.9616 74.3629
97000 71.4002 74.3599
97100 71.3848 74.3568
97200 70.9253 74.3533
97300 70.9842 74.3498
97400 71.3643 74.3468
97500 70.8012 74.3431
97600 70.961 74.3397
97700 70.5157 74.3357
97800 70.5304 74.3318
97900 70.8902 74.3283
98000 70.7117 74.3246
98100 70.7398 74.321
98200 70.9412 74.3175
98300 71.2134 74.3144
98400 70.8625 74.3109
98500 71.1431 74.3077
98600 71.1729 74.3045
98700 71.3181 74.3015
98800 71.5823 74.2987
98900 71.5513 74.2959
99000 71.4408 74.293
99100 71.4051 74.2901
99200 71.0561 74.2869
99300 70.6214 74.2832
99400 70.899 74.2798
99500 71.2234 74.2767
99600 70.9839 74.2734
99700 71.1889 74.2703
99800 70.8286 74.2669
99900 70.783 74.2634
100000 71.0224 74.2601
100100 70.8814 74.2568
100200 70.5497 74.2531
100300 70.8484 74.2497
100400 70.7553 74.2462
100500 70.9005 74.2428
100600 71.3716 74.24
100700 71.3019 74.2371
100800 71.651 74.2345
100900 71.1015 74.2314
101000 71.1777 74.2284
101100 70.5547 74.2247
101200 70.6129 74.2212
101300 70.3162 74.2173
101400 70.3907 74.2135
101500 70.9758 74.2104
101600 70.1411 74.2064
101700 69.9238 74.2021
101800 69.9122 74.1979
101900 69.826 74.1936
102000 69.7541 74.1893
102100 69.8323 74.185
102200 70.359 74.1813
102300 70.1721 74.1774
102400 70.1959 74.1735
102500 69.9652 74.1694
102600 70.4299 74.1657
102700 70.7951 74.1624
102800 71.3987 74.1597
102900 70.8916 74.1566
103000 70.731 74.1532
103100 70.6333 74.1498
103200 70.5665 74.1464
103300 70.5111 74.1428
103400 70.0184 74.1389
103500 69.77 74.1346
103600 69.7071 74.1304
103700 69.8562 74.1262
103800 70.1918 74.1224
103900 70.279 74.1187
104000 70.5418 74.1153
104100 70.528 74.1119
104200 70.6728 74.1086
104300 70.5817 74.1052
104400 70.8673 74.1021
104500 70.6343 74.0988
104600 70.5433 74.0954
104700 70.5145 74.0919
104800 70.2265 74.0883
104900 70.1483 74.0845
105000 70.2477 74.0808
105100 70.2359 74.0772
105200 70.6005 74.0739
105300 70.4464 74.0704
105400 70.4389 74.067
105500 70.3658 74.0635
105600 70.2313 74.0598
105700 70.4225 74.0564
105800 70.3262 74.0529
105900 70.47 74.0495
106000 70.5233 74.0462
106100 70.4444 74.0428
106200 70.7677 74.0397
106300 70.7201 74.0366
106400 70.1827 74.0329
106500 70.1748 74.0293
106600 70.071 74.0256
106700 69.8723 74.0217
106800 69.651 74.0176
106900 69.5974 74.0135
107000 69.8845 74.0096
107100 70.4078 74.0063
107200 70.3851 74.0029
107300 71.0139 74.0001
107400 71.1123 73.9974
107500 71.4407 73.995
107600 72.2724 73.9934
107700 71.7304 73.9913
107800 70.9368 73.9885
107900 70.8983 73.9856
108000 70.7121 73.9826
108100 71.0151 73.9799
108200 71.2353 73.9773
108300 71.0603 73.9746
108400 71.3791 73.9722
108500 70.9769 73.9695
108600 71.0433 73.9668
108700 71.0642 73.9641
108800 70.6986 73.9611
108900 70.797 73.9582
109000 70.7653 73.9553
109100 71.2207 73.9528
109200 71.8013 73.9508
109300 71.6648 73.9487
109400 71.1599 73.9462
109500 71.1205 73.9436
109600 71.2822 73.9412
109700 71.7388 73.9391
109800 71.503 73.9369
109900 71.6114 73.9348
110000 71.7206 73.9328
110100 71.1397 73.9303
110200 71.3224 73.9279
110300 70.9158 73.9252
110400 70.9456 73.9225
110500 70.8877 73.9197
110600 70.7726 73.9169
110700 70.9133 73.9142
110800 71.6159 73.9121
110900 71.2481 73.9097
111000 71.215 73.9073
111100 71.3582 73.905
111200 71.5415 73.9028
111300 71.8012 73.9009
111400 71.647 73.8989
111500 71.4167 73.8967
111600 71.4043 73.8945
111700 71.6787 73.8925
111800 71.6978 73.8905
111900 71.3634 73.8883
112000 71.9941 73.8866
112100 71.4693 73.8844
112200 70.9342 73.8818
112300 70.9361 73.8792
112400 71.2039 73.8768
112500 71.1826 73.8744
112600 70.8974 73.8717
112700 71.2979 73.8695
112800 71.814 73.8676
112900 71.4129 73.8655
113000 71.4639 73.8633
113100 70.9463 73.8608
113200 70.893 73.8581
113300 70.9879 73.8556
113400 70.6913 73.8528
113500 70.7884 73.8501
113600 70.6037 73.8473
113700 70.9045 73.8447
113800 71.1159 73.8423
113900 71.2303 73.84
114000 71.7214 73.8381
114100 71.8183 73.8363
114200 71.6065 73.8344
114300 71.6567 73.8325
114400 71.7706 73.8307
114500 71.8518 73.829
114600 71.9787 73.8273
114700 72.2158 73.8259
114800 71.3293 73.8238
114900 71.1675 73.8215
115000 71.6135 73.8195
115100 71.4595 73.8175
115200 70.9071 73.815
115300 70.9144 73.8124
115400 70.8037 73.8098
115500 71.4714 73.8078
115600 70.8606 73.8053
115700 71.4717 73.8032
115800 70.8762 73.8007
115900 70.2645 73.7977
116000 70.2475 73.7946
116100 70.4728 73.7917
116200 70.3351 73.7888
116300 71.2108 73.7865
116400 70.9558 73.7841
116500 70.8759 73.7816
116600 71.1207 73.7793
116700 70.8861 73.7769
116800 71.0491 73.7745
116900 70.8615 73.772
117000 71.1991 73.7698
117100 71.5116 73.7679
117200 71.3166 73.7658
117300 70.7717 73.7633
117400 70.6804 73.7606
117500 70.9739 73.7583
117600 70.7233 73.7557
117700 71.0699 73.7534
117800 71.1305 73.7512
117900 71.1196 73.7489
118000 70.9389 73.7466
118100 71.0322 73.7443
118200 71.1822 73.7421
118300 71.9965 73.7406
118400 71.1194 73.7384
118500 71.3855 73.7364
118600 71.4399 73.7345
118700 71.5276 73.7326
118800 70.9787 73.7303
118900 70.2595 73.7274
119000 70.6888 73.7248
119100 70.8227 73.7224
119200 71.2671 73.7203
119300 70.5148 73.7176
119400 70.8137 73.7152
119500 70.7755 73.7128
119600 70.7028 73.7102
119700 70.7908 73.7078
119800 70.5969 73.7052
119900 70.9003 73.7029
120000 71.1029 73.7007
120100 71.0266 73.6985
120200 71.4206 73.6966
120300 71.3454 73.6946
120400 71.2295 73.6926
120500 71.0687 73.6904
120600 71.4337 73.6885
120700 71.6547 73.6868
120800 71.5487 73.6851
120900 72.0958 73.6838
121000 71.4679 73.6819
121100 71.1838 73.6799
121200 71.2979 73.6779
121300 70.975 73.6757
121400 70.9607 73.6734
121500 70.9759 73.6712
121600 71.069 73.6691
121700 71.1554 73.667
121800 71.2553 73.665
121900 70.918 73.6628
122000 70.2577 73.66
122100 70.8975 73.6577
122200 70.969 73.6555
122300 70.4591 73.6529
122400 70.525 73.6503
122500 70.4622 73.6477
122600 70.5294 73.6452
122700 70.1036 73.6423
122800 70.4286 73.6397
122900 71.0559 73.6376
123000 71.5233 73.6359
123100 71.3866 73.6341
123200 70.9769 73.6319
123300 70.6862 73.6295
123400 70.8126 73.6272
123500 70.266 73.6245
123600 70.6939 73.6221
123700 71.016 73.62
123800 70.7667 73.6177
123900 70.837 73.6155
124000 70.8734 73.6133
124100 71.242 73.6114
124200 71.3307 73.6095
124300 71.2397 73.6076
124400 71.0326 73.6055
124500 71.4142 73.6038
124600 71.6069 73.6022
124700 71.9122 73.6008
124800 71.8196 73.5994
124900 70.9916 73.5973
125000 70.9353 73.5952
125100 70.9106 73.593
125200 70.7437 73.5908
125300 71.0094 73.5887
125400 71.5325 73.5871
125500 71.3065 73.5852
125600 70.5164 73.5828
125700 70.6926 73.5805
125800 70.9382 73.5784
125900 70.8116 73.5762
126000 70.5279 73.5738
126100 70.4853 73.5713
126200 70.9357 73.5692
126300 71.223 73.5674
126400 71.1302 73.5655
126500 71.5261 73.5638
126600 71.4261 73.5622
126700 71.3835 73.5604
126800 71.0938 73.5585
126900 71.1425 73.5566
127000 71.6417 73.5551
127100 71.637 73.5536
127200 71.4886 73.5519
127300 71.307 73.5502
127400 71.5084 73.5486
127500 71.1044 73.5467
127600 71.0599 73.5447
127700 71.1515 73.5428
127800 71.3005 73.5411
127900 71.3616 73.5394
128000 71.2535 73.5376
128100 71.5254 73.536
128200 70.98 73.534
128300 71.1123 73.5321
128400 70.9592 73.5301
128500 70.275 73.5276
128600 70.7268 73.5254
128700 70.7905 73.5233
128800 70.9635 73.5213
128900 71.2977 73.5196
129000 71.0202 73.5177
129100 71.6633 73.5162
129200 71.9867 73.515
129300 72.1698 73.514
129400 71.316 73.5123
129500 71.32 73.5106
129600 71.072 73.5087
129700 71.1974 73.5069
129800 71.1999 73.5052
129900 71.2902 73.5035
130000 70.737 73.5013
130100 70.924 73.4993
130200 70.7873 73.4973
130300 70.7684 73.4952
130400 70.9389 73.4932
130500 70.9465 73.4913
130600 70.8408 73.4892
130700 70.9047 73.4872
130800 71.4582 73.4857
130900 71.0529 73.4838
131000 71.0862 73.482
131100 70.9263 73.4801
131200 70.5541 73.4778
131300 70.9784 73.4759
131400 71.5878 73.4745
131500 71.796 73.4732
131600 71.5583 73.4718
131700 71.1228 73.47
131800 70.7732 73.4679
131900 71.098 73.4661
132000 71.293 73.4645
132100 70.9937 73.4626
132200 71.17 73.4609
132300 71.024 73.459
132400 70.5489 73.4568
132500 70.853 73.4549
132600 70.8519 73.4529
132700 70.9163 73.451
132800 71.4065 73.4495
132900 71.8173 73.4482
133000 72.0597 73.4472
133100 71.3747 73.4456
133200 70.9661 73.4438
133300 70.9019 73.4419
133400 70.6624 73.4398
133500 70.4938 73.4376
133600 71.0541 73.4358
133700 70.8575 73.4339
133800 70.5744 73.4317
133900 70.2922 73.4294
134000 70.9713 73.4275
134100 71.1812 73.4259
134200 71.1192 73.4242
134300 71.6053 73.4228
134400 71.3816 73.4213
134500 71.2456 73.4197
134600 71.6252 73.4183
134700 71.5986 73.417
134800 71.2518 73.4154
134900 70.8243 73.4134
135000 70.6814 73.4114
135100 70.5998 73.4093
135200 70.4074 73.4071
135300 70.8442 73.4052
135400 70.7948 73.4033
135500 70.9532 73.4015
135600 70.506 73.3994
135700 70.4128 73.3972
135800 70.4109 73.395
135900 70.7172 73.393
136000 71.1144 73.3913
136100 70.9231 73.3895
136200 70.9283 73.3877
136300 71.0314 73.386
136400 71.1741 73.3843
136500 71.2178 73.3828
136600 70.8954 73.3809
136700 70.8943 73.3791
136800 70.1778 73.3768
136900 70.0048 73.3743
137000 70.4449 73.3722
137100 69.9479 73.3697
137200 70.1383 73.3673
137300 69.8861 73.3648
137400 70.1209 73.3624
137500 70.3057 73.3602
137600 70.4116 73.3581
137700 70.5427 73.356
137800 70.2114 73.3537
137900 70.5777 73.3517
138000 70.4146 73.3496
138100 70.8358 73.3478
138200 70.5697 73.3458
138300 70.0014 73.3433
138400 70.5499 73.3413
138500 70.7334 73.3394
138600 70.4026 73.3373
138700 70.3398 73.3352
138800 71.0209 73.3335
138900 70.8767 73.3317
139000 71.1048 73.3301
139100 71.5294 73.3288
139200 71.7696 73.3277
139300 71.306 73.3263
139400 70.8675 73.3245
139500 71.0222 73.3228
139600 71.1451 73.3213
139700 71.1179 73.3197
139800 71.229 73.3182
139900 70.766 73.3164
140000 70.9194 73.3147
140100 70.9028 73.313
140200 71.0402 73.3113
140300 71.2463 73.3099
140400 71.0364 73.3082
140500 70.8833 73.3065
140600 70.4334 73.3045
140700 70.3896 73.3024
140800 70.5881 73.3005
140900 70.606 73.2986
141000 71.1783 73.2971
141100 71.5577 73.2958
141200 70.8263 73.2941
141300 71.041 73.2925
141400 70.2671 73.2903
141500 70.7909 73.2886
141600 70.791 73.2868
141700 71.1766 73.2853
141800 71.2005 73.2838
141900 71.269 73.2824
142000 70.5316 73.2805
142100 70.5291 73.2786
142200 70.6715 73.2767
142300 70.9656 73.2751
142400 71.3671 73.2738
142500 71.5053 73.2725
142600 71.3026 73.2711
142700 71.2544 73.2697
142800 70.9156 73.2681
142900 71.1666 73.2666
143000 70.6686 73.2648
143100 70.8038 73.2631
143200 70.8777 73.2614
143300 70.9666 73.2598
143400 71.157 73.2583
143500 70.6903 73.2565
143600 70.6279 73.2547
143700 71.0474 73.2532
143800 70.1091 73.251
143900 70.751 73.2493
144000 71.0185 73.2477
144100 71.0748 73.2462
144200 70.8422 73.2445
144300 70.7621 73.2428
144400 70.5401 73.2409
144500 71.0793 73.2394
144600 70.7289 73.2377
144700 70.5777 73.2359
144800 70.2977 73.2338
144900 70.4303 73.2319
145000 70.6236 73.2301
145100 71.0117 73.2286
145200 70.5726 73.2267
145300 71.139 73.2253
145400 71.6104 73.2242
145500 71.3748 73.2229
145600 71.7771 73.2219
145700 71.1175 73.2205
145800 70.8339 73.2189
145900 70.4281 73.2169
146000 70.6177 73.2152
146100 70.5695 73.2133
146200 70.5966 73.2116
146300 71.1731 73.2102
146400 70.8314 73.2085
146500 70.5075 73.2067
146600 70.3885 73.2048
146700 70.6693 73.203
146800 70.9622 73.2015
146900 70.0521 73.1994
147000 70.2102 73.1973
147100 70.5043 73.1955
147200 70.1236 73.1934
147300 70.5166 73.1916
147400 70.6545 73.1899
147500 70.2445 73.1879
147600 70.5145 73.1861
147700 70.2887 73.1841
147800 71.2165 73.1828
147900 71.0587 73.1813
148000 70.9307 73.1798
148100 70.9119 73.1783
148200 70.9166 73.1768
148300 71.1937 73.1754
148400 71.3513 73.1742
148500 71.2545 73.1729
148600 71.0627 73.1715
148700 71.3293 73.1703
148800 70.6982 73.1686
148900 70.661 73.1669
149000 70.7478 73.1653
149100 70.733 73.1637
149200 70.8368 73.1621
149300 70.833 73.1605
149400 71.2022 73.1592
149500 70.9645 73.1578
149600 71.0471 73.1563
149700 70.7536 73.1547
149800 71.4296 73.1536
149900 71.3074 73.1524
150000 71.3232 73.1511
150100 70.7889 73.1496
150200 70.6738 73.1479
150300 71.2684 73.1467
150400 71.2526 73.1454
150500 70.7303 73.1438
150600 70.4417 73.142
150700 71.1125 73.1407
150800 70.7034 73.139
150900 70.5666 73.1373
151000 70.9051 73.1359
151100 70.7568 73.1343
151200 70.6142 73.1326
151300 70.9519 73.1312
151400 71.2335 73.1299
151500 71.3311 73.1287
151600 70.9286 73.1273
151700 71.8909 73.1265
151800 71.7205 73.1255
151900 71.6562 73.1246
152000 71.1606 73.1233
152100 70.9207 73.1218
152200 70.8287 73.1203
152300 71.0289 73.119
152400 71.1307 73.1177
152500 71.3785 73.1165
152600 71.539 73.1155
152700 71.8676 73.1147
152800 71.3194 73.1135
152900 71.7167 73.1126
153000 72.0426 73.1119
153100 71.0977 73.1106
153200 72.0306 73.1099
153300 71.9616 73.1091
153400 71.761 73.1082
153500 71.7825 73.1074
153600 71.3374 73.1062
153700 71.1258 73.1049
153800 71.2038 73.1037
153900 71.1531 73.1024
154000 71.2991 73.1012
154100 71.1985 73.1
154200 71.324 73.0989
154300 70.9515 73.0975
154400 71.3391 73.0963
154500 71.2959 73.0952
154600 71.2823 73.094
154700 70.5229 73.0923
154800 70.6714 73.0908
154900 70.76 73.0893
155000 71.3482 73.0881
155100 71.5133 73.0871
155200 71.6697 73.0862
155300 71.4125 73.0851
155400 71.492 73.0841
155500 70.7404 73.0826
155600 71.0623 73.0813
155700 71.7068 73.0804
155800 71.4095 73.0793
155900 71.6042 73.0784
156000 71.2413 73.0772
156100 70.5153 73.0756
156200 70.3812 73.0739
156300 70.509 73.0722
156400 70.6431 73.0707
156500 70.4641 73.069
156600 70.59 73.0674
156700 70.337 73.0657
156800 70.1129 73.0638
156900 70.6247 73.0622
157000 70.7902 73.0608
157100 71.0761 73.0595
157200 70.965 73.0582
157300 70.4992 73.0566
157400 70.454 73.0549
157500 70.5694 73.0533
157600 70.3583 73.0516
157700 70.5866 73.0501
157800 70.4214 73.0484
157900 70.209 73.0466
158000 70.5155 73.045
158100 70.2546 73.0432
158200 70.3648 73.0415
158300 70.4651 73.0399
158400 70.8745 73.0385
158500 70.662 73.037
158600 70.5263 73.0355
158700 70.856 73.0341
158800 70.0838 73.0322
158900 70.7754 73.0308
159000 70.3406 73.0291
159100 70.2727 73.0274
159200 70.6151 73.0259
159300 70.7531 73.0244
159400 70.4155 73.0228
159500 70.4776 73.0212
159600 70.8347 73.0198
159700 70.1575 73.018
159800 70.3339 73.0164
159900 70.7651 73.015
160000 71.3799 73.0139
160100 71.0442 73.0127
160200 70.6482 73.0112
160300 70.418 73.0096
160400 70.9989 73.0084
160500 71.2314 73.0072
160600 71.2534 73.0062
160700 71.3845 73.0051
160800 71.0722 73.0039
160900 70.9869 73.0027
161000 70.7971 73.0013
161100 71.0634 73.0001
161200 70.9344 72.9988
161300 71.1945 72.9977
161400 71.0353 72.9965
161500 71.7674 72.9957
161600 71.5492 72.9948
161700 71.5124 72.9939
161800 71.4943 72.993
161900 71.3166 72.992
162000 71.0123 72.9907
162100 71.3241 72.9897
162200 71.7252 72.9889
162300 71.3867 72.9879
162400 71.2326 72.9869
162500 70.954 72.9856
162600 71.1522 72.9845
162700 71.5017 72.9836
162800 71.976 72.983
162900 71.3224 72.9819
163000 71.4885 72.981
163100 71.223 72.9799
163200 71.667 72.9791
163300 71.3058 72.9781
163400 71.3228 72.9771
163500 71.1213 72.976
163600 71.0367 72.9748
163700 70.7524 72.9734
163800 70.8268 72.9721
163900 70.691 72.9707
164000 71.2026 72.9696
164100 71.2884 72.9686
164200 71.1083 72.9675
164300 71.6082 72.9667
164400 71.4331 72.9657
164500 71.585 72.9649
164600 71.6716 72.9641
164700 71.4884 72.9632
164800 70.6297 72.9618
164900 71.0274 72.9606
165000 71.6473 72.9598
165100 71.1804 72.9587
165200 71.2924 72.9577
165300 70.8709 72.9565
165400 71.344 72.9555
165500 70.9546 72.9543
165600 70.8565 72.953
165700 71.0919 72.9519
165800 70.8713 72.9506
165900 70.7036 72.9493
166000 70.7056 72.9479
166100 71.2022 72.9469
166200 71.4726 72.946
166300 71.0944 72.9449
166400 71.1099 72.9438
166500 71.0965 72.9427
166600 71.123 72.9416
166700 71.0169 72.9404
166800 71.0406 72.9393
166900 70.6943 72.9379
167000 70.694 72.9366
167100 70.8879 72.9354
167200 70.8365 72.9341
167300 70.7802 72.9328
167400 70.3779 72.9313
167500 70.3566 72.9298
167600 70.9681 72.9286
167700 71.0437 72.9275
167800 70.8723 72.9262
167900 71.0747 72.9251
168000 71.1219 72.9241
168100 71.1539 72.923
168200 70.7999 72.9218
168300 71.0392 72.9206
168400 71.3282 72.9197
168500 71.0594 72.9186
168600 70.1107 72.9169
168700 69.8018 72.9151
168800 70.0963 72.9134
168900 69.9727 72.9117
169000 70.6454 72.9103
169100 70.3688 72.9088
169200 70.5217 72.9074
169300 70.4286 72.9059
169400 70.2639 72.9044
169500 70.1626 72.9028
169600 70.3348 72.9013
169700 70.5913 72.8999
169800 70.3679 72.8984
169900 70.4871 72.897
170000 70.4366 72.8955
170100 70.0194 72.8938
170200 70.1017 72.8922
170300 70.4462 72.8908
170400 70.605 72.8894
170500 70.204 72.8879
170600 70.5157 72.8865
170700 70.7047 72.8852
170800 70.2264 72.8836
170900 70.1623 72.882
171000 70.3192 72.8805
171100 70.0226 72.8789
171200 69.8123 72.8771
171300 69.995 72.8754
171400 70.1003 72.8738
171500 70.5704 72.8724
171600 70.8729 72.8713
171700 70.5647 72.8699
171800 70.8631 72.8688
171900 70.5371 72.8674
172000 70.1411 72.8658
172100 70.244 72.8643
172200 69.9051 72.8626
172300 70.632 72.8613
172400 70.4906 72.8599
172500 71.0527 72.8589
172600 70.5767 72.8575
172700 70.3425 72.8561
172800 70.5823 72.8548
172900 70.5164 72.8534
173000 70.5256 72.8521
173100 70.4325 72.8507
173200 70.8668 72.8495
173300 70.6695 72.8483
173400 70.3402 72.8468
173500 70.9906 72.8457
173600 70.9411 72.8446
173700 71.1958 72.8437
173800 70.9546 72.8426
173900 70.7349 72.8414
174000 70.8405 72.8402
174100 70.8981 72.8391
174200 70.7679 72.8379
174300 70.5706 72.8366
174400 70.3152 72.8352
174500 69.8221 72.8335
174600 70.1388 72.8319
174700 69.6802 72.8301
174800 69.7724 72.8284
174900 69.8932 72.8267
175000 69.8844 72.825
175100 70.1017 72.8235
175200 70.2856 72.822
175300 70.9493 72.8209
175400 70.3353 72.8195
175500 69.7848 72.8178
175600 69.7116 72.816
175700 69.4594 72.8141
175800 69.8448 72.8124
175900 69.7863 72.8107
176000 69.9383 72.8091
176100 70.6465 72.8078
176200 70.517 72.8065
176300 70.3687 72.8052
176400 70.565 72.8039
176500 70.0724 72.8023
176600 70.4454 72.801
176700 69.9602 72.7994
176800 69.831 72.7977
176900 70.538 72.7964
177000 70.7069 72.7953
177100 70.7746 72.7941
177200 70.272 72.7927
177300 70.5288 72.7914
177400 70.4143 72.7901
177500 70.2565 72.7887
177600 70.4102 72.7873
177700 70.4534 72.786
177800 70.8545 72.7849
177900 71.1771 72.784
178000 70.6798 72.7828
178100 70.9698 72.7818
178200 70.7973 72.7807
178300 71.1102 72.7798
178400 70.8947 72.7787
178500 71.3256 72.7779
178600 70.9744 72.7769
178700 71.3314 72.7761
178800 70.9584 72.7751
178900 70.9053 72.774
179000 71.0606 72.7731
179100 71.6899 72.7725
179200 71.3501 72.7717
179300 70.8935 72.7706
179400 71.0277 72.7696
179500 70.5362 72.7684
179600 70.9068 72.7674
179700 70.8385 72.7663
179800 71.2756 72.7655
179900 70.6103 72.7643
180000 70.7226 72.7631
180100 70.2367 72.7617
180200 70.6243 72.7605
180300 71.287 72.7597
180400 71.1142 72.7588
180500 71.0006 72.7578
180600 71.3295 72.757
180700 70.765 72.7559
180800 71.187 72.7551
180900 70.6723 72.7539
181000 70.251 72.7525
181100 70.2969 72.7512
181200 70.5329 72.75
181300 70.8417 72.7489
181400 70.7467 72.7478
181500 70.6102 72.7466
181600 70.6533 72.7455
181700 71.3106 72.7447
181800 70.8043 72.7436
181900 70.4677 72.7424
182000 70.551 72.7412
182100 69.9739 72.7396
182200 70.3699 72.7383
182300 70.5367 72.7371
182400 70.8837 72.7361
182500 71.2883 72.7353
182600 70.9645 72.7343
182700 70.9246 72.7334
182800 70.6118 72.7322
182900 69.9369 72.7307
183000 70.0246 72.7292
183100 69.8238 72.7276
183200 69.9209 72.7261
183300 70.7321 72.725
183400 70.5822 72.7238
183500 70.5961 72.7227
183600 70.9881 72.7217
183700 70.8884 72.7207
183800 70.7452 72.7196
183900 70.4075 72.7184
184000 70.4467 72.7171
184100 70.4065 72.7159
184200 70.595 72.7147
184300 69.8781 72.7132
184400 69.8819 72.7117
184500 70.3544 72.7104
184600 70.6584 72.7093
184700 70.8649 72.7083
184800 70.4281 72.707
184900 70.5087 72.7059
185000 70.3167 72.7046
185100 70.4578 72.7034
185200 70.7247 72.7023
185300 70.7669 72.7012
185400 70.8173 72.7002
185500 71.3391 72.6995
185600 71.4568 72.6988
185700 71.0673 72.6979
185800 70.8831 72.697
185900 70.7994 72.6959
186000 70.705 72.6949
186100 70.6642 72.6938
186200 71.0779 72.6929
186300 70.8606 72.6919
186400 70.676 72.6908
186500 70.2965 72.6896
186600 70.319 72.6883
186700 70.3059 72.687
186800 70.4399 72.6858
186900 70.9521 72.6849
187000 70.8157 72.6839
187100 70.1958 72.6826
187200 70.3895 72.6813
187300 70.5412 72.6802
187400 70.0586 72.6788
187500 70.6392 72.6777
187600 70.5792 72.6766
187700 70.0696 72.6752
187800 70.3645 72.674
187900 70.0715 72.6726
188000 69.8557 72.6711
188100 70.3697 72.6699
188200 70.7629 72.6688
188300 70.5445 72.6677
188400 70.4685 72.6665
188500 70.5537 72.6654
188600 69.8503 72.6639
188700 69.8819 72.6625
188800 70.1964 72.6612
188900 70.5594 72.66
189000 70.3348 72.6588
189100 70.2079 72.6575
189200 69.8108 72.656
189300 70.1162 72.6547
189400 69.8286 72.6532
189500 70.209 72.6519
189600 70.3747 72.6507
189700 70.1864 72.6494
189800 70.4037 72.6482
189900 70.5043 72.6471
190000 70.4236 72.6459
190100 70.4039 72.6447
190200 70.4269 72.6436
190300 70.8464 72.6426
190400 71.1302 72.6418
190500 71.0331 72.641
190600 71.432 72.6403
190700 70.769 72.6394
190800 70.5189 72.6383
190900 70.7947 72.6373
191000 70.4898 72.6362
191100 70.6939 72.6351
191200 70.8704 72.6342
191300 71.3447 72.6335
191400 71.0503 72.6327
191500 71.0751 72.6319
191600 70.5298 72.6308
191700 71.2042 72.6301
191800 70.9076 72.6292
191900 70.348 72.628
192000 70.6945 72.627
192100 70.7449 72.626
192200 70.3926 72.6248
192300 70.0799 72.6235
192400 70.4384 72.6224
192500 69.9722 72.621
192600 70.1154 72.6197
192700 70.4698 72.6186
192800 70.1376 72.6173
192900 69.9816 72.6159
193000 69.5564 72.6143
193100 70.1123 72.613
193200 70.2151 72.6118
193300 70.3712 72.6106
193400 70.2282 72.6094
193500 70.7919 72.6085
193600 70.1738 72.6072
193700 70.1194 72.6059
193800 69.9821 72.6046
193900 70.2772 72.6034
194000 70.8075 72.6024
194100 70.8225 72.6015
194200 70.0823 72.6002
194300 70.4621 72.5991
194400 70.1992 72.5979
194500 70.5928 72.5969
194600 69.7712 72.5954
194700 70.0769 72.5941
194800 70.0074 72.5928
194900 70.4278 72.5917
195000 70.7701 72.5908
195100 70.5034 72.5897
195200 70.1558 72.5884
195300 70.4439 72.5873
195400 70.3053 72.5862
195500 70.2283 72.585
195600 70.0657 72.5837
195700 70.0341 72.5824
195800 70.673 72.5814
195900 70.5523 72.5804
196000 70.7901 72.5794
196100 70.2974 72.5783
196200 69.6522 72.5768
196300 70.0685 72.5755
196400 69.9997 72.5742
196500 70.1341 72.573
196600 70.0117 72.5717
196700 69.7682 72.5702
196800 69.8194 72.5688
196900 70.1846 72.5676
197000 70.3107 72.5665
197100 69.821 72.5651
197200 70.1891 72.5639
197300 70.2827 72.5627
197400 70.2276 72.5615
197500 70.84 72.5607
197600 71.2254 72.56
197700 70.6726 72.559
197800 70.5956 72.558
197900 70.3891 72.557
198000 69.9025 72.5556
198100 69.4899 72.5541
198200 70.1927 72.5529
198300 70.5397 72.5519
198400 70.3712 72.5508
198500 70.4912 72.5497
198600 70.3611 72.5486
198700 70.1496 72.5474
198800 70.1302 72.5462
198900 69.9378 72.5449
199000 70.0258 72.5436
199100 70.1317 72.5424
199200 69.8474 72.5411
199300 69.9599 72.5398
199400 69.6593 72.5383
199500 70.1094 72.5371
199600 70.2245 72.5359
199700 70.1227 72.5347
199800 70.5673 72.5337
199900 69.9647 72.5325
200000 70.0706 72.5312
200100 70.7213 72.5303
200200 70.6641 72.5294
200300 70.7742 72.5285
200400 70.2239 72.5274
200500 70.1399 72.5262
200600 70.3726 72.5251
200700 70.8426 72.5243
200800 70.7455 72.5234
200900 70.6229 72.5224
201000 70.5825 72.5215
201100 70.3262 72.5204
201200 70.1616 72.5192
201300 70.0967 72.518
201400 70.2075 72.5168
201500 70.7163 72.516
201600 70.6111 72.515
201700 70.7278 72.5141
201800 70.8244 72.5133
201900 70.6903 72.5124
202000 70.4189 72.5113
202100 70.463 72.5103
202200 70.4549 72.5093
202300 70.2273 72.5082
202400 70.3394 72.5071
202500 70.2838 72.506
202600 70.4377 72.505
202700 70.5202 72.504
202800 70.1678 72.5029
202900 70.0758 72.5017
203000 70.614 72.5007
203100 70.3322 72.4997
203200 70.3797 72.4986
203300 70.257 72.4975
203400 70.2786 72.4964
203500 70.6741 72.4955
203600 70.0906 72.4944
203700 70.4825 72.4934
203800 70.2329 72.4923
203900 70.3954 72.4912
204000 70.7637 72.4904
204100 70.4372 72.4894
204200 70.7088 72.4885
204300 70.6225 72.4876
204400 70.6819 72.4867
204500 70.5555 72.4858
204600 70.4955 72.4848
204700 70.6031 72.4839
204800 70.5209 72.4829
204900 70.883 72.4821
205000 70.508 72.4812
205100 70.5046 72.4802
205200 70.8786 72.4794
205300 71.4182 72.4789
205400 71.068 72.4782
205500 70.8934 72.4775
205600 70.8979 72.4767
205700 71.322 72.4761
205800 71.4138 72.4756
205900 70.7225 72.4748
206000 70.3962 72.4738
206100 70.9918 72.473
206200 70.5403 72.4721
206300 71.0964 72.4714
206400 70.9134 72.4707
206500 71.5654 72.4702
206600 70.9246 72.4695
206700 70.6365 72.4686
206800 70.3916 72.4676
206900 70.3978 72.4666
207000 70.0141 72.4654
207100 70.3155 72.4644
207200 70.2932 72.4633
207300 70.3773 72.4623
207400 70.395 72.4613
207500 70.9963 72.4606
207600 70.7109 72.4598
207700 70.5733 72.4589
207800 70.6253 72.458
207900 70.3581 72.457
208000 70.5281 72.456
208100 70.8692 72.4553
208200 70.659 72.4544
208300 70.9396 72.4537
208400 70.5086 72.4528
208500 70.4163 72.4518
208600 71.0956 72.4511
208700 70.752 72.4503
208800 71.0778 72.4497
208900 71.3609 72.4491
209000 71.2922 72.4486
209100 71.3549 72.4481
209200 71.6964 72.4477
209300 71.5357 72.4473
209400 71.6325 72.4469
209500 71.2352 72.4463
209600 71.0739 72.4456
209700 70.804 72.4449
209800 71.2653 72.4443
209900 70.751 72.4435
210000 70.4418 72.4425
210100 70.4967 72.4416
210200 70.1922 72.4405
210300 70.4036 72.4396
210400 70.0885 72.4385
210500 70.453 72.4375
210600 70.772 72.4367
210700 70.6967 72.4359
210800 70.2668 72.4349
210900 70.6099 72.434
211000 70.5144 72.4331
211100 70.2665 72.4321
211200 70.7111 72.4313
211300 71.0866 72.4306
211400 71.132 72.43
211500 71.0691 72.4294
211600 71.0618 72.4287
211700 70.8006 72.4279
211800 70.7926 72.4272
211900 70.9934 72.4265
212000 70.9135 72.4258
212100 70.7071 72.425
212200 71.0302 72.4243
212300 71.5563 72.4239
212400 71.0388 72.4233
212500 70.5822 72.4224
212600 70.3253 72.4214
212700 70.2217 72.4204
212800 70.1433 72.4193
212900 70.4934 72.4184
213000 70.5839 72.4175
213100 70.7591 72.4168
213200 70.6721 72.4159
213300 70.5976 72.4151
213400 71.0198 72.4144
213500 71.691 72.4141
213600 71.6896 72.4137
213700 71.8897 72.4135
213800 71.5557 72.4131
213900 71.1701 72.4125
214000 70.7703 72.4118
214100 70.8868 72.411
214200 70.5943 72.4102
214300 71.531 72.4098
214400 71.5202 72.4094
214500 71.0431 72.4087
214600 71.0877 72.4081
214700 71.309 72.4076
214800 71.3655 72.4071
214900 71.023 72.4065
215000 71.1512 72.4059
215100 71.2011 72.4053
215200 70.6895 72.4045
215300 70.8919 72.4038
215400 71.2478 72.4033
215500 71.2208 72.4027
215600 71.4227 72.4023
215700 71.566 72.4019
215800 71.8951 72.4017
215900 71.4699 72.4012
216000 71.4333 72.4008
216100 71.3875 72.4003
216200 71.5027 72.3999
216300 71.4262 72.3995
216400 71.5337 72.3991
216500 71.238 72.3985
216600 71.3187 72.398
216700 71.1086 72.3974
216800 70.696 72.3966
216900 70.9786 72.396
217000 71.0856 72.3954
217100 70.6401 72.3946
217200 70.7588 72.3938
217300 70.4647 72.3929
217400 70.6239 72.3921
217500 70.4513 72.3912
217600 70.8648 72.3905
217700 70.7483 72.3898
217800 70.3496 72.3888
217900 70.6232 72.388
218000 71.0037 72.3874
218100 71.1417 72.3868
218200 70.9445 72.3862
218300 70.451 72.3853
218400 70.3393 72.3843
218500 70.5039 72.3835
218600 70.6048 72.3827
218700 70.7865 72.3819
218800 70.7291 72.3812
218900 71.0871 72.3806
219000 71.5508 72.3802
219100 72.0703 72.3801
219200 71.4968 72.3797
219300 71.4977 72.3793
219400 71.6694 72.3789
219500 70.9828 72.3783
219600 71.2176 72.3778
219700 71.0195 72.3771
219800 70.7102 72.3764
219900 71.1783 72.3758
220000 71.3983 72.3754
220100 70.8351 72.3747
220200 70.9444 72.3741
220300 70.866 72.3734
220400 70.7576 72.3726
220500 70.3248 72.3717
220600 70.4954 72.3709
220700 70.7438 72.3701
220800 70.7072 72.3694
220900 70.7599 72.3686
221000 70.8968 72.368
221100 70.8525 72.3673
221200 70.3489 72.3664
221300 70.1605 72.3654
221400 70.4032 72.3645
221500 70.4532 72.3636
221600 70.4745 72.3628
221700 70.5563 72.362
221800 70.8804 72.3613
221900 71.087 72.3607
222000 70.6193 72.3599
222100 70.6952 72.3592
222200 70.4806 72.3583
222300 70.4099 72.3575
222400 70.3661 72.3566
222500 70.3423 72.3557
222600 71.0529 72.3551
222700 70.7443 72.3544
222800 70.8328 72.3537
222900 70.7087 72.3529
223000 70.5114 72.3521
223100 70.9124 72.3515
223200 70.6642 72.3507
223300 70.889 72.3501
223400 70.453 72.3492
223500 70.3698 72.3483
223600 70.185 72.3473
223700 70.1421 72.3464
223800 70.6647 72.3456
223900 70.2918 72.3447
224000 70.6103 72.3439
224100 70.8923 72.3433
224200 70.8676 72.3426
224300 70.7026 72.3419
224400 71.0386 72.3413
224500 70.6289 72.3405
224600 70.2783 72.3396
224700 69.9854 72.3386
224800 70.6242 72.3378
224900 70.4227 72.337
225000 70.2138 72.336
225100 70.2686 72.3351
225200 70.5722 72.3343
225300 70.4071 72.3335
225400 70.0492 72.3324
225500 69.8907 72.3314
225600 70.4552 72.3305
225700 70.4619 72.3297
225800 70.2508 72.3288
225900 70.2112 72.3278
226000 70.3839 72.327
226100 71.1091 72.3264
226200 70.9202 72.3258
226300 71.298 72.3254
226400 70.7585 72.3247
226500 70.602 72.3239
226600 70.3515 72.323
226700 70.8439 72.3224
226800 70.5846 72.3216
226900 70.8739 72.321
227000 70.7543 72.3203
227100 71.1045 72.3198
227200 70.5875 72.319
227300 70.3137 72.3181
227400 70.5672 72.3173
227500 70.2327 72.3164
227600 70.7264 72.3157
227700 71.0259 72.3152
227800 70.7795 72.3145
227900 70.5567 72.3137
228000 70.6778 72.313
228100 70.7874 72.3123
228200 70.8503 72.3117
228300 70.2277 72.3108
228400 69.8991 72.3097
228500 70.3711 72.3089
228600 70.6681 72.3082
228700 70.9897 72.3076
228800 70.9836 72.307
228900 70.8442 72.3064
229000 70.6331 72.3056
229100 70.2566 72.3047
229200 70.3607 72.3039
229300 70.2359 72.303
229400 70.6503 72.3023
229500 70.2077 72.3014
229600 70.3795 72.3005
229700 70.8007 72.2999
229800 70.4791 72.2991
229900 71.2713 72.2986
230000 70.9197 72.298
230100 70.7183 72.2973
230200 70.1784 72.2964
230300 70.8269 72.2958
230400 70.6727 72.2951
230500 70.8294 72.2944
230600 70.138 72.2935
230700 70.4455 72.2927
230800 69.9424 72.2917
230900 70.1804 72.2908
231000 70.1129 72.2898
231100 70.2454 72.2889
231200 70.52 72.2882
231300 70.331 72.2873
231400 70.3311 72.2865
231500 70.4198 72.2857
231600 70.0542 72.2847
231700 70.8688 72.2841
231800 70.7664 72.2835
231900 70.9682 72.2829
232000 70.8845 72.2823
232100 70.8485 72.2817
232200 71.0358 72.2811
232300 70.9119 72.2805
232400 70.5633 72.2798
232500 70.4458 72.279
232600 70.442 72.2782
232700 69.977 72.2772
232800 69.4617 72.276
232900 70.0229 72.2751
233000 70.1857 72.2742
233100 70.1274 72.2732
233200 70.553 72.2725
233300 70.0412 72.2715
233400 70.6947 72.2709
233500 69.8802 72.2698
233600 70.0829 72.2689
233700 70.4921 72.2682
233800 70.8744 72.2676
233900 70.6442 72.2669
234000 70.5631 72.2661
234100 70.4915 72.2654
234200 70.3486 72.2646
234300 69.8646 72.2635
234400 70.5472 72.2628
234500 70.5862 72.2621
234600 70.3717 72.2613
234700 70.8409 72.2607
234800 70.4464 72.2599
234900 70.2864 72.2591
235000 70.5573 72.2583
235100 71.3947 72.258
235200 71.0377 72.2575
235300 70.7391 72.2568
235400 70.6009 72.2561
235500 70.944 72.2555
235600 70.8496 72.2549
235700 71.0032 72.2544
235800 70.9547 72.2539
235900 70.5644 72.2531
236000 70.5031 72.2524
236100 70.1463 72.2515
236200 70.4556 72.2508
236300 70.7487 72.2501
236400 70.7768 72.2495
236500 70.8865 72.2489
236600 70.2758 72.2481
236700 70.5904 72.2474
236800 70.4428 72.2466
236900 70.6155 72.2459
237000 70.3571 72.2451
237100 70.8375 72.2445
237200 70.9618 72.244
237300 71.0685 72.2435
237400 71.0264 72.243
237500 71.1516 72.2425
237600 70.6265 72.2419
237700 70.2398 72.241
237800 70.1514 72.2401
237900 70.082 72.2392
238000 70.1251 72.2383
238100 70.3853 72.2376
238200 70.9306 72.237
238300 71.2042 72.2366
238400 70.6778 72.2359
238500 70.472 72.2352
238600 70.6146 72.2345
238700 70.6152 72.2338
238800 70.8317 72.2332
238900 71.1933 72.2328
239000 71.1956 72.2324
239100 71.2874 72.232
239200 70.6336 72.2313
239300 70.2527 72.2305
239400 70.4727 72.2297
239500 70.4242 72.229
239600 70.7086 72.2284
239700 71.0248 72.2279
239800 71.2811 72.2275
239900 71.0046 72.227
240000 70.8298 72.2264
240100 71.0529 72.2259
240200 70.8838 72.2253
240300 70.8085 72.2247
240400 70.4821 72.224
240500 70.7816 72.2234
240600 70.7308 72.2228
240700 71.022 72.2223
240800 70.8049 72.2217
240900 71.1004 72.2212
241000 71.3248 72.2209
241100 71.0119 72.2204
241200 71.1931 72.2199
241300 71.2209 72.2195
241400 71.3478 72.2192
241500 71.0439 72.2187
241600 71.2046 72.2183
241700 71.1559 72.2178
241800 71.0829 72.2173
241900 71.3142 72.217
242000 71.5149 72.2167
242100 70.9804 72.2162
242200 70.5724 72.2155
242300 70.9909 72.215
242400 71.2314 72.2146
242500 71.1715 72.2142
242600 71.0201 72.2137
242700 70.9977 72.2132
242800 71.2001 72.2127
242900 70.9877 72.2122
243000 70.695 72.2116
243100 70.6407 72.211
243200 70.6499 72.2103
243300 70.8914 72.2098
243400 70.6196 72.2091
243500 70.3965 72.2084
243600 70.5842 72.2077
243700 70.3212 72.2069
243800 70.5633 72.2063
243900 71.2188 72.2059
244000 71.4154 72.2055
244100 71.563 72.2053
244200 71.0133 72.2048
244300 71.0198 72.2043
244400 70.3102 72.2035
244500 70.4996 72.2028
244600 70.4805 72.2021
244700 70.157 72.2013
244800 70.3575 72.2005
244900 70.2916 72.1998
245000 70.6918 72.1991
245100 70.7424 72.1985
245200 70.5709 72.1979
245300 70.6046 72.1972
245400 70.6192 72.1966
245500 70.5651 72.1959
245600 70.2124 72.1951
245700 70.0939 72.1943
245800 70.2094 72.1935
245900 70.2674 72.1927
246000 70.391 72.1919
246100 70.6235 72.1913
246200 70.4155 72.1906
246300 71.0402 72.1901
246400 71.1335 72.1897
246500 71.3013 72.1893
246600 71.7062 72.1891
246700 70.8967 72.1886
246800 70.9006 72.1881
246900 70.9222 72.1876
247000 71.1112 72.1871
247100 70.79 72.1866
247200 70.8682 72.186
247300 71.1331 72.1856
247400 70.5942 72.185
247500 70.8588 72.1844
247600 70.8146 72.1839
247700 70.8884 72.1834
247800 70.1621 72.1825
247900 70.3562 72.1818
248000 70.5525 72.1811
248100 70.7152 72.1806
248200 70.8857 72.18
248300 70.6238 72.1794
248400 71.065 72.179
248500 70.2576 72.1782
248600 70.5007 72.1775
248700 70.5125 72.1768
248800 70.5537 72.1762
248900 70.6095 72.1756
249000 70.7696 72.175
249100 70.7397 72.1744
249200 70.5913 72.1738
249300 70.3747 72.1731
249400 70.0091 72.1722
249500 69.8544 72.1713
249600 69.8201 72.1703
249700 70.1392 72.1695
249800 70.1923 72.1687
249900 69.7509 72.1678
250000 70.151 72.1669
250100 70.5955 72.1663
250200 70.8956 72.1658
250300 71.2237 72.1654
250400 70.8532 72.1649
250500 70.5345 72.1643
250600 71.1633 72.1639
250700 70.4204 72.1632
250800 69.802 72.1622
250900 70.3923 72.1615
251000 70.2849 72.1608
251100 70.5799 72.1601
251200 70.6787 72.1595
251300 70.7885 72.159
251400 71.3153 72.1587
251500 70.7589 72.1581
251600 70.1991 72.1573
251700 70.9219 72.1568
251800 70.3392 72.1561
251900 70.4779 72.1555
252000 70.5234 72.1548
252100 70.2167 72.154
252200 70.1548 72.1532
252300 70.639 72.1526
252400 71.0327 72.1522
252500 70.3521 72.1515
252600 70.3575 72.1508
252700 70.4639 72.1501
252800 70.5583 72.1495
252900 70.0742 72.1487
253000 69.9477 72.1478
253100 69.8672 72.1469
253200 69.8043 72.146
253300 69.7156 72.145
253400 69.2778 72.1439
253500 69.8234 72.143
253600 70.2853 72.1422
253700 69.7173 72.1413
253800 70.037 72.1404
253900 69.7491 72.1395
254000 69.7575 72.1386
254100 69.5571 72.1375
254200 69.8131 72.1366
254300 70.189 72.1359
254400 70.1056 72.1351
254500 70.2109 72.1343
254600 70.3304 72.1336
254700 69.6907 72.1326
254800 70.3808 72.132
254900 69.8673 72.1311
255000 69.7806 72.1301
255100 69.8291 72.1292
255200 69.654 72.1283
255300 70.0249 72.1274
255400 69.5801 72.1265
255500 70.1829 72.1257
255600 69.9126 72.1248
255700 70.1738 72.1241
255800 70.139 72.1233
255900 70.5161 72.1227
256000 70.7076 72.1221
256100 70.5311 72.1215
256200 70.7196 72.1209
256300 70.9129 72.1205
256400 70.7597 72.1199
256500 70.7446 72.1194
256600 70.7949 72.1189
256700 70.2653 72.1182
256800 70.4226 72.1175
256900 70.0808 72.1167
257000 70.1434 72.1159
257100 70.2715 72.1152
257200 70.3644 72.1145
257300 69.9961 72.1137
257400 70.2421 72.113
257500 69.8382 72.1121
257600 69.7433 72.1112
257700 69.6435 72.1102
257800 69.7098 72.1093
257900 69.666 72.1084
258000 70.0128 72.1075
258100 70.2818 72.1068
258200 70.2247 72.1061
258300 70.2711 72.1054
258400 70.4778 72.1048
258500 69.9983 72.1039
258600 70.0142 72.1031
258700 70.4237 72.1025
258800 70.6545 72.1019
258900 71.059 72.1015
259000 70.8792 72.1011
259100 70.9322 72.1006
259200 70.7456 72.1001
259300 70.4078 72.0994
259400 70.0076 72.0986
259500 70.6293 72.0981
259600 70.8473 72.0976
259700 70.4668 72.0969
259800 70.4405 72.0963
259900 70.5084 72.0957
260000 70.6375 72.0951
260100 70.2491 72.0944
260200 70.6869 72.0939
260300 70.5086 72.0933
260400 69.8597 72.0924
260500 70.5573 72.0918
260600 70.4669 72.0912
260700 70.0866 72.0904
260800 70.0964 72.0897
260900 70.4762 72.0891
261000 70.5618 72.0885
261100 70.3386 72.0878
261200 70.4526 72.0872
261300 70.4498 72.0865
261400 70.6389 72.086
261500 69.8507 72.0851
261600 70.6865 72.0846
261700 70.0128 72.0838
261800 70.1445 72.0831
261900 70.4241 72.0824
262000 70.7907 72.0819
262100 70.836 72.0815
262200 70.6186 72.0809
262300 70.5167 72.0803
262400 71.0511 72.0799
262500 71.0501 72.0795
262600 70.4393 72.0789
262700 70.7347 72.0784
262800 70.7384 72.0779
262900 71.0668 72.0775
263000 70.6578 72.077
263100 70.9136 72.0765
263200 70.4946 72.0759
263300 71.159 72.0756
263400 70.9528 72.0751
263500 71.5146 72.0749
263600 71.579 72.0747
263700 71.0849 72.0744
263800 71.0248 72.074
263900 70.569 72.0734
264000 70.9722 72.073
264100 70.9711 72.0726
264200 71.004 72.0722
264300 71.0245 72.0718
264400 70.8847 72.0713
264500 70.7376 72.0708
264600 70.6569 72.0703
264700 70.6517 72.0697
264800 70.7935 72.0693
264900 71.0809 72.0689
265000 71.1952 72.0686
265100 71.065 72.0682
265200 70.9159 72.0677
265300 70.8746 72.0673
265400 70.7569 72.0668
265500 71.1479 72.0665
265600 71.229 72.0661
265700 70.8174 72.0657
265800 70.522 72.0651
265900 70.7837 72.0646
266000 70.8793 72.0642
266100 70.3229 72.0635
266200 69.9105 72.0627
266300 70.4374 72.0621
266400 70.6355 72.0616
266500 70.6995 72.061
266600 71.2082 72.0607
266700 70.9595 72.0603
266800 70.9622 72.0599
266900 70.5236 72.0593
267000 70.5454 72.0588
267100 70.7319 72.0583
267200 70.9306 72.0578
267300 70.9928 72.0574
267400 70.7622 72.057
267500 70.9193 72.0565
267600 71.2772 72.0562
267700 70.9815 72.0558
267800 71.0938 72.0555
267900 70.7236 72.055
268000 70.8882 72.0545
268100 70.643 72.054
268200 70.4979 72.0534
268300 70.2086 72.0527
268400 70.3333 72.0521
268500 70.6431 72.0516
268600 70.3417 72.0509
268700 70.5831 72.0504
268800 70.6599 72.0499
268900 70.6217 72.0493
269000 70.4945 72.0488
269100 70.5906 72.0482
269200 70.1805 72.0475
269300 70.1395 72.0468
269400 69.5094 72.0459
269500 69.5661 72.045
269600 69.5686 72.044
269700 69.6606 72.0432
269800 69.7183 72.0423
269900 70.1159 72.0416
270000 70.4567 72.041
270100 70.1867 72.0403
270200 70.3391 72.0397
270300 70.6491 72.0392
270400 70.7388 72.0387
270500 70.5141 72.0381
270600 70.1581 72.0374
270700 70.3995 72.0368
270800 70.4897 72.0363
270900 70.6502 72.0357
271000 70.5438 72.0352
271100 70.4723 72.0346
271200 70.6683 72.0341
271300 70.9536 72.0337
271400 70.6186 72.0332
271500 70.7971 72.0327
271600 70.7136 72.0323
271700 70.4868 72.0317
271800 70.6391 72.0312
271900 71.5906 72.031
272000 71.4074 72.0308
272100 71.4456 72.0306
272200 71.1056 72.0302
272300 71.1121 72.0299
272400 71.5284 72.0297
272500 71.5206 72.0295
272600 71.3482 72.0293
272700 71.5376 72.0291
272800 70.9762 72.0287
272900 70.7624 72.0282
273000 70.8169 72.0278
273100 71.0322 72.0274
273200 71.0493 72.0271
273300 71.2834 72.0268
273400 70.6963 72.0263
273500 71.017 72.0259
273600 70.7429 72.0255
273700 71.2307 72.0252
273800 70.9593 72.0248
273900 71.4866 72.0246
274000 71.044 72.0242
274100 70.8038 72.0238
274200 70.8651 72.0234
274300 70.8656 72.0229
274400 70.8415 72.0225
274500 70.9207 72.0221
274600 71.5686 72.022
274700 71.8491 72.0219
274800 71.6022 72.0217
274900 71.7557 72.0216
275000 71.1801 72.0213
275100 71.4594 72.0211
275200 71.4601 72.0209
275300 71.6259 72.0208
275400 71.0311 72.0204
275500 71.267 72.0201
275600 71.4407 72.0199
275700 71.6348 72.0198
275800 71.8582 72.0197
275900 71.0649 72.0194
276000 71.124 72.0191
276100 70.7545 72.0186
276200 70.9779 72.0182
276300 70.4499 72.0177
276400 70.3957 72.0171
276500 70.1869 72.0164
276600 70.214 72.0158
276700 71.1583 72.0155
276800 71.2532 72.0152
276900 70.9983 72.0148
277000 70.7089 72.0143
277100 70.8486 72.0139
277200 70.5859 72.0134
277300 70.9422 72.013
277400 70.6889 72.0125
277500 70.7932 72.0121
277600 70.9046 72.0117
277700 70.674 72.0112
277800 70.7048 72.0108
277900 70.3016 72.0101
278000 71.0656 72.0098
278100 70.8669 72.0094
278200 71.2064 72.0091
278300 71.1812 72.0088
278400 70.9948 72.0084
278500 70.8294 72.008
278600 70.9668 72.0076
278700 71.0367 72.0073
278800 70.6499 72.0068
278900 70.526 72.0063
279000 70.1034 72.0056
279100 70.6077 72.0051
279200 70.7696 72.0046
279300 70.3487 72.0041
279400 70.5342 72.0035
279500 71.1816 72.0032
279600 71.0462 72.0029
279700 71.6729 72.0028
279800 72.0611 72.0028
279900 71.3962 72.0026
280000 70.7732 72.0021
280100 70.6402 72.0017
280200 70.9892 72.0013
280300 70.8258 72.0009
280400 70.8382 72.0005
280500 71.01 72.0001
280600 71.265 71.9998
280700 70.574 71.9993
280800 70.7193 71.9989
280900 70.7985 71.9985
281000 70.93 71.9981
281100 70.7756 71.9976
281200 70.9083 71.9973
281300 70.7099 71.9968
281400 70.5344 71.9963
281500 70.4186 71.9957
281600 70.1161 71.995
281700 70.3828 71.9945
281800 70.5373 71.994
281900 70.8809 71.9936
282000 70.2794 71.993
282100 70.3221 71.9924
282200 70.5503 71.9918
282300 70.6384 71.9914
282400 70.4264 71.9908
282500 70.3971 71.9903
282600 70.635 71.9898
282700 70.7761 71.9893
282800 70.4545 71.9888
282900 70.359 71.9882
283000 70.4726 71.9877
283100 70.2941 71.9871
283200 70.2681 71.9865
283300 70.2176 71.9859
283400 70.379 71.9853
283500 70.0866 71.9846
283600 70.0155 71.9839
283700 70.3784 71.9834
283800 70.455 71.9828
283900 70.2849 71.9822
284000 70.2606 71.9816
284100 70.1512 71.981
284200 70.0589 71.9803
284300 69.7396 71.9795
284400 70.1119 71.9789
284500 70.0083 71.9782
284600 70.1157 71.9775
284700 70.2832 71.9769
284800 70.7538 71.9765
284900 70.3799 71.9759
285000 70.1179 71.9753
285100 70.1291 71.9746
285200 70.3926 71.9741
285300 70.543 71.9736
285400 70.3086 71.973
285500 70.5698 71.9725
285600 70.4345 71.972
285700 70.3987 71.9714
285800 70.4978 71.9709
285900 70.3424 71.9703
286000 70.0412 71.9696
286100 69.9108 71.9689
286200 70.2866 71.9683
286300 69.7886 71.9676
286400 70.4794 71.9671
286500 70.3665 71.9665
286600 70.1853 71.9659
286700 70.3123 71.9653
286800 70.4995 71.9648
286900 70.7687 71.9644
287000 70.4908 71.9639
287100 70.5089 71.9633
287200 70.6336 71.9629
287300 71.0507 71.9626
287400 70.3176 71.962
287500 70.4811 71.9615
287600 70.6471 71.961
287700 70.6111 71.9606
287800 70.6199 71.9601
287900 70.7005 71.9597
288000 70.2546 71.9591
288100 70.6968 71.9586
288200 70.5637 71.9581
288300 70.3475 71.9576
288400 70.4422 71.9571
288500 70.4546 71.9565
288600 70.8017 71.9561
288700 70.266 71.9555
288800 70.1431 71.9549
288900 70.2553 71.9543
289000 70.2152 71.9537
289100 70.5811 71.9533
289200 70.1347 71.9526
289300 69.9433 71.9519
289400 69.833 71.9512
289500 70.4285 71.9507
289600 70.7232 71.9502
289700 70.707 71.9498
289800 70.4648 71.9493
289900 70.777 71.9489
290000 71.3295 71.9487
290100 71.0172 71.9484
290200 70.9463 71.948
290300 71.0472 71.9477
290400 70.22 71.9471
290500 70.5738 71.9466
290600 70.444 71.9461
290700 70.4754 71.9456
290800 70.8322 71.9452
290900 70.413 71.9447
291000 70.0148 71.944
291100 70.3027 71.9435
291200 70.5149 71.943
291300 70.5644 71.9425
291400 71.1677 71.9423
291500 71.0173 71.9419
291600 71.2814 71.9417
291700 70.8158 71.9413
291800 70.7938 71.9409
291900 70.3541 71.9404
292000 70.4703 71.9399
292100 70.7261 71.9395
292200 70.8259 71.9391
292300 70.7844 71.9387
292400 70.3475 71.9381
292500 70.4737 71.9376
292600 70.3602 71.9371
292700 69.8894 71.9364
292800 70.1103 71.9358
292900 70.4119 71.9353
293000 70.5512 71.9348
293100 70.6734 71.9344
293200 70.5373 71.9339
293300 70.7811 71.9335
293400 71.3421 71.9333
293500 71.3499 71.9331
293600 70.8456 71.9327
293700 71.0721 71.9324
293800 71.1738 71.9322
293900 71.0262 71.9319
294000 70.4585 71.9314
294100 70.2375 71.9308
294200 69.891 71.9301
294300 70.0047 71.9294
294400 70.3692 71.9289
294500 70.3491 71.9284
294600 70.1331 71.9278
294700 69.8314 71.9271
294800 70.1068 71.9264
294900 70.7153 71.926
295000 70.8026 71.9256
295100 70.5406 71.9252
295200 70.958 71.9248
295300 70.9338 71.9245
295400 70.8506 71.9241
295500 71.3905 71.924
295600 71.3147 71.9238
295700 71.351 71.9236
295800 71.1471 71.9233
295900 70.9306 71.923
296000 70.6858 71.9226
296100 70.6081 71.9221
296200 70.3946 71.9216
296300 70.5819 71.9211
296400 70.5982 71.9207
296500 70.0568 71.9201
296600 70.3835 71.9195
296700 70.0681 71.9189
296800 70.3715 71.9184
296900 70.5869 71.918
297000 70.7093 71.9175
297100 71.1335 71.9173
297200 71.0761 71.917
297300 70.6906 71.9166
297400 70.4917 71.9161
297500 70.8371 71.9157
297600 70.3 71.9152
297700 70.8004 71.9148
297800 71.3471 71.9146
297900 70.4779 71.9142
298000 70.6679 71.9137
298100 70.567 71.9133
298200 70.3318 71.9128
298300 70.5467 71.9123
298400 70.6964 71.9119
298500 71.0847 71.9116
298600 71.3298 71.9114
298700 71.3643 71.9112
298800 71.3543 71.911
298900 71.9501 71.9111
299000 71.8494 71.911
299100 71.4035 71.9109
299200 71.6204 71.9108
299300 70.9337 71.9104
299400 71.1053 71.9102
299500 70.7352 71.9098
299600 70.929 71.9095
299700 70.8118 71.9091
299800 70.4528 71.9086
299900 70.602 71.9082
300000 70.2804 71.9076
300100 70.7436 71.9072
300200 70.7891 71.9069
300300 70.4476 71.9064
300400 70.3606 71.9059
300500 70.7395 71.9055
300600 71.2664 71.9053
300700 70.7566 71.9049
300800 70.6579 71.9045
300900 71.1391 71.9042
301000 69.8679 71.9035
301100 70.9568 71.9032
301200 70.6179 71.9028
301300 70.6346 71.9024
301400 70.1342 71.9018
301500 69.9446 71.9011
301600 70.3945 71.9006
301700 70.7876 71.9003
301800 71.2051 71.9
301900 71.674 71.9
302000 70.8467 71.8996
302100 71.3959 71.8994
302200 71.2044 71.8992
302300 71.1541 71.899
302400 70.3976 71.8985
302500 70.2096 71.8979
302600 70.1266 71.8973
302700 70.357 71.8968
302800 70.8733 71.8965
302900 70.7456 71.8961
303000 70.8007 71.8957
303100 71.5026 71.8956
303200 71.4334 71.8955
303300 70.8782 71.8951
303400 70.7768 71.8948
303500 71.0893 71.8945
303600 70.8869 71.8942
303700 70.5735 71.8937
303800 70.2547 71.8932
303900 70.2161 71.8926
304000 70.3366 71.8921
304100 70.1616 71.8916
304200 70.2402 71.891
304300 70.5152 71.8906
304400 70.8804 71.8902
304500 70.904 71.8899
304600 71.0487 71.8896
304700 70.9961 71.8893
304800 71.1048 71.8891
304900 70.4947 71.8886
305000 71.0146 71.8883
305100 70.8379 71.888
305200 70.9445 71.8877
305300 71.0837 71.8874
305400 70.7664 71.887
305500 70.6005 71.8866
305600 70.6739 71.8862
305700 70.872 71.8859
305800 70.7255 71.8855
305900 70.5998 71.8851
306000 70.6921 71.8847
306100 70.8643 71.8844
306200 70.5951 71.884
306300 70.5246 71.8835
306400 70.7296 71.8831
306500 70.9831 71.8828
306600 70.8963 71.8825
306700 70.9818 71.8822
306800 71.0232 71.8819
306900 70.9191 71.8816
307000 70.6844 71.8812
307100 70.651 71.8808
307200 70.249 71.8803
307300 70.2981 71.8798
307400 69.9738 71.8792
307500 69.853 71.8785
307600 69.9617 71.8779
307700 70.4278 71.8774
307800 70.3354 71.8769
307900 70.9119 71.8766
308000 70.5921 71.8762
308100 70.3539 71.8757
308200 70.0356 71.8751
308300 70.5988 71.8747
308400 70.7057 71.8743
308500 70.3505 71.8738
308600 70.3645 71.8733
308700 70.2888 71.8728
308800 70.2132 71.8723
308900 70.7252 71.8719
309000 70.4189 71.8714
309100 70.4843 71.871
309200 70.2465 71.8705
309300 70.3348 71.87
309400 70.3277 71.8695
309500 70.5974 71.8691
309600 70.7256 71.8687
309700 70.688 71.8683
309800 70.5277 71.8679
309900 70.8152 71.8675
310000 71.3992 71.8674
310100 70.5859 71.867
310200 70.6505 71.8666
310300 70.5438 71.8661
310400 70.951 71.8659
310500 70.6645 71.8655
310600 70.3796 71.865
310700 70.4299 71.8645
310800 70.4773 71.8641
310900 70.6312 71.8637
311000 70.7176 71.8633
311100 70.2292 71.8628
311200 70.2039 71.8623
311300 70.2624 71.8617
311400 70.4299 71.8613
311500 70.4925 71.8608
311600 70.2127 71.8603
311700 70.6923 71.8599
311800 70.3209 71.8594
311900 70.4405 71.859
312000 70.4619 71.8585
312100 70.7176 71.8582
312200 70.3804 71.8577
312300 70.0604 71.8571
312400 70.1448 71.8566
312500 70.5338 71.8562
312600 70.4703 71.8557
312700 70.0455 71.8551
312800 70.2454 71.8546
312900 70.6122 71.8542
313000 69.9143 71.8536
313100 70.1951 71.8531
313200 70.8068 71.8527
313300 70.1747 71.8522
313400 70.5243 71.8518
313500 71.1196 71.8515
313600 70.4698 71.8511
313700 70.5662 71.8507
313800 70.9049 71.8504
313900 70.7641 71.85
314000 70.8961 71.8497
314100 70.9038 71.8494
314200 70.3554 71.849
314300 70.7071 71.8486
314400 70.5098 71.8482
314500 70.7077 71.8478
314600 70.836 71.8475
314700 70.9673 71.8472
314800 70.9316 71.8469
314900 70.8506 71.8466
315000 71.2078 71.8464
315100 70.9516 71.8461
315200 70.7224 71.8458
315300 70.678 71.8454
315400 70.3478 71.8449
315500 70.6918 71.8446
315600 70.1864 71.844
315700 70.153 71.8435
315800 69.9506 71.8429
315900 70.0809 71.8423
316000 69.9656 71.8417
316100 69.9399 71.8411
316200 70.6379 71.8408
316300 70.2481 71.8403
316400 70.7469 71.8399
316500 70.4166 71.8395
316600 70.2009 71.8389
316700 70.6779 71.8386
316800 70.8113 71.8383
316900 70.2656 71.8378
317000 70.6586 71.8374
317100 70.2915 71.8369
317200 70.3898 71.8364
317300 70.2286 71.8359
317400 70.7023 71.8356
317500 70.7911 71.8352
317600 70.2963 71.8348
317700 70.8455 71.8344
317800 70.5287 71.834
317900 70.82 71.8337
318000 70.9018 71.8334
318100 70.1136 71.8329
318200 69.9661 71.8323
318300 69.7985 71.8317
318400 69.4729 71.8309
318500 69.318 71.8301
318600 69.1028 71.8293
318700 69.5592 71.8286
318800 69.4199 71.8278
318900 69.9513 71.8272
319000 70.2766 71.8267
319100 70.6456 71.8264
319200 70.7894 71.826
319300 70.7042 71.8257
319400 70.1796 71.8252
319500 70.434 71.8247
319600 70.19 71.8242
319700 69.6814 71.8236
319800 70.1088 71.823
319900 70.2176 71.8225
320000 70.0596 71.822
320100 70.2889 71.8215
320200 70.7118 71.8211
320300 70.5407 71.8207
320400 70.7362 71.8204
320500 70.3696 71.8199
320600 70.7086 71.8196
320700 70.7081 71.8193
320800 70.4413 71.8188
320900 71.1135 71.8186
321000 70.7899 71.8183
321100 70.9912 71.818
321200 70.6098 71.8177
321300 70.9263 71.8174
321400 70.9615 71.8171
321500 70.9343 71.8168
321600 70.8704 71.8165
321700 71.0683 71.8163
321800 70.1161 71.8158
321900 70.4003 71.8153
322000 70.2245 71.8148
322100 70.7107 71.8145
322200 71.4821 71.8144
322300 70.9217 71.8141
322400 70.8291 71.8138
322500 71.2094 71.8136
322600 70.6765 71.8133
322700 70.626 71.8129
322800 70.466 71.8125
322900 70.8227 71.8122
323000 70.5119 71.8118
323100 70.7166 71.8114
323200 70.7995 71.8111
323300 70.8787 71.8108
323400 70.6681 71.8105
323500 71.0038 71.8102
323600 70.9839 71.81
323700 70.9734 71.8097
323800 71.0843 71.8095
323900 70.6947 71.8092
324000 70.8758 71.8089
324100 70.6126 71.8085
324200 70.5365 71.8081
324300 70.9278 71.8078
324400 70.7729 71.8075
324500 70.765 71.8072
324600 70.4078 71.8068
324700 70.5592 71.8064
324800 70.4575 71.806
324900 70.5122 71.8056
325000 70.7376 71.8052
325100 70.7536 71.8049
325200 70.98 71.8047
325300 70.929 71.8044
325400 71.0543 71.8042
325500 70.9893 71.8039
325600 70.8179 71.8036
325700 70.8415 71.8033
325800 71.346 71.8032
325900 70.9224 71.8029
326000 70.7219 71.8026
326100 70.8237 71.8023
326200 70.4805 71.8019
326300 70.7261 71.8015
326400 70.9294 71.8013
326500 70.8065 71.801
326600 71.2892 71.8008
326700 71.3108 71.8007
326800 71.5612 71.8006
326900 71.3179 71.8004
327000 71.0141 71.8002
327100 70.6118 71.7998
327200 70.454 71.7994
327300 70.6448 71.7991
327400 70.4069 71.7986
327500 70.785 71.7983
327600 70.867 71.798
327700 70.8855 71.7978
327800 71.1617 71.7976
327900 70.5985 71.7972
328000 70.6726 71.7969
328100 70.6194 71.7965
328200 70.1462 71.796
328300 70.2354 71.7955
328400 70.3832 71.7951
328500 70.0369 71.7946
328600 70.1455 71.7941
328700 69.9014 71.7935
328800 70.278 71.793
328900 70.7266 71.7927
329000 70.6242 71.7923
329100 70.3907 71.7919
329200 70.2864 71.7915
329300 70.2051 71.791
329400 70.4768 71.7906
329500 70.7161 71.7903
329600 70.7042 71.7899
329700 71.4977 71.7898
329800 70.9028 71.7896
329900 70.509 71.7892
330000 70.4661 71.7888
330100 70.4787 71.7884
330200 70.0829 71.7879
330300 70.3926 71.7874
330400 70.5561 71.7871
330500 71.1969 71.7869
330600 70.9601 71.7866
330700 70.7508 71.7863
330800 70.7501 71.786
330900 70.7174 71.7857
331000 70.4159 71.7853
331100 70.3568 71.7848
331200 70.3412 71.7844
331300 70.1657 71.7839
331400 70.7873 71.7836
331500 71.1682 71.7834
331600 71.4967 71.7834
331700 71.7937 71.7834
331800 71.8198 71.7834
331900 71.4772 71.7833
332000 71.16 71.7831
332100 71.2625 71.7829
332200 70.7167 71.7826
332300 70.7312 71.7823
332400 70.6658 71.782
332500 71.0084 71.7817
332600 70.7968 71.7814
332700 70.8662 71.7812
332800 70.6032 71.7808
332900 71.107 71.7806
333000 71.3569 71.7805
333100 71.2286 71.7803
333200 71.2088 71.7801
333300 71.2043 71.78
333400 71.9968 71.78
333500 71.4633 71.7799
333600 71.3893 71.7798
333700 71.5515 71.7797
333800 70.9474 71.7795
333900 70.922 71.7792
334000 71.0182 71.779
334100 70.6194 71.7787
334200 70.2913 71.7782
334300 70.0398 71.7777
334400 69.9607 71.7772
334500 70.459 71.7768
334600 70.4979 71.7764
334700 70.6798 71.776
334800 70.2784 71.7756
334900 70.2185 71.7751
335000 69.7997 71.7745
335100 69.6334 71.7739
335200 69.9687 71.7734
335300 69.8389 71.7728
335400 70.1645 71.7723
335500 70.3071 71.7719
335600 70.5314 71.7715
335700 70.5423 71.7711
335800 71.0801 71.7709
335900 70.719 71.7706
336000 71.1424 71.7704
336100 70.7514 71.7701
336200 70.2277 71.7697
336300 70.669 71.7693
336400 70.4572 71.769
336500 70.2584 71.7685
336600 70.6746 71.7682
336700 70.8631 71.7679
336800 70.8755 71.7676
336900 70.7717 71.7674
337000 70.915 71.7671
337100 70.7299 71.7668
337200 70.9158 71.7665
337300 70.9558 71.7663
337400 71.0232 71.7661
337500 70.7319 71.7658
337600 71.3573 71.7657
337700 71.4097 71.7655
337800 71.1892 71.7654
337900 70.5919 71.765
338000 71.0006 71.7648
338100 71.3913 71.7647
338200 70.8488 71.7644
338300 70.7027 71.7641
338400 70.8777 71.7638
338500 70.8615 71.7636
338600 71.0708 71.7634
338700 70.5477 71.763
338800 70.9148 71.7628
338900 71.2447 71.7626
339000 70.7511 71.7623
339100 70.6074 71.762
339200 70.3129 71.7615
339300 70.3607 71.7611
339400 70.3278 71.7607
339500 70.5939 71.7604
339600 70.7678 71.7601
339700 70.8369 71.7598
339800 70.7883 71.7595
339900 71.056 71.7593
340000 70.7547 71.759
340100 70.4502 71.7586
340200 70.8401 71.7584
340300 70.8496 71.7581
340400 70.9037 71.7578
340500 70.6166 71.7575
340600 71.0723 71.7573
340700 70.4653 71.7569
340800 70.8529 71.7567
340900 70.8714 71.7564
341000 70.734 71.7561
341100 70.774 71.7558
341200 70.1912 71.7554
341300 70.2924 71.7549
341400 70.6909 71.7546
341500 70.3568 71.7542
341600 70.0467 71.7537
341700 70.3823 71.7533
341800 70.1001 71.7528
341900 70.4364 71.7524
342000 70.4047 71.752
342100 70.1435 71.7516
342200 70.5823 71.7512
342300 70.732 71.7509
342400 70.4378 71.7505
342500 70.8942 71.7503
342600 70.4438 71.7499
342700 70.5501 71.7496
342800 70.4087 71.7492
342900 70.7455 71.7489
343000 70.2663 71.7485
343100 70.7066 71.7481
343200 70.4493 71.7478
343300 70.2473 71.7473
343400 70.0536 71.7468
343500 70.1456 71.7464
343600 70.144 71.7459
343700 70.239 71.7455
343800 70.1709 71.745
343900 70.2395 71.7446
344000 70.8816 71.7443
344100 70.5556 71.744
344200 70.7919 71.7437
344300 70.4514 71.7433
344400 70.7585 71.743
344500 70.3188 71.7426
344600 70.8477 71.7424
344700 70.7498 71.7421
344800 70.4885 71.7417
344900 70.6351 71.7414
345000 70.6344 71.7411
345100 70.556 71.7407
345200 70.6416 71.7404
345300 70.6287 71.7401
345400 70.841 71.7398
345500 70.7407 71.7395
345600 71.019 71.7393
345700 70.8422 71.7391
345800 70.5773 71.7387
345900 70.8113 71.7385
346000 70.5385 71.7381
346100 70.413 71.7377
346200 70.5605 71.7374
346300 70.7185 71.7371
346400 70.5837 71.7368
346500 70.5793 71.7364
346600 70.6332 71.7361
346700 70.3035 71.7357
346800 70.6712 71.7354
346900 70.9769 71.7352
347000 70.7845 71.7349
347100 70.2417 71.7345
347200 70.6215 71.7342
347300 70.8627 71.7339
347400 71.3661 71.7338
347500 71.4204 71.7337
347600 70.6865 71.7334
347700 70.6949 71.7331
347800 71.3114 71.733
347900 71.8358 71.733
348000 71.0196 71.7328
348100 71.458 71.7327
348200 71.0247 71.7325
348300 71.3155 71.7324
348400 71.0357 71.7322
348500 71.2392 71.7321
348600 71.5825 71.732
348700 71.1815 71.7319
348800 70.702 71.7316
348900 70.2575 71.7311
349000 70.7153 71.7309
349100 71.0748 71.7307
349200 70.9791 71.7305
349300 70.5194 71.7301
349400 71.4374 71.73
349500 71.4383 71.7299
349600 71.3836 71.7298
349700 71.5254 71.7298
349800 71.1317 71.7296
349900 71.0739 71.7294
350000 70.9915 71.7292
350100 70.9497 71.729
350200 70.4206 71.7286
350300 70.3868 71.7282
350400 71.1342 71.7281
350500 71.2186 71.7279
350600 71.3599 71.7278
350700 71.5059 71.7277
350800 71.2261 71.7276
350900 70.491 71.7273
351000 70.447 71.7269
351100 71.1385 71.7267
351200 70.1993 71.7263
351300 70.6647 71.726
351400 70.8628 71.7257
351500 70.8217 71.7255
351600 70.9635 71.7253
351700 70.5599 71.7249
351800 70.6398 71.7246
351900 70.4943 71.7243
352000 70.2496 71.7239
352100 70.6208 71.7235
352200 70.9626 71.7233
352300 71.2033 71.7232
352400 70.5945 71.7229
352500 70.4285 71.7225
352600 70.3579 71.7221
352700 70.0232 71.7216
352800 70.0989 71.7212
352900 69.9935 71.7207
353000 69.9501 71.7202
353100 70.1428 71.7197
353200 70.2292 71.7193
353300 70.1302 71.7189
353400 70.5872 71.7185
353500 70.8569 71.7183
353600 70.1593 71.7178
353700 69.901 71.7173
353800 69.6909 71.7168
353900 69.7417 71.7162
354000 70.4478 71.7158
354100 70.2583 71.7154
354200 69.5711 71.7148
354300 69.7715 71.7143
354400 69.7886 71.7137
354500 69.9283 71.7132
354600 69.9816 71.7127
354700 70.3333 71.7124
354800 70.3815 71.712
354900 70.4568 71.7116
355000 70.2272 71.7112
355100 69.9624 71.7107
355200 70.6048 71.7104
355300 70.3452 71.71
355400 70.5554 71.7097
355500 70.378 71.7093
355600 70.3261 71.7089
355700 70.1779 71.7085
355800 70.4394 71.7081
355900 70.4395 71.7078
356000 70.3937 71.7074
356100 70.4124 71.7071
356200 70.8673 71.7068
356300 70.5858 71.7065
356400 70.3758 71.7061
356500 70.5918 71.7058
356600 70.6689 71.7055
356700 71.0926 71.7054
356800 70.8427 71.7051
356900 70.496 71.7048
357000 70.2724 71.7044
357100 70.4756 71.704
357200 70.4586 71.7037
357300 70.0382 71.7032
357400 70.0721 71.7028
357500 69.8973 71.7023
357600 70.8787 71.702
357700 70.5121 71.7017
357800 70.2818 71.7013
357900 70.511 71.701
358000 70.247 71.7006
358100 70.5843 71.7002
358200 69.6715 71.6997
358300 69.7874 71.6991
358400 69.7743 71.6986
358500 70.1471 71.6982
358600 70.4843 71.6978
358700 70.6597 71.6975
358800 70.1271 71.6971
358900 70.4581 71.6968
359000 70.3438 71.6964
359100 69.8322 71.6959
359200 69.9691 71.6954
359300 70.6298 71.6951
359400 70.0659 71.6946
359500 70.4246 71.6943
359600 70.3686 71.6939
359700 70.5045 71.6936
359800 70.4786 71.6932
359900 71.2846 71.6931
360000 70.7494 71.6929
360100 70.7435 71.6926
360200 70.4506 71.6923
360300 70.5373 71.6919
360400 70.7406 71.6917
360500 70.062 71.6912
360600 70.1961 71.6908
360700 70.2923 71.6904
360800 70.6608 71.6901
360900 70.231 71.6897
361000 70.1103 71.6893
361100 70.3181 71.6889
361200 70.109 71.6885
361300 70.6478 71.6882
361400 69.9393 71.6877
361500 70.3342 71.6873
361600 70.3196 71.687
361700 70.5453 71.6866
361800 70.6336 71.6863
361900 70.4978 71.686
362000 70.6745 71.6857
362100 70.4084 71.6854
362200 70.1538 71.685
362300 70.1075 71.6845
362400 70.846 71.6843
362500 70.3088 71.6839
362600 70.8261 71.6837
362700 71.1472 71.6835
362800 70.5396 71.6832
362900 70.7363 71.683
363000 70.6202 71.6827
363100 70.2329 71.6823
363200 70.5408 71.682
363300 70.7121 71.6817
363400 70.5671 71.6814
363500 71.242 71.6813
363600 71.3426 71.6812
363700 70.937 71.681
363800 71.668 71.681
363900 71.4058 71.6809
364000 70.8648 71.6807
364100 71.1688 71.6805
364200 71.2608 71.6804
364300 70.8174 71.6802
364400 70.7307 71.6799
364500 71.0249 71.6797
364600 70.6108 71.6794
364700 70.4965 71.6791
364800 70.3692 71.6787
364900 70.4414 71.6784
365000 70.9839 71.6782
365100 70.9169 71.678
365200 70.7345 71.6778
365300 71.0241 71.6776
365400 71.232 71.6774
365500 70.6903 71.6772
365600 70.9647 71.677
365700 71.1734 71.6768
365800 71.032 71.6767
365900 70.8329 71.6764
366000 70.9712 71.6762
366100 71.0321 71.6761
366200 71.1254 71.6759
366300 71.1404 71.6758
366400 71.1838 71.6756
366500 71.5016 71.6756
366600 71.4 71.6755
366700 71.1251 71.6754
366800 70.6001 71.6751
366900 70.1695 71.6747
367000 70.0815 71.6742
367100 69.6176 71.6737
367200 69.9659 71.6732
367300 70.2855 71.6728
367400 70.0025 71.6724
367500 70.8164 71.6721
367600 70.1542 71.6717
367700 70.0931 71.6713
367800 70.6484 71.671
367900 70.0099 71.6706
368000 69.6926 71.67
368100 70.1184 71.6696
368200 70.5394 71.6693
368300 70.2475 71.6689
368400 70.598 71.6686
368500 70.3284 71.6683
368600 70.784 71.668
368700 70.7086 71.6678
368800 70.538 71.6675
368900 70.1354 71.667
369000 69.8156 71.6665
369100 70.263 71.6662
369200 70.3886 71.6658
369300 70.2358 71.6654
369400 69.9561 71.665
369500 69.6479 71.6644
369600 69.9103 71.6639
369700 70.2094 71.6635
369800 69.7722 71.663
369900 70.1916 71.6626
370000 69.9954 71.6622
370100 70.2453 71.6618
370200 70.2993 71.6614
370300 70.3563 71.6611
370400 71.4051 71.661
370500 70.9208 71.6608
370600 71.0389 71.6606
370700 71.1346 71.6605
370800 71.0809 71.6603
370900 71.2591 71.6602
371000 71.0396 71.6601
371100 71.224 71.66
371200 71.0392 71.6598
371300 70.2673 71.6594
371400 70.5008 71.6591
371500 70.2051 71.6587
371600 70.8682 71.6585
371700 70.8774 71.6583
371800 70.7282 71.658
371900 70.7072 71.6578
372000 70.8467 71.6576
372100 70.5383 71.6573
372200 70.4185 71.6569
372300 69.918 71.6565
372400 69.9772 71.656
372500 69.9544 71.6556
372600 70.0993 71.6551
372700 70.0789 71.6547
372800 70.6967 71.6545
372900 70.4145 71.6541
373000 70.4535 71.6538
373100 69.7915 71.6533
373200 70.6162 71.653
373300 70.5273 71.6527
373400 70.2935 71.6524
373500 70.8277 71.6521
373600 70.6492 71.6519
373700 70.4976 71.6516
373800 70.8574 71.6514
373900 70.6831 71.6511
374000 70.4529 71.6508
374100 70.1723 71.6504
374200 70.2613 71.65
374300 70.0376 71.6496
374400 70.2157 71.6492
374500 70.2491 71.6488
374600 70.4843 71.6485
374700 70.1264 71.6481
374800 69.9934 71.6477
374900 70.1075 71.6472
375000 70.6776 71.647
375100 70.5015 71.6467
375200 70.5011 71.6464
375300 71.1259 71.6462
375400 70.8819 71.646
375500 70.3535 71.6457
375600 70.162 71.6453
375700 70.3048 71.6449
375800 69.5955 71.6444
375900 69.9514 71.6439
376000 69.962 71.6435
376100 70.2062 71.6431
376200 70.5933 71.6428
376300 71.2903 71.6427
376400 71.0421 71.6426
376500 70.5415 71.6423
376600 70.3923 71.642
376700 70.6433 71.6417
376800 70.3159 71.6413
376900 70.2453 71.641
377000 70.2171 71.6406
377100 70.2706 71.6402
377200 70.1915 71.6398
377300 70.5687 71.6396
377400 70.5717 71.6393
377500 70.6949 71.639
377600 70.534 71.6387
377700 70.9318 71.6385
377800 70.8134 71.6383
377900 70.9599 71.6382
378000 70.4399 71.6378
378100 70.6092 71.6376
378200 70.9754 71.6374
378300 70.425 71.6371
378400 70.7822 71.6368
378500 70.9791 71.6367
378600 71.2804 71.6366
378700 71.0962 71.6364
378800 70.8152 71.6362
378900 71.0342 71.6361
379000 70.9547 71.6359
379100 71.1595 71.6357
379200 70.6455 71.6355
379300 70.411 71.6352
379400 70.2996 71.6348
379500 70.6221 71.6345
379600 71.3027 71.6345
379700 71.0715 71.6343
379800 70.7857 71.6341
379900 70.7686 71.6339
380000 70.4144 71.6335
380100 70.3661 71.6332
380200 70.7277 71.633
380300 70.8075 71.6327
380400 70.6812 71.6325
380500 70.7304 71.6323
380600 70.584 71.632
380700 70.2732 71.6316
380800 70.2384 71.6313
380900 69.6459 71.6307
381000 70.1914 71.6304
381100 70.018 71.6299
381200 70.422 71.6296
381300 70.3688 71.6293
381400 70.261 71.6289
381500 70.2815 71.6286
381600 70.5261 71.6283
381700 70.5311 71.628
381800 70.213 71.6276
381900 70.5843 71.6274
382000 70.728 71.6271
382100 70.5791 71.6269
382200 70.8024 71.6266
382300 70.7323 71.6264
382400 70.2019 71.626
382500 71.2444 71.6259
382600 71.1911 71.6258
382700 71.0768 71.6257
382800 71.1703 71.6256
382900 71.011 71.6254
383000 70.6835 71.6251
383100 71.0116 71.625
383200 70.6363 71.6247
383300 71.148 71.6246
383400 71.317 71.6245
383500 70.9005 71.6243
383600 70.9428 71.6242
383700 71.0027 71.624
383800 70.6708 71.6237
383900 70.5648 71.6235
384000 70.8835 71.6233
384100 70.4747 71.623
384200 71.1314 71.6229
384300 70.5445 71.6226
384400 70.7671 71.6224
384500 70.4549 71.622
384600 70.3256 71.6217
384700 70.8747 71.6215
384800 71.4396 71.6215
384900 71.5771 71.6215
385000 71.3715 71.6214
385100 71.5306 71.6214
385200 71.4898 71.6213
385300 71.3604 71.6213
385400 70.6326 71.621
385500 70.5606 71.6207
385600 70.9881 71.6206
385700 71.1223 71.6204
385800 71.6271 71.6204
385900 71.9683 71.6205
386000 71.3921 71.6205
386100 71.5677 71.6205
386200 70.8802 71.6203
386300 70.5901 71.62
386400 70.8086 71.6198
386500 70.4584 71.6195
386600 70.7323 71.6193
386700 70.9879 71.6191
386800 70.0494 71.6187
386900 70.1568 71.6183
387000 70.7895 71.6181
387100 70.6687 71.6179
387200 70.7425 71.6176
387300 70.6525 71.6174
387400 70.612 71.6171
387500 70.9267 71.6169
387600 70.8641 71.6167
387700 70.705 71.6165
387800 70.96 71.6163
387900 71.1079 71.6162
388000 71.0785 71.6161
388100 70.8651 71.6159
388200 70.7527 71.6157
388300 70.859 71.6155
388400 71.4745 71.6154
388500 71.2039 71.6153
388600 70.6523 71.6151
388700 70.7702 71.6149
388800 71.0097 71.6147
388900 70.9405 71.6145
389000 70.7262 71.6143
389100 70.6912 71.6141
389200 70.4315 71.6138
389300 70.4035 71.6134
389400 70.7104 71.6132
389500 70.709 71.613
389600 70.7566 71.6128
389700 70.8439 71.6126
389800 70.9119 71.6124
389900 70.4078 71.6121
390000 70.1091 71.6117
390100 70.648 71.6114
390200 70.5606 71.6112
390300 70.8547 71.611
390400 70.3675 71.6107
390500 70.2265 71.6103
390600 69.6862 71.6098
390700 70.1384 71.6094
390800 70.437 71.6091
390900 70.5325 71.6089
391000 70.6871 71.6086
391100 70.3064 71.6083
391200 70.485 71.608
391300 70.7585 71.6078
391400 71.0669 71.6077
391500 70.8426 71.6075
391600 70.6868 71.6072
391700 70.129 71.6068
391800 70.3122 71.6065
391900 70.412 71.6062
392000 70.8532 71.606
392100 70.5901 71.6058
392200 70.7286 71.6055
392300 70.4515 71.6052
392400 71.2059 71.6051
392500 71.2122 71.605
392600 71.3427 71.605
392700 70.8306 71.6048
392800 70.4896 71.6045
392900 70.9707 71.6043
393000 71.678 71.6043
393100 71.8828 71.6044
393200 71.5268 71.6044
393300 71.4629 71.6044
393400 71.4509 71.6043
393500 71.4158 71.6043
393600 70.9852 71.6041
393700 71.0795 71.604
393800 71.4103 71.6039
393900 71.1489 71.6038
394000 71.3345 71.6038
394100 70.8488 71.6036
394200 71.1784 71.6035
394300 70.6245 71.6032
394400 70.8044 71.603
394500 71.1905 71.6029
394600 70.9368 71.6027
394700 70.6415 71.6025
394800 70.5358 71.6022
394900 70.7385 71.602
395000 70.3504 71.6017
395100 70.4045 71.6014
395200 70.419 71.6011
395300 70.4297 71.6008
395400 70.7181 71.6006
395500 71.0748 71.6004
395600 70.9316 71.6003
395700 71.0039 71.6001
395800 71.0783 71.6
395900 71.2829 71.5999
396000 70.7839 71.5997
396100 70.6472 71.5994
396200 70.6141 71.5992
396300 70.7452 71.599
396400 70.977 71.5988
396500 71.3403 71.5988
396600 70.9014 71.5986
396700 70.7657 71.5984
396800 70.9041 71.5982
396900 71.2766 71.5981
397000 71.2602 71.598
397100 71.2232 71.5979
397200 71.0093 71.5978
397300 70.873 71.5976
397400 70.6381 71.5974
397500 70.6315 71.5971
397600 70.9381 71.597
397700 71.0356 71.5968
397800 70.7953 71.5966
397900 71.2646 71.5965
398000 71.4745 71.5965
398100 71.7229 71.5965
398200 71.1733 71.5964
398300 71.2572 71.5963
398400 71.1603 71.5962
398500 71.1477 71.5961
398600 70.8808 71.5959
398700 70.7017 71.5957
398800 70.8488 71.5955
398900 71.0891 71.5954
399000 70.7744 71.5952
399100 70.1514 71.5948
399200 70.5266 71.5946
399300 70.8343 71.5944
399400 70.8335 71.5942
399500 70.3956 71.5939
399600 70.237 71.5935
399700 70.3297 71.5932
399800 70.3537 71.5929
399900 70.649 71.5927
400000 70.6397 71.5924
