100 75.5159 75.5159
200 75.1235 75.3197
300 75.0445 75.228
400 74.8787 75.1407
500 74.791 75.0707
600 75.1302 75.0806
700 75.546 75.1471
800 74.9087 75.1173
900 74.6285 75.063
1000 74.6624 75.0229
1100 74.8633 75.0084
1200 75.2599 75.0294
1300 75.2507 75.0464
1400 74.7401 75.0245
1500 74.5623 74.9937
1600 74.8751 74.9863
1700 74.8914 74.9807
1800 74.8941 74.9759
1900 75.2566 74.9907
2000 74.8669 74.9845
2100 75.2836 74.9987
2200 75.3037 75.0126
2300 75.1893 75.0203
2400 74.5464 75.0005
2500 74.4121 74.977
2600 74.5581 74.9609
2700 74.959 74.9608
2800 75.2019 74.9694
2900 74.8067 74.9638
3000 74.3331 74.9428
3100 74.3682 74.9243
3200 75.2474 74.9344
3300 74.7147 74.9277
3400 75.2881 74.9383
3500 74.5204 74.9264
3600 74.1761 74.9055
3700 74.3947 74.8917
3800 74.8711 74.8912
3900 75.0715 74.8958
4000 74.772 74.8927
4100 74.6021 74.8856
4200 75.0648 74.8899
4300 74.8429 74.8888
4400 74.3982 74.8776
4500 75.3545 74.8882
4600 75.2024 74.8951
4700 74.537 74.8874
4800 74.6586 74.8827
4900 74.8663 74.8823
5000 74.8318 74.8813
5100 74.5122 74.8741
5200 74.2471 74.862
5300 74.1001 74.8477
5400 74.7717 74.8462
5500 75.08 74.8505
5600 75.0571 74.8542
5700 74.9661 74.8562
5800 74.3936 74.8482
5900 74.1315 74.836
6000 74.1204 74.8241
6100 74.1939 74.8138
6200 74.2844 74.8052
6300 75.1738 74.8111
6400 75.531 74.8223
6500 76.1874 74.8433
6600 75.8553 74.8587
6700 74.7748 74.8574
6800 75.6454 74.869
6900 74.9508 74.8702
7000 75.1691 74.8745
7100 75.6305 74.8851
7200 75.7146 74.8966
7300 75.2216 74.9011
7400 74.8997 74.9011
7500 74.4841 74.8955
7600 74.6264 74.892
7700 74.4101 74.8857
7800 74.6605 74.8828
7900 74.6464 74.8798
8000 74.6391 74.8768
8100 74.3692 74.8705
8200 74.1187 74.8614
8300 73.6862 74.8472
8400 74.4007 74.8419
8500 75.0534 74.8444
8600 74.3689 74.8389
8700 74.2001 74.8315
8800 74.9785 74.8332
8900 75.243 74.8378
9000 75.0723 74.8404
9100 75.514 74.8478
9200 75.3295 74.853
9300 75.476 74.8597
9400 75.6763 74.8684
9500 75.6775 74.8769
9600 75.7615 74.8862
9700 75.6053 74.8936
9800 74.6698 74.8913
9900 75.7981 74.9004
10000 75.518 74.9066
10100 76.2863 74.9203
10200 75.5866 74.9268
10300 76.0004 74.9372
10400 75.5929 74.9435
10500 75.3337 74.9473
10600 75.6519 74.9539
10700 75.375 74.9578
10800 75.2312 74.9604
10900 74.4244 74.9555
11000 75.5293 74.9607
11100 75.5338 74.9658
11200 75.2365 74.9683
11300 74.8374 74.9671
11400 74.9404 74.9669
11500 74.8616 74.9659
11600 75.4108 74.9698
11700 75.2977 74.9726
11800 75.7833 74.9795
11900 76.2733 74.9903
12000 76.2868 75.0011
12100 76.2099 75.0111
12200 75.9085 75.0185
12300 76.7525 75.0326
12400 76.2119 75.0421
12500 75.8918 75.0489
12600 76.6383 75.0615
12700 76.6107 75.0737
12800 76.6821 75.0863
12900 75.6586 75.0907
13000 75.7838 75.096
13100 75.569 75.0996
13200 75.8875 75.1056
13300 75.7065 75.1101
13400 75.1999 75.1108
13500 75.3695 75.1127
13600 75.3725 75.1146
13700 74.6598 75.1113
13800 75.6536 75.1152
13900 75.6457 75.119
14000 75.301 75.1203
14100 75.4834 75.1229
14200 75.1346 75.123
14300 75.6457 75.1267
14400 75.8018 75.1313
14500 75.3873 75.1331
14600 75.5221 75.1358
14700 76.0137 75.1418
14800 75.4547 75.1439
14900 75.6051 75.147
15000 75.5625 75.1497
15100 74.7932 75.1474
15200 75.0201 75.1465
15300 75.5504 75.1492
15400 76.3451 75.1569
15500 76.8759 75.168
15600 76.6788 75.1777
15700 76.5805 75.1866
15800 76.4132 75.1944
15900 76.2768 75.2012
16000 76.127 75.207
16100 75.8346 75.2109
16200 75.6036 75.2133
16300 75.6031 75.2157
16400 75.7275 75.2188
16500 75.5284 75.2207
16600 75.5758 75.2229
16700 74.8116 75.2204
16800 75.4996 75.2221
16900 75.739 75.2251
17000 75.699 75.2279
17100 75.6779 75.2305
17200 75.3272 75.2311
17300 75.2586 75.2313
17400 75.5415 75.233
17500 75.4934 75.2345
17600 75.9641 75.2387
17700 76.0584 75.2433
17800 76.0151 75.2476
17900 75.4231 75.2486
18000 75.1879 75.2483
18100 75.1854 75.2479
18200 74.328 75.2429
18300 74.1691 75.237
18400 74.5865 75.2335
18500 75.2062 75.2333
18600 75.1828 75.2331
18700 75.1924 75.2328
18800 74.7703 75.2304
18900 74.7372 75.2278
19000 75.4857 75.2291
19100 75.6113 75.2311
19200 75.3786 75.2319
19300 74.8162 75.2297
19400 75.7362 75.2324
19500 75.5234 75.2338
19600 75.0171 75.2327
19700 74.548 75.2293
19800 75.206 75.2291
19900 74.9038 75.2275
20000 74.8617 75.2257
20100 75.1601 75.2254
20200 75.9162 75.2288
20300 76.2665 75.2339
20400 76.6154 75.2407
20500 76.1201 75.2449
20600 76.6775 75.2519
20700 76.9158 75.2599
20800 76.6375 75.2666
20900 77.154 75.2756
21000 77.1999 75.2848
21100 76.6226 75.2911
21200 76.3951 75.2963
21300 75.6282 75.2979
21400 75.4748 75.2987
21500 75.9796 75.3019
21600 75.8721 75.3045
21700 76.2092 75.3087
21800 75.9036 75.3114
21900 75.557 75.3125
22000 75.5307 75.3135
22100 75.1616 75.3128
22200 75.1796 75.3122
22300 74.8879 75.3103
22400 75.1548 75.3096
22500 75.2889 75.3095
22600 75.5935 75.3108
22700 75.2304 75.3104
22800 75.3728 75.3107
22900 74.614 75.3077
23000 74.9409 75.3061
23100 75.013 75.3048
23200 75.1773 75.3043
23300 75.5058 75.3051
23400 76.0017 75.3081
23500 76.1116 75.3115
23600 74.6856 75.3089
23700 74.3104 75.3046
23800 74.9981 75.3034
23900 74.2705 75.299
24000 74.6497 75.2963
24100 73.7502 75.2899
24200 74.4141 75.2863
24300 74.9683 75.285
24400 75.0655 75.2841
24500 74.8533 75.2823
24600 74.6211 75.2796
24700 74.5908 75.2769
24800 75.2114 75.2766
24900 74.8584 75.2749
25000 74.4812 75.2717
25100 75.1713 75.2713
25200 75.1414 75.2708
25300 75.3586 75.2712
25400 75.6005 75.2725
25500 74.6647 75.2701
25600 75.3758 75.2705
25700 74.5579 75.2677
25800 74.1047 75.2632
25900 74.2551 75.2593
26000 74.8531 75.2578
26100 74.7256 75.2557
26200 74.2816 75.252
26300 75.1045 75.2514
26400 76.1397 75.2548
26500 75.1221 75.2543
26600 74.9499 75.2532
26700 75.3258 75.2534
26800 76.0943 75.2566
26900 75.5405 75.2576
27000 75.8342 75.2598
27100 74.7931 75.258
27200 74.5537 75.2555
27300 74.8025 75.2538
27400 74.4742 75.2509
27500 74.3204 75.2476
27600 74.2729 75.244
27700 74.8949 75.2428
27800 74.3521 75.2396
27900 74.7345 75.2378
28000 75.037 75.237
28100 75.3498 75.2374
28200 75.1659 75.2372
28300 75.2495 75.2372
28400 75.1252 75.2368
28500 74.8115 75.2353
28600 75.305 75.2356
28700 75.4651 75.2364
28800 75.5725 75.2376
28900 75.5109 75.2385
29000 74.956 75.2375
29100 74.9444 75.2365
29200 75.5306 75.2375
29300 75.2864 75.2377
29400 75.2025 75.2376
29500 74.6951 75.2357
29600 75.1185 75.2353
29700 75.8075 75.2373
29800 75.76 75.239
29900 75.1007 75.2386
30000 75.4565 75.2393
30100 75.4393 75.2399
30200 75.0095 75.2392
30300 74.5208 75.2368
30400 75.3418 75.2372
30500 74.8948 75.236
30600 74.8617 75.2348
30700 75.0374 75.2342
30800 75.1189 75.2338
30900 75.5116 75.2347
31000 75.1097 75.2343
31100 75.9047 75.2364
31200 75.8763 75.2385
31300 76.1411 75.2414
31400 76.1636 75.2443
31500 75.8494 75.2462
31600 75.6663 75.2476
31700 75.8804 75.2496
31800 74.664 75.2477
31900 75.4422 75.2483
32000 75.7418 75.2499
32100 75.739 75.2514
32200 75.1252 75.251
32300 75.699 75.2524
32400 75.9957 75.2547
32500 76.1496 75.2574
32600 76.3998 75.2609
32700 75.873 75.2628
32800 75.9867 75.265
32900 74.8196 75.2637
33000 74.8271 75.2623
33100 75.2737 75.2624
33200 75.2156 75.2622
33300 75.7419 75.2637
33400 75.6783 75.2649
33500 76.4932 75.2686
33600 75.9242 75.2705
33700 75.8064 75.2721
33800 75.2851 75.2722
33900 75.6161 75.2732
34000 75.8996 75.275
34100 76.1285 75.2775
34200 75.705 75.2788
34300 75.7658 75.2802
34400 75.7771 75.2816
34500 75.9726 75.2836
34600 75.7789 75.2851
34700 75.6052 75.286
34800 74.8363 75.2847
34900 74.8418 75.2834
35000 74.8682 75.2823
35100 75.7269 75.2835
35200 74.6574 75.2817
35300 75.2635 75.2817
35400 75.0757 75.2811
35500 74.76 75.2796
35600 74.3275 75.277
35700 74.7637 75.2755
35800 75.0459 75.2749
35900 75.3363 75.2751
36000 75.8843 75.2767
36100 75.0543 75.2761
36200 74.8233 75.2749
36300 74.4578 75.2726
36400 74.4728 75.2704
36500 74.36 75.2679
36600 74.4696 75.2658
36700 74.574 75.2639
36800 74.8716 75.2628
36900 74.8791 75.2618
37000 74.8387 75.2606
37100 74.8888 75.2596
37200 74.2497 75.2569
37300 74.8344 75.2558
37400 74.9194 75.2549
37500 74.5654 75.253
37600 74.7258 75.2516
37700 74.7854 75.2504
37800 75.208 75.2503
37900 75.4754 75.2509
38000 74.9808 75.2502
38100 75.5033 75.2508
38200 74.8693 75.2498
38300 75.0762 75.2494
38400 74.6936 75.2479
38500 75.3323 75.2482
38600 75.6706 75.2492
38700 76.0014 75.2512
38800 75.4069 75.2516
38900 75.2021 75.2515
39000 75.3876 75.2518
39100 75.7149 75.253
39200 74.931 75.2522
39300 75.09 75.2518
39400 74.7965 75.2506
39500 74.879 75.2497
39600 74.1208 75.2468
39700 74.3952 75.2447
39800 74.3226 75.2424
39900 74.2576 75.2399
40000 74.4744 75.238
40100 74.7267 75.2367
40200 75.1852 75.2366
40300 75.0081 75.236
40400 75.332 75.2362
40500 75.1209 75.236
40600 75.4083 75.2364
40700 75.6076 75.2373
40800 74.9035 75.2365
40900 75.4363 75.237
41000 75.3509 75.2372
41100 76.0786 75.2393
41200 75.3706 75.2396
41300 75.6323 75.2406
41400 75.2567 75.2406
41500 75.1273 75.2403
41600 75.3323 75.2405
41700 75.2327 75.2405
41800 75.723 75.2417
41900 75.2899 75.2418
42000 75.5907 75.2426
42100 75.5378 75.2433
42200 75.6273 75.2442
42300 76.1836 75.2465
42400 75.8636 75.2479
42500 75.6815 75.2489
42600 75.8539 75.2504
42700 75.3978 75.2507
42800 76.5086 75.2536
42900 75.9332 75.2552
43000 76.0752 75.2571
43100 76.2541 75.2594
43200 76.046 75.2613
43300 75.9856 75.2629
43400 75.3837 75.2632
43500 75.6984 75.2642
43600 75.8444 75.2655
43700 75.9796 75.2672
43800 75.2845 75.2672
43900 75.7503 75.2683
44000 76.4679 75.271
44100 77.0935 75.2752
44200 76.7895 75.2786
44300 76.0913 75.2804
44400 76.733 75.2837
44500 76.1193 75.2856
44600 76.0316 75.2873
44700 75.7078 75.2882
44800 75.5977 75.2889
44900 76.0181 75.2905
45000 75.3994 75.2908
45100 75.7063 75.2917
45200 75.5872 75.2923
45300 75.8732 75.2936
45400 75.8649 75.2949
45500 75.4439 75.2952
45600 75.4561 75.2956
45700 75.8733 75.2968
45800 75.4709 75.2972
45900 75.3048 75.2972
46000 75.2325 75.2971
46100 74.911 75.2962
46200 75.7984 75.2973
46300 76.067 75.299
46400 75.7586 75.3
46500 75.7123 75.3009
46600 75.7322 75.3018
46700 75.6669 75.3026
46800 75.4364 75.3029
46900 75.4535 75.3032
47000 76.0668 75.3048
47100 76.5986 75.3075
47200 76.4142 75.3099
47300 76.6169 75.3127
47400 75.9198 75.3139
47500 76.5204 75.3165
47600 76.1322 75.3182
47700 75.8665 75.3193
47800 76.0209 75.3208
47900 76.1858 75.3226
48000 75.7527 75.3235
48100 75.6792 75.3242
48200 76.0833 75.3258
48300 76.235 75.3277
48400 76.3448 75.3298
48500 77.2513 75.3338
48600 76.8846 75.337
48700 76.2898 75.3389
48800 75.9505 75.3402
48900 75.6853 75.3409
49000 75.6456 75.3415
49100 76.5454 75.344
49200 76.0101 75.3453
49300 76.2316 75.3471
49400 76.072 75.3486
49500 75.5789 75.349
49600 76.1852 75.3507
49700 76.7282 75.3535
49800 76.3463 75.3555
49900 76.3353 75.3574
50000 75.6769 75.3581
50100 75.1764 75.3577
50200 75.7991 75.3586
50300 75.0507 75.358
50400 75.5805 75.3584
50500 75.3163 75.3584
50600 75.2049 75.358
50700 74.7213 75.3568
50800 75.3057 75.3567
50900 75.2094 75.3564
51000 74.1088 75.354
51100 74.4492 75.3522
51200 74.6689 75.3509
51300 74.7174 75.3496
51400 75.1239 75.3492
51500 75.8516 75.3502
51600 75.6285 75.3507
51700 74.973 75.35
51800 75.2578 75.3498
51900 74.9808 75.3491
52000 74.949 75.3483
52100 75.0629 75.3478
52200 75.3111 75.3477
52300 75.2073 75.3474
52400 74.7159 75.3462
52500 73.9414 75.3435
52600 74.8898 75.3427
52700 74.6216 75.3413
52800 74.025 75.3388
52900 73.8785 75.3361
53000 73.6074 75.3328
53100 74.0771 75.3304
53200 74.6033 75.3291
53300 74.2069 75.327
53400 74.6795 75.3257
53500 74.7818 75.3247
53600 74.5375 75.3233
53700 74.8858 75.3224
53800 74.5204 75.3209
53900 75.1137 75.3206
54000 74.3749 75.3188
54100 73.8804 75.3162
54200 74.0669 75.3139
54300 73.9519 75.3113
54400 73.9521 75.3088
54500 73.7069 75.3059
54600 73.7289 75.303
54700 73.8103 75.3003
54800 73.8601 75.2977
54900 73.8231 75.295
55000 73.8235 75.2923
55100 73.5596 75.2892
55200 74.161 75.2871
55300 73.8952 75.2846
55400 74.0792 75.2824
55500 74.6089 75.2812
55600 73.7943 75.2785
55700 73.6321 75.2756
55800 73.5918 75.2726
55900 74.1383 75.2705
56000 74.0308 75.2683
56100 74.2709 75.2665
56200 74.6577 75.2655
56300 74.7137 75.2645
56400 74.4811 75.2631
56500 75.1146 75.2628
56600 75.4738 75.2632
56700 75.3413 75.2633
56800 75.4173 75.2636
56900 75.1168 75.2633
57000 74.5678 75.2621
57100 74.2491 75.2603
57200 74.488 75.259
57300 74.4895 75.2577
57400 74.3511 75.2561
57500 74.301 75.2544
57600 74.1316 75.2525
57700 73.8749 75.2501
57800 74.7285 75.2492
57900 74.7061 75.2482
58000 74.9631 75.2477
58100 74.4471 75.2464
58200 74.5216 75.2451
58300 74.1616 75.2433
58400 73.872 75.2409
58500 73.6733 75.2382
58600 74.626 75.2372
58700 74.3397 75.2357
58800 74.9355 75.2352
58900 74.512 75.2339
59000 74.8774 75.2333
59100 74.5483 75.2322
59200 74.1695 75.2304
59300 74.6788 75.2294
59400 74.4443 75.2281
59500 74.1815 75.2264
59600 74.3314 75.2249
59700 74.6481 75.2239
59800 74.5185 75.2227
59900 74.7065 75.2218
60000 74.8389 75.2212
60100 74.6666 75.2203
60200 74.4807 75.2191
60300 74.8007 75.2184
60400 75.6611 75.2191
60500 76.0266 75.2204
60600 76.3223 75.2222
60700 76.0837 75.2237
60800 75.5147 75.2241
60900 75.5992 75.2248
61000 75.1486 75.2246
61100 74.971 75.2242
61200 74.3732 75.2228
61300 74.8413 75.2222
61400 74.9099 75.2217
61500 74.7279 75.2209
61600 75.2681 75.221
61700 74.8779 75.2204
61800 74.9838 75.22
61900 74.7219 75.2192
62000 74.8687 75.2187
62100 74.875 75.2181
62200 74.244 75.2165
62300 74.7333 75.2158
62400 74.7974 75.2151
62500 75.3731 75.2154
62600 75.4714 75.2158
62700 76.1668 75.2173
62800 75.6252 75.2179
62900 74.7581 75.2172
63000 75.2006 75.2172
63100 75.0335 75.2169
63200 75.6547 75.2176
63300 75.7272 75.2184
63400 75.1826 75.2183
63500 74.2663 75.2168
63600 74.7813 75.2161
63700 75.0383 75.2159
63800 74.8114 75.2152
63900 74.3802 75.2139
64000 74.6774 75.2131
64100 75.6884 75.2138
64200 75.0293 75.2135
64300 75.1756 75.2135
64400 75.0151 75.2132
64500 75.2134 75.2132
64600 75.0877 75.213
64700 74.8037 75.2123
64800 73.9952 75.2105
64900 74.2458 75.209
65000 74.68 75.2082
65100 74.8077 75.2075
65200 74.6783 75.2067
65300 75.4998 75.2072
65400 75.5441 75.2077
65500 75.3835 75.208
65600 74.9854 75.2076
65700 74.9681 75.2073
65800 74.6168 75.2064
65900 74.8286 75.2058
66000 74.7827 75.2052
66100 74.8252 75.2046
66200 75.3272 75.2048
66300 75.6046 75.2054
66400 75.5995 75.206
66500 74.9995 75.2056
66600 75.2105 75.2057
66700 74.9999 75.2053
66800 75.2884 75.2055
66900 74.4792 75.2044
67000 74.5693 75.2034
67100 74.7977 75.2028
67200 74.6859 75.2021
67300 74.9021 75.2016
67400 74.6772 75.2008
67500 74.8366 75.2003
67600 75.1957 75.2003
67700 75.1634 75.2002
67800 74.8976 75.1998
67900 75.7648 75.2006
68000 75.583 75.2012
68100 75.263 75.2013
68200 75.8693 75.2023
68300 75.4206 75.2026
68400 74.9965 75.2023
68500 75.5372 75.2028
68600 75.5218 75.2032
68700 74.6333 75.2024
68800 75.1947 75.2024
68900 75.4468 75.2027
69000 76.1139 75.2041
69100 75.8648 75.205
69200 75.4047 75.2053
69300 75.7124 75.206
69400 74.9183 75.2056
69500 74.8011 75.205
69600 74.9356 75.2047
69700 75.0041 75.2044
69800 75.6307 75.205
69900 76.0034 75.2061
70000 75.7619 75.2069
70100 75.5489 75.2074
70200 76.66 75.2095
70300 76.296 75.211
70400 75.9015 75.212
70500 76.6877 75.2141
70600 77.0492 75.2167
70700 77.6235 75.2201
70800 77.1938 75.2229
70900 76.6282 75.2249
71000 77.7671 75.2284
71100 77.1293 75.2311
71200 76.8051 75.2333
71300 76.4933 75.2351
71400 76.5012 75.2369
71500 76.545 75.2387
71600 75.7185 75.2394
71700 75.726 75.24
71800 75.6176 75.2406
71900 75.2823 75.2406
72000 75.3921 75.2408
72100 76.0476 75.242
72200 75.6832 75.2426
72300 75.1291 75.2424
72400 75.8912 75.2433
72500 76.0806 75.2445
72600 75.8762 75.2453
72700 75.6717 75.2459
72800 76.1558 75.2472
72900 76.4818 75.2489
73000 76.437 75.2505
73100 76.3145 75.252
73200 76.0119 75.253
73300 75.4622 75.2533
73400 76.0323 75.2543
73500 75.8376 75.2551
73600 75.4845 75.2554
73700 75.5999 75.2559
73800 76.4194 75.2575
73900 76.1115 75.2586
74000 76.7977 75.2607
74100 76.4782 75.2624
74200 76.009 75.2634
74300 76.1938 75.2646
74400 76.0249 75.2656
74500 75.2172 75.2656
74600 74.9168 75.2651
74700 75.407 75.2653
74800 74.6411 75.2645
74900 74.6034 75.2636
75000 75.5647 75.264
75100 75.1682 75.2639
75200 75.0559 75.2636
75300 76.2089 75.2648
75400 75.2409 75.2648
75500 75.145 75.2646
75600 75.2883 75.2647
75700 74.9199 75.2642
75800 75.1186 75.264
75900 75.8793 75.2648
76000 75.6065 75.2653
76100 75.6301 75.2658
76200 75.8464 75.2665
76300 75.9647 75.2674
76400 75.4648 75.2677
76500 76.1022 75.2688
76600 76.1815 75.27
76700 75.753 75.2706
76800 75.3857 75.2708
76900 75.6358 75.2712
77000 75.8674 75.272
77100 76.6131 75.2738
77200 76.6246 75.2755
77300 76.8657 75.2776
77400 76.1165 75.2786
77500 75.5151 75.279
77600 75.4986 75.2792
77700 75.7373 75.2798
77800 76.1888 75.281
77900 76.0286 75.282
78000 76.8042 75.2839
78100 76.0284 75.2849
78200 76.2463 75.2861
78300 76.4976 75.2876
78400 76.317 75.2889
78500 76.073 75.2899
78600 75.67 75.2904
78700 76.1398 75.2915
78800 75.785 75.2921
78900 75.1825 75.292
79000 75.5208 75.2923
79100 75.4686 75.2925
79200 74.936 75.2921
79300 75.7281 75.2926
79400 75.8999 75.2934
79500 75.5174 75.2937
79600 75.6899 75.2942
79700 76.2309 75.2953
79800 76.3088 75.2966
79900 76.041 75.2975
80000 76.2359 75.2987
80100 75.4681 75.2989
80200 75.507 75.2992
80300 75.3174 75.2992
80400 75.4224 75.2993
80500 75.5293 75.2996
80600 75.3921 75.2997
80700 75.8342 75.3004
80800 75.3675 75.3005
80900 75.0117 75.3001
81000 75.1316 75.2999
81100 74.9299 75.2995
81200 74.7782 75.2988
81300 74.6592 75.298
81400 74.4706 75.297
81500 74.9433 75.2966
81600 74.8843 75.2961
81700 74.3735 75.295
81800 74.4002 75.2939
81900 74.5662 75.293
82000 74.9997 75.2926
82100 74.7791 75.292
82200 74.8036 75.2914
82300 74.4151 75.2903
82400 74.3246 75.2892
82500 74.2457 75.2879
82600 74.2304 75.2866
82700 73.7461 75.2848
82800 74.0522 75.2833
82900 74.2302 75.282
83000 74.4942 75.281
83100 74.3288 75.2799
83200 74.8379 75.2794
83300 74.4927 75.2784
83400 74.6802 75.2777
83500 74.9345 75.2773
83600 75.244 75.2773
83700 75.0864 75.277
83800 75.9607 75.2778
83900 76.3504 75.2791
84000 76.8469 75.281
84100 76.9146 75.2829
84200 76.8697 75.2848
84300 76.8888 75.2867
84400 77.1637 75.2889
84500 77.0318 75.291
84600 76.5472 75.2925
84700 76.2369 75.2936
84800 76.513 75.295
84900 75.9868 75.2959
85000 76.358 75.2971
85100 75.8461 75.2978
85200 75.3404 75.2978
85300 75.7095 75.2983
85400 75.7474 75.2988
85500 76.0438 75.2997
85600 75.0344 75.2994
85700 75.2101 75.2993
85800 75.1756 75.2991
85900 75.0602 75.2988
86000 75.8778 75.2995
86100 76.055 75.3004
86200 76.0415 75.3013
86300 75.8939 75.3019
86400 76.0404 75.3028
86500 76.355 75.304
86600 75.8188 75.3046
86700 75.8768 75.3053
86800 76.1352 75.3062
86900 76.2549 75.3073
87000 75.5032 75.3075
87100 75.5875 75.3079
87200 75.4908 75.3081
87300 75.0854 75.3078
87400 75.4693 75.308
87500 75.7688 75.3085
87600 75.8689 75.3092
87700 75.8794 75.3098
87800 76.0428 75.3107
87900 75.6825 75.3111
88000 75.2603 75.311
88100 76.118 75.3119
88200 75.5285 75.3122
88300 75.5846 75.3125
88400 75.6001 75.3128
88500 75.6295 75.3132
88600 76.0044 75.314
88700 76.9808 75.3158
88800 76.6639 75.3174
88900 75.4358 75.3175
89000 75.8364 75.3181
89100 75.8075 75.3186
89200 75.6442 75.319
89300 75.0949 75.3187
89400 74.956 75.3183
89500 75.2835 75.3183
89600 75.0713 75.318
89700 74.7532 75.3174
89800 74.8985 75.3169
89900 75.5251 75.3171
90000 75.144 75.317
90100 75.5192 75.3172
90200 75.1757 75.317
90300 74.9265 75.3166
90400 74.1809 75.3153
90500 74.4549 75.3144
90600 75.128 75.3142
90700 74.5993 75.3134
90800 74.8018 75.3128
90900 74.5375 75.312
91000 74.6296 75.3112
91100 75.6266 75.3116
91200 75.2127 75.3115
91300 75.2126 75.3114
91400 74.671 75.3106
91500 73.9356 75.3091
91600 73.9904 75.3077
91700 74.2187 75.3065
91800 74.2995 75.3054
91900 74.7464 75.3048
92000 75.3732 75.3049
92100 75.4268 75.305
92200 75.4009 75.3051
92300 75.339 75.3052
92400 75.5857 75.3055
92500 75.9978 75.3062
92600 76.0454 75.307
92700 76.5053 75.3083
92800 76.2863 75.3094
92900 76.1828 75.3103
93000 75.9595 75.311
93100 75.6592 75.3114
93200 75.7134 75.3118
93300 75.6506 75.3122
93400 75.7463 75.3126
93500 75.7029 75.313
93600 75.8506 75.3136
93700 75.0087 75.3133
93800 76.029 75.3141
93900 76.3999 75.3152
94000 76.329 75.3163
94100 75.8816 75.3169
94200 75.4913 75.3171
94300 75.1832 75.3169
94400 74.9208 75.3165
94500 74.903 75.3161
94600 75.438 75.3162
94700 75.666 75.3166
94800 75.2538 75.3165
94900 75.3642 75.3166
95000 74.6 75.3158
95100 75.3989 75.3159
95200 75.2894 75.3159
95300 75.0328 75.3156
95400 74.6845 75.3149
95500 74.8689 75.3144
95600 74.8211 75.3139
95700 73.8346 75.3124
95800 74.2485 75.3113
95900 74.9137 75.3109
96000 74.9469 75.3105
96100 74.9623 75.3101
96200 75.3127 75.3101
96300 75.077 75.3099
96400 74.7174 75.3093
96500 75.4245 75.3094
96600 75.1436 75.3092
96700 74.6702 75.3085
96800 75.0241 75.3083
96900 75.1091 75.308
97000 75.9204 75.3087
97100 76.0121 75.3094
97200 75.4394 75.3095
97300 76.2358 75.3105
97400 75.988 75.3112
97500 76.235 75.3121
97600 76.0968 75.3129
97700 75.748 75.3134
97800 75.3847 75.3135
97900 74.937 75.3131
98000 75.3308 75.3131
98100 75.1795 75.313
98200 75.7413 75.3134
98300 75.4077 75.3135
98400 74.9053 75.3131
98500 74.9362 75.3127
98600 75.2363 75.3126
98700 75.8144 75.3131
98800 75.2817 75.3131
98900 75.2816 75.3131
99000 75.4536 75.3132
99100 75.5637 75.3134
99200 76.0695 75.3142
99300 75.8899 75.3148
99400 76.068 75.3155
99500 75.7343 75.316
99600 75.9645 75.3166
99700 75.8525 75.3172
99800 76.1234 75.318
99900 75.8455 75.3185
100000 75.8596 75.319
100100 75.7804 75.3195
100200 75.687 75.3199
100300 75.6945 75.3202
100400 75.3 75.3202
100500 74.9098 75.3198
100600 75.1226 75.3196
100700 75.2225 75.3195
100800 75.7506 75.3199
100900 75.4482 75.3201
101000 75.8915 75.3206
101100 75.3936 75.3207
101200 75.7185 75.3211
101300 74.9494 75.3207
101400 75.1693 75.3206
101500 75.6915 75.321
101600 75.0024 75.3206
101700 75.764 75.3211
101800 75.2454 75.321
101900 75.4277 75.3211
102000 75.5562 75.3213
102100 75.4132 75.3214
102200 75.7733 75.3219
102300 75.2336 75.3218
102400 75.3533 75.3218
102500 75.9341 75.3224
102600 75.9875 75.3231
102700 76.1809 75.3239
102800 76.3111 75.3249
102900 76.601 75.3261
103000 76.4214 75.3272
103100 76.7785 75.3286
103200 76.0826 75.3293
103300 75.6729 75.3296
103400 75.7088 75.33
103500 75.2609 75.3299
103600 75.6259 75.3302
103700 75.3951 75.3303
103800 75.4422 75.3304
103900 75.6993 75.3307
104000 75.2057 75.3306
104100 74.7736 75.3301
104200 74.5613 75.3293
104300 75.2075 75.3292
104400 75.6298 75.3295
104500 75.6182 75.3298
104600 75.6356 75.3301
104700 75.5912 75.3303
104800 74.7574 75.3298
104900 74.7342 75.3292
105000 75.2074 75.3291
105100 75.4988 75.3293
105200 75.8008 75.3297
105300 75.523 75.3299
105400 75.6011 75.3302
105500 75.7212 75.3305
105600 75.609 75.3308
105700 75.7978 75.3312
105800 75.9359 75.3318
105900 75.1393 75.3316
106000 75.8107 75.3321
106100 75.755 75.3325
106200 75.4805 75.3326
106300 75.5264 75.3328
106400 75.5372 75.333
106500 75.6145 75.3332
106600 75.7589 75.3336
106700 74.9775 75.3333
106800 75.7454 75.3337
106900 75.6568 75.334
107000 76.2799 75.3349
107100 76.3993 75.3359
107200 76.2252 75.3367
107300 75.3144 75.3367
107400 75.9276 75.3372
107500 75.8533 75.3377
107600 75.9778 75.3383
107700 75.6121 75.3386
107800 75.795 75.339
107900 76.0849 75.3397
108000 75.5494 75.3399
108100 76.5685 75.341
108200 76.9858 75.3425
108300 76.7062 75.3438
108400 76.2707 75.3446
108500 76.5056 75.3457
108600 76.4582 75.3467
108700 76.5257 75.3478
108800 75.7458 75.3482
108900 75.7519 75.3486
109000 75.3345 75.3486
109100 75.8804 75.349
109200 75.1723 75.3489
109300 75.4467 75.349
109400 76.0333 75.3496
109500 75.4314 75.3497
109600 75.5565 75.3499
109700 75.7379 75.3502
109800 75.3693 75.3502
109900 76.0058 75.3508
110000 76.3157 75.3517
110100 76.4604 75.3527
110200 76.2585 75.3535
110300 76.0692 75.3542
110400 75.7242 75.3545
110500 76.3519 75.3554
110600 75.7366 75.3558
110700 76.5267 75.3568
110800 76.147 75.3575
110900 75.6671 75.3578
111000 75.9611 75.3584
111100 76.1517 75.3591
111200 76.058 75.3597
111300 75.2172 75.3596
111400 75.5577 75.3597
111500 75.9578 75.3603
111600 76.2655 75.3611
111700 75.4551 75.3612
111800 76.2541 75.362
111900 75.5382 75.3621
112000 75.2734 75.3621
112100 75.4122 75.3621
112200 76.1002 75.3628
112300 75.6688 75.363
112400 75.5485 75.3632
112500 74.5023 75.3624
112600 74.6562 75.3618
112700 74.8947 75.3614
112800 75.0717 75.3611
112900 74.7451 75.3606
113000 74.7429 75.36
113100 75.12 75.3598
113200 75.2409 75.3597
113300 75.7448 75.3601
113400 75.7452 75.3604
113500 75.1628 75.3602
113600 75.8697 75.3607
113700 75.6639 75.3609
113800 75.1427 75.3608
113900 75.1489 75.3606
114000 74.7648 75.36
114100 75.2158 75.3599
114200 75.5993 75.3601
114300 75.3769 75.3601
114400 75.33 75.3601
114500 75.1073 75.3599
114600 74.7265 75.3593
114700 75.345 75.3593
114800 74.6877 75.3587
114900 75.0976 75.3585
115000 75.2406 75.3584
115100 75.3746 75.3584
115200 74.9936 75.3581
115300 74.7363 75.3576
115400 74.8341 75.3571
115500 74.8739 75.3567
115600 75.0629 75.3564
115700 74.352 75.3556
115800 74.8817 75.3552
115900 75.3216 75.3551
116000 75.0957 75.3549
116100 74.9233 75.3545
116200 75.1459 75.3544
116300 74.6352 75.3537
116400 74.2429 75.3528
116500 74.5836 75.3521
116600 74.542 75.3514
116700 74.968 75.3511
116800 75.123 75.3509
116900 76.2379 75.3517
117000 75.2991 75.3516
117100 76.0424 75.3522
117200 76.2359 75.353
117300 75.2815 75.3529
117400 75.3056 75.3529
117500 74.9306 75.3525
117600 74.9671 75.3522
117700 74.7391 75.3517
117800 74.9554 75.3513
117900 74.6082 75.3507
118000 75.3894 75.3507
118100 75.3716 75.3507
118200 75.318 75.3507
118300 75.1307 75.3505
118400 75.486 75.3506
118500 75.3567 75.3506
118600 75.1649 75.3505
118700 75.0213 75.3502
118800 74.8051 75.3498
118900 75.1033 75.3495
119000 75.1201 75.3494
119100 75.1309 75.3492
119200 74.7196 75.3486
119300 75.4892 75.3488
119400 75.4527 75.3489
119500 75.2651 75.3488
119600 75.1685 75.3486
119700 74.4077 75.3478
119800 74.045 75.3468
119900 74.0924 75.3457
120000 74.5399 75.345
120100 74.5642 75.3444
120200 74.9785 75.3441
120300 75.0389 75.3438
120400 75.5058 75.344
120500 76.2116 75.3447
120600 76.3124 75.3455
120700 75.6492 75.3457
120800 75.4952 75.3459
120900 75.7157 75.3462
121000 75.9843 75.3467
121100 75.6924 75.347
121200 76.0268 75.3475
121300 75.6121 75.3478
121400 75.7832 75.3481
121500 76.6537 75.3492
121600 76.6009 75.3502
121700 76.5815 75.3512
121800 76.4536 75.3521
121900 75.9452 75.3526
122000 75.0967 75.3524
122100 75.0798 75.3522
122200 75.471 75.3523
122300 75.5662 75.3525
122400 75.5963 75.3527
122500 74.6106 75.3521
122600 74.8439 75.3516
122700 74.4865 75.3509
122800 75.246 75.3509
122900 75.1189 75.3507
123000 74.2219 75.3497
123100 74.7002 75.3492
123200 74.5457 75.3486
123300 74.8704 75.3482
123400 74.4108 75.3474
123500 74.4015 75.3467
123600 74.7901 75.3462
123700 74.8092 75.3458
123800 75.0805 75.3456
123900 75.0416 75.3453
124000 75.2773 75.3453
124100 75.2658 75.3452
124200 74.8312 75.3448
124300 74.985 75.3445
124400 75.185 75.3444
124500 74.5605 75.3437
124600 74.1236 75.3428
124700 74.5717 75.3421
124800 74.8697 75.3418
124900 74.6682 75.3412
125000 75.2143 75.3411
125100 74.714 75.3406
125200 76.3538 75.3414
125300 75.8086 75.3418
125400 75.6168 75.342
125500 75.6406 75.3423
125600 75.0291 75.342
125700 74.9412 75.3417
125800 75.2197 75.3416
125900 75.1037 75.3414
126000 75.9407 75.3419
126100 76.2629 75.3426
126200 75.5926 75.3428
126300 75.7224 75.3431
126400 75.835 75.3435
126500 75.3696 75.3435
126600 75.2182 75.3434
126700 75.3265 75.3434
126800 75.8372 75.3438
126900 75.5541 75.344
127000 75.8089 75.3443
127100 75.2741 75.3443
127200 75.3657 75.3443
127300 75.3036 75.3443
127400 75.0523 75.344
127500 74.9118 75.3437
127600 75.3107 75.3437
127700 74.7958 75.3432
127800 75.4464 75.3433
127900 75.0308 75.3431
128000 74.7504 75.3426
128100 75.0058 75.3423
128200 74.6884 75.3418
128300 74.7121 75.3413
128400 75.8636 75.3417
128500 75.8404 75.3421
128600 76.0039 75.3426
128700 75.7937 75.343
128800 76.1544 75.3436
128900 76.2136 75.3443
129000 75.6512 75.3445
129100 76.11 75.3451
129200 76.3109 75.3459
129300 76.0639 75.3464
129400 76.1487 75.3471
129500 76.3255 75.3478
129600 76.8861 75.349
129700 76.5271 75.3499
129800 76.3311 75.3507
129900 76.6635 75.3517
130000 76.2566 75.3524
130100 76.2505 75.3531
130200 76.028 75.3536
130300 76.3811 75.3544
130400 75.8594 75.3548
130500 74.607 75.3542
130600 75.6371 75.3544
130700 75.9098 75.3548
130800 76.4143 75.3556
130900 75.7336 75.3559
131000 75.2905 75.3559
131100 75.3673 75.3559
131200 75.4483 75.3559
131300 75.6646 75.3562
131400 75.8485 75.3566
131500 75.8345 75.3569
131600 75.5947 75.3571
131700 76.3163 75.3578
131800 76.6022 75.3588
131900 76.2243 75.3594
132000 75.8263 75.3598
132100 76.0863 75.3603
132200 76.1165 75.3609
132300 76.0039 75.3614
132400 76.3818 75.3622
132500 76.9016 75.3633
132600 77.21 75.3647
132700 76.8518 75.3658
132800 75.9581 75.3663
132900 76.0032 75.3668
133000 76.507 75.3676
133100 77.3561 75.3691
133200 76.6266 75.3701
133300 76.3434 75.3708
133400 76.2879 75.3715
133500 75.9796 75.3719
133600 75.8425 75.3723
133700 76.0253 75.3728
133800 76.5156 75.3736
133900 76.8791 75.3748
134000 76.1988 75.3754
134100 75.94 75.3758
134200 75.7082 75.376
134300 76.4161 75.3768
134400 76.2177 75.3774
134500 76.6248 75.3784
134600 76.1685 75.379
134700 76.3177 75.3796
134800 76.6319 75.3806
134900 76.2514 75.3812
135000 75.2457 75.3811
135100 75.862 75.3815
135200 74.8722 75.3811
135300 74.7773 75.3807
135400 75.3208 75.3806
135500 75.289 75.3805
135600 75.362 75.3805
135700 75.5691 75.3807
135800 75.3508 75.3806
135900 75.3299 75.3806
136000 74.9382 75.3803
136100 75.0041 75.38
136200 75.2538 75.3799
136300 75.4436 75.38
136400 76.171 75.3805
136500 75.3929 75.3806
136600 75.9654 75.381
136700 76.2535 75.3816
136800 76.5941 75.3825
136900 75.982 75.3829
137000 76.3222 75.3836
137100 75.7964 75.3839
137200 75.578 75.3841
137300 76.354 75.3848
137400 75.9528 75.3852
137500 75.7545 75.3855
137600 75.1762 75.3853
137700 75.389 75.3853
137800 75.3913 75.3853
137900 75.6073 75.3855
138000 75.8542 75.3858
138100 75.6854 75.386
138200 75.5637 75.3862
138300 75.6574 75.3864
138400 75.8243 75.3867
138500 75.5331 75.3868
138600 75.5719 75.3869
138700 76.4132 75.3877
138800 75.9613 75.3881
138900 75.7989 75.3884
139000 75.7193 75.3886
139100 75.8159 75.3889
139200 76.2917 75.3896
139300 76.4649 75.3903
139400 75.3852 75.3903
139500 75.8467 75.3906
139600 75.8049 75.3909
139700 75.8662 75.3913
139800 74.6999 75.3908
139900 75.4319 75.3908
140000 75.1984 75.3907
140100 75.4469 75.3907
140200 75.4007 75.3907
140300 75.1035 75.3905
140400 74.7642 75.3901
140500 74.5659 75.3895
140600 75.1646 75.3893
140700 74.9388 75.389
140800 75.1685 75.3889
140900 75.1068 75.3887
141000 75.526 75.3888
141100 75.3725 75.3887
141200 75.1879 75.3886
141300 74.4309 75.3879
141400 74.9287 75.3876
141500 74.822 75.3872
141600 75.3502 75.3872
141700 75.4214 75.3872
141800 75.878 75.3875
141900 75.5621 75.3877
142000 75.6433 75.3878
142100 75.3463 75.3878
142200 76.1205 75.3883
142300 75.4794 75.3884
142400 76.0159 75.3888
142500 75.4729 75.3889
142600 76.0476 75.3894
142700 75.2628 75.3893
142800 75.6256 75.3894
142900 75.4384 75.3895
143000 75.5467 75.3896
143100 76.2047 75.3901
143200 75.588 75.3903
143300 75.4267 75.3903
143400 75.5409 75.3904
143500 75.0024 75.3901
143600 75.4798 75.3902
143700 75.5233 75.3903
143800 74.8721 75.3899
143900 75.0688 75.3897
144000 75.4596 75.3898
144100 76.599 75.3906
144200 76.5281 75.3914
144300 75.8851 75.3917
144400 75.5366 75.3918
144500 75.7738 75.3921
144600 75.9582 75.3925
144700 76.1145 75.393
144800 76.2448 75.3936
144900 76.854 75.3946
145000 76.5567 75.3954
145100 76.6544 75.3963
145200 76.4268 75.397
145300 76.5591 75.3978
145400 75.7326 75.398
145500 76.4906 75.3987
145600 76.2055 75.3993
145700 76.2813 75.3999
145800 76.0554 75.4004
145900 76.335 75.401
146000 77.2122 75.4022
146100 77.2919 75.4035
146200 77.0892 75.4047
146300 77.1527 75.4059
146400 77.2041 75.4071
146500 76.492 75.4078
146600 76.8091 75.4088
146700 77.294 75.4101
146800 76.6844 75.411
146900 76.3559 75.4116
147000 76.3385 75.4122
147100 75.7987 75.4125
147200 75.4866 75.4125
147300 75.3815 75.4125
147400 75.1192 75.4123
147500 75.0494 75.4121
147600 75.3111 75.412
147700 75.4006 75.412
147800 75.707 75.4122
147900 76.0075 75.4126
148000 76.4987 75.4133
148100 75.9253 75.4137
148200 75.2564 75.4136
148300 75.1447 75.4134
148400 75.3406 75.4133
148500 75.9501 75.4137
148600 75.2942 75.4136
148700 74.7311 75.4132
148800 75.245 75.4131
148900 75.2598 75.413
149000 75.8494 75.4132
149100 75.8432 75.4135
149200 75.7093 75.4137
149300 75.7788 75.414
149400 75.6937 75.4142
149500 76.0325 75.4146
149600 76.0409 75.415
149700 76.1016 75.4155
149800 76.0813 75.4159
149900 76.6144 75.4167
150000 76.8654 75.4177
150100 76.0059 75.4181
150200 75.689 75.4182
150300 75.8395 75.4185
150400 75.9524 75.4189
150500 75.4245 75.4189
150600 75.6029 75.419
150700 75.4251 75.419
150800 75.9201 75.4193
150900 76.1714 75.4198
151000 75.6951 75.42
151100 75.112 75.4198
151200 75.3745 75.4198
151300 75.3146 75.4197
151400 75.2876 75.4196
151500 75.5459 75.4197
151600 75.4146 75.4197
151700 75.5952 75.4198
151800 75.2449 75.4197
151900 74.6834 75.4192
152000 75.199 75.4191
152100 75.2397 75.419
152200 75.6154 75.4191
152300 74.892 75.4187
152400 75.0026 75.4185
152500 75.1019 75.4183
152600 74.4207 75.4176
152700 74.1052 75.4167
152800 75.2564 75.4166
152900 75.1171 75.4164
153000 74.9929 75.4162
153100 74.8025 75.4158
153200 74.3365 75.4151
153300 74.711 75.4146
153400 75.1856 75.4145
153500 74.7288 75.414
153600 74.5822 75.4135
153700 74.7136 75.413
153800 74.2468 75.4123
153900 73.8549 75.4112
154000 73.7667 75.4102
154100 74.3574 75.4095
154200 74.4011 75.4088
154300 74.7551 75.4084
154400 74.7679 75.408
154500 74.0194 75.4071
154600 74.1332 75.4063
154700 74.273 75.4055
154800 74.4493 75.4049
154900 74.6686 75.4044
155000 74.4919 75.4039
155100 75.118 75.4037
155200 74.4441 75.4031
155300 74.6514 75.4026
155400 74.7247 75.4021
155500 74.9077 75.4018
155600 74.4242 75.4012
155700 74.3868 75.4005
155800 74.0239 75.3997
155900 73.4462 75.3984
156000 73.8144 75.3974
156100 73.5036 75.3962
156200 73.8541 75.3952
156300 73.598 75.394
156400 73.7651 75.393
156500 73.7802 75.392
156600 73.946 75.391
156700 74.1839 75.3903
156800 74.2617 75.3896
156900 73.6439 75.3884
157000 74.1367 75.3876
157100 74.1037 75.3868
157200 74.3189 75.3861
157300 74.1963 75.3854
157400 74.5454 75.3849
157500 74.9675 75.3846
157600 74.9813 75.3843
157700 74.7043 75.3839
157800 74.6883 75.3835
157900 74.4371 75.3829
158000 74.3673 75.3822
158100 73.9017 75.3813
158200 73.9883 75.3804
158300 74.5507 75.3799
158400 74.3664 75.3792
158500 74.5089 75.3787
158600 74.8921 75.3784
158700 74.6868 75.3779
158800 74.1945 75.3772
158900 74.2367 75.3765
159000 74.4107 75.3759
159100 74.2283 75.3752
159200 74.0379 75.3743
159300 74.0577 75.3735
159400 74.0713 75.3727
159500 73.8259 75.3717
159600 74.5573 75.3712
159700 74.7672 75.3708
159800 74.6335 75.3704
159900 74.278 75.3697
160000 74.9778 75.3694
160100 74.8617 75.3691
160200 74.2303 75.3684
160300 74.5285 75.3679
160400 74.0879 75.3671
160500 73.5144 75.3659
160600 73.668 75.3649
160700 73.2877 75.3636
160800 73.6143 75.3625
160900 73.8572 75.3615
161000 74.0505 75.3607
161100 74.607 75.3603
161200 74.1613 75.3595
161300 74.5986 75.359
161400 74.1949 75.3583
161500 74.6584 75.3579
161600 74.4076 75.3573
161700 74.6696 75.3569
161800 74.9845 75.3567
161900 75.5355 75.3568
162000 75.2933 75.3567
162100 75.3482 75.3567
162200 75.4832 75.3568
162300 76.0574 75.3572
162400 75.887 75.3576
162500 75.6478 75.3577
162600 75.1116 75.3576
162700 74.8067 75.3572
162800 75.0458 75.3571
162900 75.2485 75.357
163000 75.6147 75.3571
163100 75.5147 75.3572
163200 75.5786 75.3574
163300 75.3644 75.3574
163400 75.3217 75.3574
163500 75.6186 75.3575
163600 75.3341 75.3575
163700 75.2022 75.3574
163800 74.8287 75.3571
163900 74.781 75.3567
164000 75.364 75.3567
164100 74.9883 75.3565
164200 75.1005 75.3564
164300 75.0814 75.3562
164400 75.0159 75.356
164500 74.718 75.3556
164600 74.811 75.3553
164700 74.8582 75.355
164800 74.5631 75.3545
164900 75.415 75.3545
165000 75.3386 75.3545
165100 75.0044 75.3543
165200 74.4168 75.3537
165300 74.78 75.3534
165400 75.1512 75.3533
165500 75.6653 75.3534
165600 75.6334 75.3536
165700 75.3011 75.3536
165800 75.6097 75.3537
165900 75.201 75.3536
166000 75.6731 75.3538
166100 75.3025 75.3538
166200 75.4861 75.3539
166300 76.1224 75.3544
166400 75.5142 75.3544
166500 76.8219 75.3553
166600 75.8459 75.3556
166700 76.1928 75.3561
166800 76.7906 75.357
166900 75.8952 75.3573
167000 75.3594 75.3573
167100 75.3523 75.3573
167200 75.3758 75.3573
167300 75.3309 75.3573
167400 75.0591 75.3571
167500 75.4775 75.3572
167600 75.6024 75.3573
167700 75.5631 75.3575
167800 76.0628 75.3579
167900 76.0935 75.3583
168000 76.2088 75.3588
168100 75.9531 75.3592
168200 77.0732 75.3602
168300 77.4645 75.3615
168400 76.5627 75.3622
168500 76.285 75.3627
168600 76.5363 75.3634
168700 76.0448 75.3638
168800 75.5444 75.3639
168900 76.2865 75.3645
169000 76.2548 75.365
169100 76.243 75.3655
169200 76.3122 75.3661
169300 75.8176 75.3663
169400 76.1842 75.3668
169500 76.3771 75.3674
169600 76.3321 75.368
169700 76.1099 75.3684
169800 76.9744 75.3694
169900 76.781 75.3702
170000 77.1691 75.3713
170100 76.5046 75.3719
170200 76.4231 75.3725
170300 75.7117 75.3727
170400 76.0043 75.3731
170500 76.1778 75.3736
170600 75.9124 75.3739
170700 76.0219 75.3743
170800 76.8749 75.3752
170900 76.7781 75.376
171000 76.1853 75.3765
171100 75.9946 75.3768
171200 76.1782 75.3773
171300 75.8998 75.3776
171400 75.5694 75.3777
171500 74.9881 75.3775
171600 75.2811 75.3774
171700 75.0281 75.3772
171800 75.0344 75.377
171900 74.8598 75.3767
172000 75.0761 75.3765
172100 75.5268 75.3766
172200 75.28 75.3766
172300 74.9311 75.3763
172400 75.5511 75.3764
172500 75.9814 75.3768
172600 75.779 75.377
172700 75.5313 75.3771
172800 75.9673 75.3774
172900 75.6911 75.3776
173000 76.3882 75.3782
173100 76.2741 75.3787
173200 76.1894 75.3792
173300 76.3673 75.3797
173400 76.1661 75.3802
173500 76.1026 75.3806
173600 76.7967 75.3814
173700 75.8357 75.3817
173800 75.9893 75.382
173900 76.2149 75.3825
174000 75.9855 75.3829
174100 76.2129 75.3833
174200 75.9207 75.3837
174300 75.8735 75.3839
174400 75.4818 75.384
174500 75.3957 75.384
174600 75.6644 75.3842
174700 74.9931 75.3839
174800 76.1369 75.3844
174900 75.5074 75.3844
175000 75.2924 75.3844
175100 75.3924 75.3844
175200 75.7093 75.3846
175300 75.5952 75.3847
175400 74.7536 75.3843
175500 74.9818 75.3841
175600 75.6291 75.3842
175700 75.1618 75.3841
175800 75.1951 75.384
175900 75.2728 75.3839
176000 74.5956 75.3835
176100 74.9402 75.3832
176200 74.4476 75.3827
176300 74.5141 75.3822
176400 74.7062 75.3818
176500 74.6547 75.3814
176600 74.7726 75.3811
176700 75.3137 75.381
176800 75.4834 75.3811
176900 75.0919 75.3809
177000 76.434 75.3815
177100 75.8568 75.3818
177200 75.643 75.3819
177300 75.7805 75.3822
177400 75.7875 75.3824
177500 75.3083 75.3824
177600 75.4455 75.3824
177700 75.8466 75.3827
177800 76.5945 75.3833
177900 75.888 75.3836
178000 75.8419 75.3839
178100 76.1932 75.3843
178200 76.1276 75.3848
178300 76.6077 75.3854
178400 75.7977 75.3857
178500 75.7608 75.3859
178600 75.6701 75.386
178700 76.5897 75.3867
178800 76.6578 75.3874
178900 76.3659 75.388
179000 76.3987 75.3885
179100 76.8295 75.3893
179200 76.538 75.39
179300 76.85 75.3908
179400 76.0889 75.3912
179500 76.1061 75.3916
179600 76.5161 75.3922
179700 75.6189 75.3923
179800 76.1802 75.3928
179900 76.5955 75.3934
180000 75.9625 75.3938
180100 76.1694 75.3942
180200 75.652 75.3943
180300 75.5527 75.3944
180400 75.6195 75.3945
180500 76.1889 75.395
180600 76.312 75.3955
180700 75.7818 75.3957
180800 75.1733 75.3956
180900 75.7719 75.3958
181000 75.7645 75.396
181100 75.764 75.3962
181200 75.3652 75.3962
181300 75.153 75.396
181400 74.9949 75.3958
181500 75.5877 75.3959
181600 75.5957 75.396
181700 76.2184 75.3965
181800 76.12 75.3969
181900 75.5868 75.397
182000 75.6588 75.3971
182100 76.1542 75.3976
182200 75.9657 75.3979
182300 76.3062 75.3984
182400 75.7185 75.3985
182500 76.089 75.3989
182600 76.6079 75.3996
182700 76.4656 75.4002
182800 76.8574 75.401
182900 77.5472 75.4021
183000 76.5213 75.4027
183100 76.2583 75.4032
183200 75.6243 75.4033
183300 75.5506 75.4034
183400 75.1505 75.4033
183500 75.865 75.4035
183600 76.35 75.404
183700 75.6833 75.4042
183800 76.8365 75.405
183900 77.2031 75.406
184000 76.7635 75.4067
184100 76.8328 75.4075
184200 76.5211 75.4081
184300 76.427 75.4086
184400 76.6899 75.4093
184500 76.5553 75.4099
184600 76.2572 75.4104
184700 76.0336 75.4107
184800 75.9681 75.411
184900 75.6961 75.4112
185000 75.7258 75.4114
185100 75.2497 75.4113
185200 75.379 75.4113
185300 75.9314 75.4115
185400 75.6476 75.4117
185500 75.5392 75.4117
185600 76.9103 75.4125
185700 76.4423 75.4131
185800 76.3424 75.4136
185900 75.9824 75.4139
186000 75.4094 75.4139
186100 75.3528 75.4139
186200 75.5106 75.4139
186300 75.4903 75.414
186400 75.6829 75.4141
186500 75.2625 75.414
186600 74.6514 75.4136
186700 74.8856 75.4133
186800 75.2532 75.4132
186900 75.0277 75.413
187000 75.3457 75.413
187100 75.0692 75.4128
187200 75.7476 75.413
187300 76.2766 75.4135
187400 75.7534 75.4136
187500 75.2573 75.4136
187600 75.0317 75.4134
187700 75.9792 75.4137
187800 75.2791 75.4136
187900 76.2802 75.414
188000 76.113 75.4144
188100 75.9595 75.4147
188200 76.4327 75.4152
188300 75.6631 75.4154
188400 75.9821 75.4157
188500 75.4012 75.4157
188600 75.4508 75.4157
188700 76.2861 75.4162
188800 76.2585 75.4166
188900 75.5797 75.4167
189000 75.1703 75.4166
189100 75.2361 75.4165
189200 75.1613 75.4163
189300 75.6268 75.4164
189400 76.0096 75.4167
189500 75.8861 75.417
189600 75.7599 75.4172
189700 76.4097 75.4177
189800 76.2755 75.4182
189900 76.3905 75.4187
190000 76.6644 75.4193
190100 75.839 75.4195
190200 76.525 75.4201
190300 76.6233 75.4208
190400 75.7968 75.421
190500 76.4426 75.4215
190600 75.935 75.4218
190700 75.9557 75.422
190800 76.1754 75.4224
190900 76.3298 75.4229
191000 76.4633 75.4235
191100 75.9677 75.4237
191200 77.114 75.4246
191300 76.4678 75.4252
191400 76.1616 75.4256
191500 76.326 75.426
191600 77.1896 75.4269
191700 76.054 75.4273
191800 76.377 75.4278
191900 76.5503 75.4283
192000 75.8251 75.4286
192100 75.9284 75.4288
192200 76.0641 75.4291
192300 76.5019 75.4297
192400 76.1689 75.4301
192500 76.3787 75.4306
192600 76.0793 75.4309
192700 76.399 75.4314
192800 76.309 75.4319
192900 76.8809 75.4326
193000 76.153 75.433
193100 75.776 75.4332
193200 76.1737 75.4336
193300 75.4487 75.4336
193400 75.1936 75.4334
193500 75.1171 75.4333
193600 75.7422 75.4334
193700 75.6665 75.4336
193800 75.386 75.4335
193900 75.2532 75.4334
194000 74.8866 75.4332
194100 75.1513 75.433
194200 75.5414 75.4331
194300 75.5909 75.4332
194400 76.0854 75.4335
194500 75.6579 75.4336
194600 75.0699 75.4334
194700 75.6184 75.4335
194800 74.7883 75.4332
194900 74.3147 75.4326
195000 75.0961 75.4324
195100 75.0007 75.4322
195200 75.4072 75.4322
195300 74.7752 75.4319
195400 75.5692 75.4319
195500 75.5576 75.432
195600 74.79 75.4317
195700 74.7414 75.4313
195800 74.9477 75.4311
195900 75.4921 75.4311
196000 75.7159 75.4312
196100 75.109 75.4311
196200 75.0271 75.4309
196300 75.497 75.4309
196400 75.9915 75.4312
196500 75.8543 75.4314
196600 75.3431 75.4314
196700 74.7726 75.431
196800 75.1427 75.4309
196900 75.2672 75.4308
197000 75.2027 75.4307
197100 75.2546 75.4306
197200 75.512 75.4306
197300 76.0478 75.431
197400 75.4595 75.431
197500 75.658 75.4311
197600 76.1203 75.4314
197700 75.8907 75.4317
197800 74.8252 75.4314
197900 75.7879 75.4315
198000 75.4159 75.4315
198100 75.6171 75.4316
198200 75.1216 75.4315
198300 75.2483 75.4314
198400 74.618 75.431
198500 74.3519 75.4304
198600 74.2853 75.4298
198700 74.3698 75.4293
198800 74.9312 75.4291
198900 75.3602 75.429
199000 75.5625 75.4291
199100 75.7033 75.4292
199200 75.9569 75.4295
199300 75.7092 75.4296
199400 75.6293 75.4297
199500 75.1865 75.4296
199600 75.0473 75.4294
199700 74.4745 75.4289
199800 74.8075 75.4286
199900 74.1924 75.428
200000 74.1367 75.4274
200100 74.4727 75.4269
200200 74.252 75.4263
200300 74.633 75.4259
200400 75.4968 75.4259
200500 75.9238 75.4262
200600 75.561 75.4263
200700 75.3429 75.4262
200800 75.5148 75.4263
200900 75.5483 75.4263
201000 75.8818 75.4265
201100 76.2667 75.427
201200 75.8861 75.4272
201300 76.1464 75.4276
201400 75.4934 75.4276
201500 75.0882 75.4274
201600 75.2068 75.4273
201700 75.2033 75.4272
201800 75.4222 75.4272
201900 76.6269 75.4278
202000 76.6589 75.4284
202100 76.4857 75.4289
202200 76.2272 75.4293
202300 75.9715 75.4296
202400 75.3779 75.4296
202500 75.5698 75.4296
202600 75.914 75.4299
202700 76.1511 75.4302
202800 75.9811 75.4305
202900 75.7893 75.4307
203000 75.2643 75.4306
203100 75.0418 75.4304
203200 75.9957 75.4307
203300 75.5449 75.4307
203400 75.916 75.431
203500 75.7644 75.4311
203600 75.9466 75.4314
203700 75.4343 75.4314
203800 75.5426 75.4314
203900 76.1125 75.4318
204000 75.9276 75.432
204100 75.757 75.4322
204200 75.1364 75.432
204300 75.3674 75.432
204400 75.2839 75.4319
204500 75.5611 75.432
204600 75.6241 75.4321
204700 75.2059 75.432
204800 75.3877 75.432
204900 74.7423 75.4316
205000 74.641 75.4312
205100 75.0064 75.431
205200 75.5627 75.4311
205300 74.9631 75.4309
205400 74.6949 75.4305
205500 74.6336 75.4301
205600 73.8469 75.4293
205700 74.6258 75.429
205800 74.784 75.4286
205900 75.1307 75.4285
206000 75.4897 75.4285
206100 75.4228 75.4285
206200 74.822 75.4282
206300 74.7664 75.4279
206400 74.6112 75.4275
206500 74.5279 75.4271
206600 74.3714 75.4266
206700 74.8524 75.4263
206800 74.5676 75.4259
206900 74.388 75.4254
207000 74.8715 75.4251
207100 74.679 75.4247
207200 74.5266 75.4243
207300 74.282 75.4238
207400 74.8906 75.4235
207500 74.3673 75.423
207600 74.6445 75.4226
207700 74.9067 75.4224
207800 75.0639 75.4222
207900 74.7739 75.4219
208000 74.969 75.4217
208100 75.2449 75.4216
208200 75.0991 75.4214
208300 75.122 75.4213
208400 75.0551 75.4211
208500 75.0862 75.4209
208600 75.2872 75.4209
208700 75.0027 75.4207
208800 75.4016 75.4207
208900 76.4471 75.4212
209000 76.439 75.4217
209100 75.9868 75.4219
209200 76.2627 75.4223
209300 76.4583 75.4228
209400 75.5415 75.4229
209500 75.4425 75.4229
209600 75.3499 75.4228
209700 75.2165 75.4228
209800 75.7629 75.4229
209900 75.7693 75.4231
210000 76.0991 75.4234
210100 74.88 75.4231
210200 74.7159 75.4228
210300 74.7942 75.4225
210400 75.1904 75.4224
210500 75.3976 75.4224
210600 75.8033 75.4226
210700 76.0023 75.4228
210800 76.0676 75.4231
210900 75.8581 75.4234
211000 75.4766 75.4234
211100 75.3957 75.4234
211200 75.5169 75.4234
211300 76.1148 75.4237
211400 75.3776 75.4237
211500 74.9512 75.4235
211600 75.2864 75.4234
211700 75.974 75.4237
211800 75.2322 75.4236
211900 75.6622 75.4237
212000 75.9547 75.424
212100 75.87 75.4242
212200 75.8622 75.4244
212300 75.3681 75.4243
212400 76.0025 75.4246
212500 75.8992 75.4248
212600 75.9363 75.4251
212700 75.7708 75.4252
212800 75.4713 75.4253
212900 75.8775 75.4255
213000 75.2157 75.4254
213100 75.811 75.4256
213200 75.6113 75.4257
213300 75.6331 75.4257
213400 75.1317 75.4256
213500 76.0644 75.4259
213600 75.3699 75.4259
213700 76.1059 75.4262
213800 76.1966 75.4266
213900 75.7799 75.4267
214000 75.6828 75.4268
214100 76.3914 75.4273
214200 76.6333 75.4279
214300 75.8836 75.4281
214400 76.3564 75.4285
214500 76.2639 75.4289
214600 75.7509 75.429
214700 75.8873 75.4293
214800 76.1855 75.4296
214900 75.7012 75.4297
215000 75.6169 75.4298
215100 75.8269 75.43
215200 75.7344 75.4302
215300 75.5558 75.4302
215400 75.1694 75.4301
215500 75.1841 75.43
215600 75.5253 75.43
215700 75.1822 75.4299
215800 75.7082 75.43
215900 75.6472 75.4301
216000 75.6015 75.4302
216100 75.4315 75.4302
216200 75.5709 75.4303
216300 75.5898 75.4304
216400 75.3932 75.4303
216500 75.8488 75.4305
216600 76.1232 75.4308
216700 75.8064 75.431
216800 76.3461 75.4314
216900 76.216 75.4318
217000 75.5449 75.4319
217100 75.4774 75.4319
217200 75.3969 75.4319
217300 75.6644 75.432
217400 75.0342 75.4318
217500 75.3021 75.4317
217600 74.7425 75.4314
217700 74.9542 75.4312
217800 75.6842 75.4313
217900 75.5319 75.4314
218000 75.4156 75.4313
218100 75.6584 75.4314
218200 75.5542 75.4315
218300 75.1739 75.4314
218400 74.4363 75.4309
218500 74.7301 75.4306
218600 74.6596 75.4303
218700 74.3097 75.4297
218800 75.2091 75.4296
218900 76.0325 75.4299
219000 75.9518 75.4302
219100 74.7682 75.4299
219200 75.0031 75.4297
219300 75.1486 75.4295
219400 74.8693 75.4293
219500 75.2295 75.4292
219600 75.4615 75.4292
219700 75.1868 75.4291
219800 75.3453 75.4291
219900 75.0431 75.4289
220000 74.7767 75.4286
220100 74.8322 75.4283
220200 74.7875 75.428
220300 74.8272 75.4277
220400 74.7836 75.4275
220500 74.7478 75.4271
220600 75.4098 75.4271
220700 75.5035 75.4272
220800 74.4349 75.4267
220900 74.2735 75.4262
221000 74.7746 75.4259
221100 74.3913 75.4254
221200 74.8595 75.4252
221300 74.7073 75.4249
221400 75.3575 75.4248
221500 75.1925 75.4247
221600 75.1959 75.4246
221700 74.9007 75.4244
221800 75.8038 75.4246
221900 75.9013 75.4248
222000 76.3504 75.4252
222100 77.1992 75.426
222200 76.9472 75.4267
222300 77.7936 75.4277
222400 77.4675 75.4287
222500 77.1678 75.4294
222600 76.437 75.4299
222700 76.514 75.4304
222800 77.0629 75.4311
222900 76.5071 75.4316
223000 76.6306 75.4321
223100 76.4865 75.4326
223200 75.7901 75.4328
223300 75.4998 75.4328
223400 75.9177 75.433
223500 75.469 75.433
223600 75.9217 75.4332
223700 75.6078 75.4333
223800 75.5008 75.4333
223900 75.8789 75.4335
224000 75.3908 75.4335
224100 75.5922 75.4336
224200 75.7468 75.4337
224300 75.747 75.4339
224400 75.1899 75.4338
224500 75.2628 75.4337
224600 75.343 75.4337
224700 75.8552 75.4338
224800 76.1041 75.4341
224900 75.7885 75.4343
225000 75.6467 75.4344
225100 75.5184 75.4344
225200 75.8409 75.4346
225300 75.6583 75.4347
225400 74.7914 75.4344
225500 75.0228 75.4342
225600 74.5826 75.4339
225700 74.8536 75.4336
225800 75.9792 75.4338
225900 75.8375 75.434
226000 75.6754 75.4341
226100 75.4805 75.4342
226200 74.779 75.4339
226300 75.1314 75.4337
226400 75.8891 75.4339
226500 75.8931 75.4341
226600 75.7216 75.4343
226700 75.1734 75.4341
226800 74.9897 75.4339
226900 75.6216 75.434
227000 76.1319 75.4343
227100 75.9982 75.4346
227200 75.5989 75.4347
227300 75.5669 75.4347
227400 74.9887 75.4345
227500 75.3957 75.4345
227600 75.1976 75.4344
227700 75.2275 75.4343
227800 75.0291 75.4341
227900 75.1477 75.434
228000 75.7979 75.4342
228100 75.3999 75.4342
228200 75.0179 75.434
228300 75.4118 75.434
228400 74.576 75.4336
228500 74.469 75.4332
228600 74.3571 75.4327
228700 75.2748 75.4326
228800 75.2194 75.4325
228900 75.6746 75.4326
229000 76.0981 75.4329
229100 75.6656 75.433
229200 75.7283 75.4332
229300 75.5546 75.4332
229400 75.502 75.4332
229500 75.6239 75.4333
229600 76.5284 75.4338
229700 75.2929 75.4337
229800 75.0812 75.4336
229900 75.3909 75.4336
230000 75.9212 75.4338
230100 76.3386 75.4342
230200 76.4432 75.4346
230300 76.414 75.435
230400 76.1166 75.4353
230500 75.239 75.4352
230600 75.3145 75.4352
230700 76.0663 75.4355
230800 75.9466 75.4357
230900 75.9711 75.4359
231000 75.8707 75.4361
231100 76.3191 75.4365
231200 76.952 75.4371
231300 77.0953 75.4379
231400 76.7306 75.4384
231500 77.0904 75.4391
231600 77.3317 75.44
231700 76.8542 75.4406
231800 76.6607 75.4411
231900 76.5303 75.4416
232000 76.7174 75.4421
232100 76.4578 75.4425
232200 75.9121 75.4427
232300 76.1721 75.4431
232400 76.0657 75.4433
232500 75.3301 75.4433
232600 75.6448 75.4434
232700 75.2036 75.4433
232800 75.5284 75.4433
232900 75.3096 75.4432
233000 75.517 75.4433
233100 75.6743 75.4434
233200 75.4598 75.4434
233300 74.8541 75.4431
233400 75.328 75.4431
233500 74.8903 75.4428
233600 75.0857 75.4427
233700 75.0146 75.4425
233800 74.8973 75.4423
233900 74.9756 75.4421
234000 74.9263 75.4419
234100 75.1111 75.4417
234200 75.7098 75.4418
234300 75.5223 75.4419
234400 74.8895 75.4416
234500 75.825 75.4418
234600 76.1788 75.4421
234700 75.6816 75.4422
234800 75.3636 75.4422
234900 75.4471 75.4422
235000 75.1985 75.4421
235100 75.6854 75.4422
235200 74.8485 75.4419
235300 75.1779 75.4418
235400 74.6701 75.4415
235500 75.2064 75.4414
235600 75.2783 75.4413
235700 75.6128 75.4414
235800 75.7523 75.4415
235900 75.1055 75.4414
236000 75.1866 75.4413
236100 75.5965 75.4413
236200 75.2115 75.4412
236300 75.196 75.4411
236400 75.2622 75.4411
236500 74.9708 75.4409
236600 74.5539 75.4405
236700 75.801 75.4406
236800 75.7069 75.4407
236900 74.8146 75.4405
237000 74.8991 75.4403
237100 74.3991 75.4398
237200 74.9889 75.4396
237300 74.9528 75.4394
237400 75.125 75.4393
237500 75.7277 75.4394
237600 75.713 75.4395
237700 75.3297 75.4395
237800 75.1877 75.4394
237900 76.0979 75.4396
238000 76.6182 75.4401
238100 76.1887 75.4405
238200 76.0795 75.4407
238300 74.9098 75.4405
238400 74.6239 75.4402
238500 75.2572 75.4401
238600 74.9346 75.4399
238700 75.1395 75.4397
238800 74.838 75.4395
238900 75.2568 75.4394
239000 75.5951 75.4395
239100 75.653 75.4396
239200 75.7128 75.4397
239300 75.5965 75.4398
239400 75.7625 75.4399
239500 76.0277 75.4401
239600 75.4014 75.4401
239700 75.1212 75.44
239800 75.3585 75.4399
239900 75.1587 75.4398
240000 75.462 75.4398
240100 74.6951 75.4395
240200 75.276 75.4395
240300 75.7217 75.4396
240400 75.5966 75.4396
240500 75.4419 75.4396
240600 75.5699 75.4397
240700 75.5916 75.4398
240800 74.9676 75.4396
240900 75.8429 75.4397
241000 75.3949 75.4397
241100 76.1083 75.44
241200 75.8503 75.4402
241300 75.4549 75.4402
241400 75.4225 75.4402
241500 76.4328 75.4406
241600 76.4678 75.441
241700 76.2774 75.4413
241800 75.6023 75.4414
241900 75.8207 75.4416
242000 75.7383 75.4417
242100 76.356 75.4421
242200 75.7576 75.4422
242300 75.4705 75.4422
242400 76.1242 75.4425
242500 76.2107 75.4428
242600 75.9064 75.443
242700 76.0106 75.4432
242800 76.0568 75.4435
242900 76.4153 75.4439
243000 75.7872 75.444
243100 75.8044 75.4442
243200 75.7166 75.4443
243300 75.4094 75.4443
243400 74.936 75.4441
243500 75.3816 75.444
243600 76.533 75.4445
243700 75.2331 75.4444
243800 76.0915 75.4447
243900 76.0489 75.4449
244000 75.8874 75.4451
244100 76.5846 75.4456
244200 76.0176 75.4458
244300 75.6051 75.4459
244400 75.5836 75.4459
244500 75.2402 75.4458
244600 74.817 75.4456
244700 75.2888 75.4455
244800 74.7029 75.4452
244900 74.8403 75.445
245000 75.1849 75.4449
245100 75.4318 75.4448
245200 74.6074 75.4445
245300 74.9536 75.4443
245400 75.4301 75.4443
245500 74.7768 75.444
245600 74.4879 75.4436
245700 74.3339 75.4432
245800 74.2906 75.4427
245900 74.276 75.4422
246000 74.149 75.4417
246100 74.2913 75.4413
246200 73.7794 75.4406
246300 74.4187 75.4402
246400 75.2294 75.4401
246500 75.0061 75.4399
246600 75.3495 75.4399
246700 75.1656 75.4398
246800 74.9919 75.4396
246900 74.9546 75.4394
247000 75.0167 75.4392
247100 75.3742 75.4392
247200 75.0361 75.439
247300 74.9061 75.4388
247400 74.5371 75.4384
247500 75.0003 75.4383
247600 74.8081 75.438
247700 75.3911 75.438
247800 75.273 75.4379
247900 74.669 75.4376
248000 75.5779 75.4377
248100 75.9312 75.4379
248200 75.7304 75.438
248300 75.7263 75.4381
248400 74.9892 75.4379
248500 75.6567 75.438
248600 75.1484 75.4379
248700 75.4184 75.4379
248800 74.9347 75.4377
248900 75.0091 75.4375
249000 75.1181 75.4374
249100 74.643 75.4371
249200 74.9774 75.4369
249300 75.3761 75.4368
249400 74.7903 75.4366
249500 75.2143 75.4365
249600 76.0112 75.4367
249700 75.944 75.4369
249800 75.5765 75.437
249900 75.9718 75.4372
250000 75.557 75.4373
250100 76.0923 75.4375
250200 76.3919 75.4379
250300 75.3322 75.4379
250400 76.3816 75.4382
250500 76.9778 75.4388
250600 76.8779 75.4394
250700 76.1809 75.4397
250800 76.0685 75.44
250900 75.7063 75.4401
251000 76.3192 75.4404
251100 76.6189 75.4409
251200 76.3776 75.4413
251300 76.9713 75.4419
251400 76.6383 75.4423
251500 76.5238 75.4428
251600 76.2887 75.4431
251700 76.3268 75.4435
251800 76.1529 75.4437
251900 76.23 75.4441
252000 75.7159 75.4442
252100 75.9501 75.4444
252200 75.2537 75.4443
252300 75.326 75.4442
252400 75.129 75.4441
252500 75.5484 75.4442
252600 75.7764 75.4443
252700 75.6528 75.4444
252800 74.9755 75.4442
252900 74.7299 75.4439
253000 75.1956 75.4438
253100 75.6807 75.4439
253200 75.1664 75.4438
253300 75.2786 75.4437
253400 75.2277 75.4436
253500 74.6218 75.4433
253600 74.6896 75.443
253700 75.2425 75.4429
253800 75.086 75.4428
253900 75.052 75.4426
254000 75.4463 75.4427
254100 75.9789 75.4429
254200 75.6081 75.4429
254300 75.3974 75.4429
254400 75.2671 75.4428
254500 75.0748 75.4427
254600 75.7763 75.4428
254700 75.4581 75.4428
254800 74.7838 75.4426
254900 75.2339 75.4425
255000 75.4069 75.4425
255100 75.0379 75.4423
255200 75.2041 75.4422
255300 75.9098 75.4424
255400 75.1979 75.4423
255500 74.7783 75.4421
255600 74.7066 75.4418
255700 75.0578 75.4416
255800 74.8816 75.4414
255900 74.207 75.4409
256000 74.2972 75.4405
256100 74.1789 75.44
256200 74.6746 75.4397
256300 74.532 75.4393
256400 75.1847 75.4392
256500 75.3009 75.4392
256600 75.3911 75.4391
256700 75.5347 75.4392
256800 74.9979 75.439
256900 75.309 75.439
257000 75.2099 75.4389
257100 75.3923 75.4389
257200 75.3361 75.4388
257300 76.0275 75.439
257400 75.9491 75.4392
257500 76.021 75.4395
257600 75.3594 75.4394
257700 75.6192 75.4395
257800 74.9144 75.4393
257900 75.0611 75.4392
258000 75.0224 75.439
258100 74.5487 75.4387
258200 74.5767 75.4383
258300 74.9866 75.4381
258400 74.6385 75.4378
258500 74.5778 75.4375
258600 74.3804 75.4371
258700 74.9481 75.4369
258800 74.6325 75.4366
258900 74.2574 75.4361
259000 74.2787 75.4357
259100 74.5641 75.4354
259200 74.3683 75.4349
259300 74.5352 75.4346
259400 74.1642 75.4341
259500 73.986 75.4335
259600 74.2722 75.4331
259700 74.6025 75.4328
259800 74.5471 75.4324
259900 74.7305 75.4322
260000 74.584 75.4318
260100 73.9298 75.4313
260200 74.4197 75.4309
260300 74.8161 75.4306
260400 75.1442 75.4305
260500 74.9036 75.4303
260600 75.1787 75.4302
260700 74.8647 75.43
260800 74.4868 75.4297
260900 74.3373 75.4292
261000 74.7278 75.429
261100 75.0267 75.4288
261200 74.8701 75.4286
261300 74.3896 75.4282
261400 74.8102 75.428
261500 74.1251 75.4275
261600 74.1092 75.427
261700 74.4108 75.4266
261800 74.3745 75.4262
261900 74.5299 75.4258
262000 74.481 75.4255
262100 75.2816 75.4254
262200 75.4292 75.4254
262300 75.746 75.4255
262400 74.9185 75.4253
262500 74.8423 75.4251
262600 75.3935 75.4251
262700 75.2399 75.425
262800 75.5319 75.4251
262900 75.4145 75.4251
263000 74.8146 75.4248
263100 75.3466 75.4248
263200 75.2675 75.4248
263300 75.4032 75.4247
263400 74.638 75.4244
263500 75.1085 75.4243
263600 74.5643 75.424
263700 75.026 75.4239
263800 75.5833 75.4239
263900 74.7307 75.4236
264000 74.8294 75.4234
264100 75.1238 75.4233
264200 75.0233 75.4232
264300 75.1055 75.423
264400 75.0131 75.4229
264500 75.1321 75.4228
264600 75.0467 75.4226
264700 75.6469 75.4227
264800 75.6365 75.4228
264900 75.3538 75.4228
265000 75.7672 75.4229
265100 75.8729 75.4231
265200 75.698 75.4232
265300 74.5203 75.4228
265400 74.5891 75.4225
265500 75.061 75.4224
265600 75.4743 75.4224
265700 75.2679 75.4223
265800 75.2503 75.4223
265900 74.774 75.422
266000 74.927 75.4219
266100 75.0281 75.4217
266200 74.9503 75.4215
266300 74.7439 75.4213
266400 75.5231 75.4213
266500 75.271 75.4213
266600 74.8935 75.4211
266700 74.8452 75.4208
266800 74.9854 75.4207
266900 75.3435 75.4206
267000 75.3351 75.4206
267100 75.3526 75.4206
267200 75.4708 75.4206
267300 75.0434 75.4205
267400 74.6857 75.4202
267500 75.183 75.4201
267600 74.5582 75.4198
267700 74.9841 75.4196
267800 74.874 75.4194
267900 75.6145 75.4195
268000 75.5974 75.4196
268100 75.4948 75.4196
268200 76.0048 75.4198
268300 76.1629 75.4201
268400 76.1733 75.4204
268500 75.3497 75.4203
268600 75.6481 75.4204
268700 75.8432 75.4206
268800 75.6576 75.4207
268900 75.4853 75.4207
269000 76.0984 75.4209
269100 75.7194 75.421
269200 75.6302 75.4211
269300 75.7074 75.4212
269400 76.2748 75.4215
269500 75.4091 75.4215
269600 74.9903 75.4214
269700 75.3371 75.4214
269800 75.8749 75.4215
269900 75.2494 75.4215
270000 75.6163 75.4215
270100 75.6141 75.4216
270200 76.2 75.4219
270300 75.4374 75.4219
270400 75.6953 75.422
270500 75.662 75.4221
270600 76.5112 75.4225
270700 76.0804 75.4227
270800 76.7002 75.4232
270900 76.5603 75.4236
271000 76.2571 75.4239
271100 76.5608 75.4243
271200 76.2955 75.4247
271300 75.722 75.4248
271400 76.2115 75.4251
271500 76.2589 75.4254
271600 76.2579 75.4257
271700 75.7624 75.4258
271800 75.3564 75.4258
271900 75.3032 75.4257
272000 75.4904 75.4258
272100 75.5171 75.4258
272200 75.8825 75.426
272300 75.4988 75.426
272400 75.7585 75.4261
272500 75.3023 75.4261
272600 75.295 75.426
272700 75.4739 75.426
272800 75.2656 75.426
272900 75.6653 75.4261
273000 75.4484 75.4261
273100 75.0368 75.4259
273200 76.2346 75.4262
273300 75.8973 75.4264
273400 76.0134 75.4266
273500 75.0928 75.4265
273600 75.4477 75.4265
273700 75.2092 75.4264
273800 75.1769 75.4263
273900 75.1743 75.4262
274000 74.6964 75.426
274100 75.0328 75.4258
274200 74.8319 75.4256
274300 75.1324 75.4255
274400 75.9892 75.4257
274500 76.4634 75.4261
274600 76.0371 75.4263
274700 76.3072 75.4266
274800 75.5302 75.4267
274900 75.7026 75.4268
275000 75.165 75.4267
275100 75.8538 75.4268
275200 75.8932 75.427
275300 75.2657 75.4269
275400 75.9692 75.4271
275500 76.5754 75.4276
275600 76.3426 75.4279
275700 76.2121 75.4282
275800 76.3566 75.4285
275900 75.4882 75.4285
276000 75.6412 75.4286
276100 74.943 75.4284
276200 74.8365 75.4282
276300 74.9185 75.428
276400 75.629 75.4281
276500 75.4943 75.4281
276600 75.0318 75.428
276700 74.2665 75.4276
276800 74.5779 75.4273
276900 74.6285 75.427
277000 74.2521 75.4265
277100 74.0889 75.4261
277200 73.9383 75.4255
277300 74.1385 75.4251
277400 74.4392 75.4247
277500 74.1027 75.4242
277600 74.1798 75.4238
277700 74.0379 75.4233
277800 74.5246 75.423
277900 73.7504 75.4224
278000 73.6313 75.4217
278100 73.7586 75.4211
278200 73.0533 75.4203
278300 73.0096 75.4194
278400 73.424 75.4187
278500 73.4661 75.418
278600 74.468 75.4176
278700 74.6524 75.4174
278800 74.2559 75.4169
278900 74.2418 75.4165
279000 74.5805 75.4162
279100 74.9444 75.4161
279200 74.3918 75.4157
279300 74.4319 75.4153
279400 73.9697 75.4148
279500 74.1224 75.4144
279600 74.3374 75.414
279700 74.6571 75.4137
279800 74.2084 75.4133
279900 74.1948 75.4128
280000 74.4992 75.4125
280100 74.6901 75.4122
280200 74.8573 75.4121
280300 74.5477 75.4117
280400 74.467 75.4114
280500 74.6196 75.4111
280600 74.2082 75.4107
280700 74.0819 75.4102
280800 74.3191 75.4098
280900 73.7184 75.4092
281000 73.6961 75.4086
281100 73.8228 75.4081
281200 74.312 75.4077
281300 74.1965 75.4072
281400 74.0272 75.4067
281500 74.0004 75.4062
281600 75.1397 75.4062
281700 75.154 75.4061
281800 75.0291 75.4059
281900 74.4739 75.4056
282000 75.2463 75.4055
282100 75.0924 75.4054
282200 75.182 75.4054
282300 75.5747 75.4054
282400 75.6803 75.4055
282500 75.781 75.4056
282600 75.1993 75.4056
282700 74.9199 75.4054
282800 74.8006 75.4052
282900 75.6469 75.4053
283000 75.5363 75.4053
283100 75.3389 75.4053
283200 75.1867 75.4052
283300 75.1896 75.4051
283400 75.0067 75.405
283500 75.0986 75.4049
283600 74.9444 75.4047
283700 75.2709 75.4047
283800 75.2522 75.4046
283900 75.6203 75.4047
284000 75.4068 75.4047
284100 75.2251 75.4046
284200 75.4978 75.4047
284300 75.569 75.4047
284400 75.0333 75.4046
284500 75.2876 75.4046
284600 74.5468 75.4043
284700 74.6515 75.404
284800 74.5927 75.4037
284900 74.7722 75.4035
285000 74.527 75.4032
285100 74.9278 75.403
285200 75.2541 75.403
285300 74.6677 75.4027
285400 74.6902 75.4025
285500 75.1845 75.4024
285600 74.6194 75.4021
285700 74.1394 75.4017
285800 74.4483 75.4013
285900 74.2243 75.4009
286000 74.5135 75.4006
286100 74.8195 75.4004
286200 75.0757 75.4003
286300 74.6513 75.4
286400 74.7676 75.3998
286500 75.4465 75.3998
286600 75.5531 75.3999
286700 75.2325 75.3998
286800 75.9695 75.4
286900 75.3951 75.4
287000 75.8202 75.4002
287100 75.5756 75.4002
287200 75.401 75.4002
287300 74.7095 75.4
287400 74.6845 75.3997
287500 74.7884 75.3995
287600 74.3985 75.3992
287700 74.8434 75.399
287800 75.1496 75.3989
287900 75.0967 75.3988
288000 75.4977 75.3988
288100 75.6516 75.3989
288200 75.3332 75.3989
288300 75.2742 75.3988
288400 75.2485 75.3988
288500 75.298 75.3988
288600 75.2569 75.3987
288700 75.5717 75.3988
288800 75.5878 75.3988
288900 74.5004 75.3985
289000 74.5959 75.3982
289100 74.8379 75.398
289200 75.4833 75.3981
289300 74.9858 75.3979
289400 75.2997 75.3979
289500 75.2527 75.3979
289600 75.9862 75.3981
289700 75.9048 75.3982
289800 75.3117 75.3982
289900 75.0609 75.3981
290000 75.0832 75.398
290100 74.9184 75.3978
290200 74.3779 75.3975
290300 74.2824 75.3971
290400 74.0918 75.3966
290500 74.4971 75.3963
290600 74.0123 75.3958
290700 73.5231 75.3952
290800 74.1707 75.3948
290900 73.8203 75.3942
291000 74.1219 75.3938
291100 73.8625 75.3933
291200 74.2934 75.3929
291300 74.2002 75.3925
291400 74.5465 75.3922
291500 73.8279 75.3917
291600 74.8027 75.3915
291700 74.397 75.3911
291800 74.7565 75.3909
291900 75.3171 75.3909
292000 75.132 75.3908
292100 75.4552 75.3908
292200 74.7742 75.3906
292300 74.601 75.3903
292400 74.428 75.39
292500 74.498 75.3897
292600 74.9479 75.3895
292700 74.5804 75.3893
292800 75.3745 75.3893
292900 75.2874 75.3892
293000 74.8619 75.389
293100 74.1224 75.3886
293200 74.5702 75.3883
293300 74.4182 75.388
293400 74.529 75.3877
293500 75.6053 75.3878
293600 74.6072 75.3875
293700 74.4341 75.3872
293800 74.5579 75.3869
293900 74.1395 75.3865
294000 74.2603 75.3861
294100 73.8915 75.3856
294200 74.332 75.3852
294300 74.5882 75.385
294400 74.4096 75.3846
294500 74.0892 75.3842
294600 74.0422 75.3837
294700 74.606 75.3835
294800 74.4258 75.3831
294900 74.6771 75.3829
295000 73.8214 75.3824
295100 73.9935 75.3819
295200 73.749 75.3814
295300 73.369 75.3807
295400 74.176 75.3803
295500 74.0831 75.3798
295600 74.5736 75.3796
295700 74.6947 75.3793
295800 74.4437 75.379
295900 74.3076 75.3786
296000 73.8944 75.3781
296100 74.3971 75.3778
296200 74.1328 75.3774
296300 74.8206 75.3772
296400 74.2512 75.3768
296500 75.0142 75.3767
296600 75.4398 75.3767
296700 74.8037 75.3765
296800 74.4004 75.3762
296900 74.6591 75.376
297000 74.2938 75.3756
297100 74.6689 75.3754
297200 74.7662 75.3752
297300 74.8069 75.375
297400 74.7385 75.3747
297500 74.0741 75.3743
297600 75.1342 75.3742
297700 74.965 75.3741
297800 74.6264 75.3738
297900 74.3381 75.3735
298000 74.3809 75.3732
298100 74.5352 75.3729
298200 75.049 75.3728
298300 74.9598 75.3726
298400 74.8528 75.3725
298500 75.1462 75.3724
298600 75.4185 75.3724
298700 74.5186 75.3721
298800 74.7802 75.3719
298900 75.4305 75.3719
299000 75.3154 75.3719
299100 75.2392 75.3719
299200 75.3656 75.3719
299300 75.7056 75.372
299400 75.4066 75.372
299500 75.727 75.3721
299600 75.3424 75.3721
299700 75.6412 75.3722
299800 75.4407 75.3722
299900 75.5179 75.3723
300000 74.9868 75.3721
300100 74.9014 75.372
300200 75.9717 75.3722
300300 75.6453 75.3723
300400 75.8362 75.3724
300500 75.2765 75.3724
300600 75.5434 75.3724
300700 75.9925 75.3727
300800 75.938 75.3728
300900 75.6825 75.3729
301000 75.7239 75.3731
301100 76.3917 75.3734
301200 75.8075 75.3735
301300 75.6945 75.3736
301400 75.4841 75.3737
301500 75.8651 75.3738
301600 75.4462 75.3739
301700 74.9923 75.3737
301800 74.5859 75.3735
301900 75.2718 75.3734
302000 75.8128 75.3736
302100 75.3529 75.3736
302200 74.9162 75.3734
302300 74.8905 75.3733
302400 75.2718 75.3732
302500 76.2674 75.3735
302600 76.5524 75.3739
302700 76.0778 75.3742
302800 76.1841 75.3744
302900 76.261 75.3747
303000 76.1832 75.375
303100 76.0677 75.3752
303200 75.6147 75.3753
303300 75.9633 75.3755
303400 75.7343 75.3756
303500 76.1106 75.3758
303600 75.6816 75.376
303700 75.8471 75.3761
303800 75.8681 75.3763
303900 75.5241 75.3763
304000 75.466 75.3763
304100 75.5747 75.3764
304200 75.5705 75.3765
304300 75.9405 75.3767
304400 75.8465 75.3768
304500 75.7103 75.3769
304600 76.2315 75.3772
304700 76.2266 75.3775
304800 76.4403 75.3778
304900 75.5471 75.3779
305000 75.2195 75.3778
305100 74.9771 75.3777
305200 74.7465 75.3775
305300 74.9013 75.3773
305400 75.4967 75.3774
305500 75.4509 75.3774
305600 75.6616 75.3775
305700 75.4616 75.3775
305800 75.2015 75.3775
305900 75.2281 75.3774
306000 75.5263 75.3775
306100 75.2985 75.3774
306200 75.0043 75.3773
306300 74.8265 75.3771
306400 75.2707 75.3771
306500 75.4311 75.3771
306600 75.3224 75.3771
306700 75.197 75.377
306800 75.7303 75.3772
306900 75.9476 75.3773
307000 75.8976 75.3775
307100 75.3112 75.3775
307200 74.4425 75.3772
307300 74.9638 75.3771
307400 74.7505 75.3769
307500 74.7848 75.3767
307600 75.0237 75.3765
307700 75.4352 75.3766
307800 75.18 75.3765
307900 75.2276 75.3765
308000 75.424 75.3765
308100 74.4216 75.3762
308200 74.9539 75.376
308300 74.7094 75.3758
308400 74.0909 75.3754
308500 74.522 75.3751
308600 74.2522 75.3747
308700 73.9657 75.3743
308800 74.3817 75.374
308900 74.2754 75.3736
309000 74.5071 75.3733
309100 74.0289 75.3729
309200 75.0041 75.3728
309300 75.2384 75.3727
309400 75.0988 75.3726
309500 74.646 75.3724
309600 74.7982 75.3722
309700 74.9492 75.3721
309800 75.136 75.372
309900 75.802 75.3722
310000 75.7337 75.3723
310100 74.8627 75.3721
310200 75.6134 75.3722
310300 75.7023 75.3723
310400 76.1118 75.3725
310500 75.8746 75.3727
310600 75.6574 75.3728
310700 75.8654 75.3729
310800 75.2295 75.3729
310900 75.2934 75.3729
311000 74.7861 75.3727
311100 75.094 75.3726
311200 75.3142 75.3726
311300 74.8449 75.3724
311400 75.1951 75.3723
311500 75.1511 75.3723
311600 75.1298 75.3722
311700 75.3666 75.3722
311800 75.4513 75.3722
311900 75.3747 75.3722
312000 75.0291 75.3721
312100 74.6055 75.3719
312200 75.461 75.3719
312300 74.6181 75.3717
312400 74.9537 75.3715
312500 74.8848 75.3714
312600 75.3524 75.3714
312700 75.224 75.3713
312800 75.2533 75.3713
312900 75.1225 75.3712
313000 74.6214 75.371
313100 74.3002 75.3706
313200 74.9923 75.3705
313300 74.6821 75.3703
313400 74.0132 75.3698
313500 73.6592 75.3693
313600 74.4791 75.369
313700 73.9718 75.3686
313800 73.9407 75.3681
313900 74.3076 75.3678
314000 74.2083 75.3674
314100 74.0651 75.367
314200 74.4753 75.3667
314300 74.2203 75.3663
314400 74.3234 75.366
314500 74.152 75.3656
314600 74.0001 75.3652
314700 74.348 75.3649
314800 74.7374 75.3647
314900 74.2276 75.3643
315000 74.5468 75.364
315100 73.805 75.3635
315200 73.8112 75.3631
315300 73.9547 75.3626
315400 73.8284 75.3621
315500 73.745 75.3616
315600 73.4835 75.361
315700 73.6511 75.3605
315800 74.3041 75.3601
315900 74.2843 75.3598
316000 74.3862 75.3595
316100 73.2254 75.3588
316200 73.8503 75.3583
316300 74.0455 75.3579
316400 74.245 75.3576
316500 73.3161 75.3569
316600 73.5153 75.3563
316700 72.9779 75.3556
316800 73.1321 75.3549
316900 73.409 75.3543
317000 73.6276 75.3537
317100 73.4713 75.3531
317200 73.6377 75.3526
317300 73.4592 75.352
317400 73.1646 75.3513
317500 74.2688 75.351
317600 74.5478 75.3507
317700 74.187 75.3504
317800 73.6283 75.3498
317900 73.7543 75.3493
318000 73.8016 75.3488
318100 74.2765 75.3485
318200 73.6555 75.348
318300 73.4438 75.3474
318400 73.7412 75.3468
318500 73.3693 75.3462
318600 73.6506 75.3457
318700 73.8806 75.3452
318800 73.3792 75.3446
318900 73.2925 75.344
319000 73.7523 75.3435
319100 74.1432 75.3431
319200 74.6445 75.3429
319300 75.5311 75.3429
319400 75.1205 75.3429
319500 74.6732 75.3427
319600 74.7717 75.3425
319700 73.9169 75.342
319800 74.0233 75.3416
319900 74.2535 75.3413
320000 74.1507 75.3409
320100 74.1402 75.3405
320200 73.7919 75.3401
320300 74.1128 75.3397
320400 73.6709 75.3391
320500 74.1036 75.3388
320600 74.1682 75.3384
320700 74.5146 75.3381
320800 74.1214 75.3378
320900 73.8778 75.3373
321000 73.9691 75.3369
321100 73.9254 75.3364
321200 73.4996 75.3359
321300 74.1726 75.3355
321400 73.7776 75.335
321500 74.0625 75.3346
321600 73.8155 75.3342
321700 73.3624 75.3335
321800 73.6814 75.333
321900 73.828 75.3326
322000 74.1014 75.3322
322100 74.2625 75.3318
322200 74.25 75.3315
322300 74.4648 75.3312
322400 74.6717 75.331
322500 74.4849 75.3308
322600 74.252 75.3304
322700 74.5109 75.3302
322800 74.6843 75.33
322900 74.1809 75.3296
323000 74.7034 75.3294
323100 74.8037 75.3293
323200 74.8875 75.3291
323300 74.6232 75.3289
323400 75.2241 75.3289
323500 74.8042 75.3287
323600 75.1899 75.3287
323700 74.6 75.3285
323800 74.843 75.3283
323900 74.5307 75.3281
324000 74.3411 75.3278
324100 74.1114 75.3274
324200 73.9594 75.327
324300 74.2291 75.3266
324400 75.1981 75.3266
324500 74.8893 75.3264
324600 74.788 75.3263
324700 74.1738 75.3259
324800 73.6999 75.3254
324900 74.1435 75.3251
325000 74.3072 75.3247
325100 74.3294 75.3244
325200 74.3465 75.3241
325300 74.5798 75.3239
325400 74.7342 75.3237
325500 75.2072 75.3237
325600 74.7837 75.3235
325700 74.5261 75.3233
325800 74.4035 75.323
325900 75.1981 75.323
326000 74.4848 75.3227
326100 74.3451 75.3224
326200 74.5434 75.3222
326300 74.9618 75.3221
326400 74.5963 75.3218
326500 74.2656 75.3215
326600 73.8977 75.3211
326700 74.3907 75.3208
326800 73.4131 75.3202
326900 74.0639 75.3198
327000 74.2214 75.3195
327100 74.3545 75.3192
327200 74.5145 75.3189
327300 74.6635 75.3187
327400 74.7985 75.3186
327500 74.4284 75.3183
327600 74.5389 75.3181
327700 74.0936 75.3177
327800 74.4084 75.3174
327900 74.9696 75.3173
328000 74.4924 75.3171
328100 74.4497 75.3168
328200 74.7324 75.3166
328300 74.0235 75.3162
328400 73.553 75.3157
328500 74.3613 75.3154
328600 74.7158 75.3152
328700 74.659 75.315
328800 74.4965 75.3148
328900 74.3842 75.3145
329000 74.1021 75.3141
329100 73.9152 75.3137
329200 74.5403 75.3135
329300 74.5575 75.3132
329400 74.3725 75.3129
329500 74.1587 75.3126
329600 74.3017 75.3123
329700 73.8368 75.3118
329800 74.5253 75.3116
329900 74.2297 75.3113
330000 74.4088 75.311
330100 74.5007 75.3108
330200 74.1557 75.3104
330300 74.2414 75.3101
330400 74.2449 75.3098
330500 74.2106 75.3094
330600 74.2081 75.3091
330700 74.7856 75.3089
330800 74.8751 75.3088
330900 74.1195 75.3084
331000 75.181 75.3084
331100 75.0703 75.3083
331200 75.2619 75.3083
331300 75.1041 75.3083
331400 75.0513 75.3082
331500 74.5864 75.308
331600 74.7658 75.3078
331700 75.1279 75.3077
331800 74.5979 75.3075
331900 74.1833 75.3072
332000 74.5466 75.307
332100 74.3866 75.3067
332200 74.9828 75.3066
332300 74.8132 75.3064
332400 74.7955 75.3063
332500 74.8042 75.3061
332600 74.9349 75.306
332700 74.5757 75.3058
332800 74.5962 75.3056
332900 74.3534 75.3053
333000 74.0931 75.3049
333100 73.9671 75.3045
333200 74.2828 75.3042
333300 73.7202 75.3038
333400 74.3235 75.3035
333500 73.9147 75.303
333600 73.6555 75.3026
333700 74.12 75.3022
333800 74.4108 75.3019
333900 74.2794 75.3016
334000 74.6565 75.3014
334100 74.9516 75.3013
334200 74.483 75.3011
334300 74.5954 75.3009
334400 75.0429 75.3008
334500 74.8505 75.3007
334600 74.5887 75.3004
334700 74.7297 75.3003
334800 73.8925 75.2999
334900 74.0704 75.2995
335000 74.486 75.2992
335100 74.0368 75.2989
335200 73.3376 75.2983
335300 73.3518 75.2977
335400 73.6024 75.2972
335500 73.645 75.2967
335600 73.2735 75.2961
335700 73.2551 75.2955
335800 73.11 75.2948
335900 73.7866 75.2944
336000 73.7556 75.2939
336100 74.0785 75.2936
336200 74.3258 75.2933
336300 74.3513 75.293
336400 74.3009 75.2927
336500 74.4982 75.2925
336600 74.3356 75.2922
336700 73.7263 75.2917
336800 74.0217 75.2914
336900 74.1784 75.291
337000 74.3368 75.2907
337100 74.0759 75.2904
337200 73.84 75.2899
337300 73.9915 75.2896
337400 73.762 75.2891
337500 73.6349 75.2886
337600 73.606 75.2881
337700 73.4331 75.2876
337800 74.4498 75.2873
337900 73.7304 75.2869
338000 74.0177 75.2865
338100 74.1363 75.2861
338200 74.4196 75.2859
338300 74.2477 75.2856
338400 74.3221 75.2853
338500 74.7921 75.2852
338600 75.1728 75.2851
338700 74.8155 75.285
338800 74.9027 75.2849
338900 74.7953 75.2847
339000 74.4998 75.2845
339100 74.8347 75.2844
339200 75.6951 75.2845
339300 75.9695 75.2847
339400 76.2767 75.285
339500 75.9708 75.2852
339600 75.7905 75.2853
339700 76.3343 75.2856
339800 76.0505 75.2859
339900 75.6666 75.286
340000 74.6786 75.2858
340100 74.9013 75.2857
340200 75.1237 75.2856
340300 74.9718 75.2855
340400 75.2943 75.2855
340500 75.2673 75.2855
340600 75.4122 75.2856
340700 74.9552 75.2855
340800 75.2078 75.2855
340900 74.8313 75.2853
341000 75.4903 75.2854
341100 75.6448 75.2855
341200 75.6379 75.2856
341300 75.783 75.2857
341400 75.7698 75.2859
341500 76.1748 75.2861
341600 75.4004 75.2862
341700 75.3756 75.2862
341800 75.4897 75.2863
341900 76.3199 75.2866
342000 75.8608 75.2867
342100 76.0202 75.2869
342200 75.9336 75.2871
342300 75.4237 75.2872
342400 76.109 75.2874
342500 76.3781 75.2877
342600 75.8538 75.2879
342700 75.605 75.288
342800 75.1942 75.288
342900 75.2826 75.288
343000 75.9614 75.2882
343100 76.4816 75.2885
343200 76.19 75.2888
343300 75.6672 75.2889
343400 75.3975 75.2889
343500 75.3115 75.2889
343600 74.9521 75.2888
343700 74.6856 75.2886
343800 74.6971 75.2885
343900 74.7884 75.2883
344000 75.4237 75.2884
344100 76.2531 75.2886
344200 75.9976 75.2888
344300 75.3523 75.2889
344400 74.7879 75.2887
344500 74.2389 75.2884
344600 74.8018 75.2883
344700 74.9392 75.2882
344800 75.0879 75.2881
344900 75.2931 75.2881
345000 76.1593 75.2884
345100 75.8098 75.2885
345200 74.8593 75.2884
345300 74.4679 75.2882
345400 75.4274 75.2882
345500 75.7257 75.2883
345600 76.0895 75.2886
345700 75.369 75.2886
345800 75.6851 75.2887
345900 75.4204 75.2887
346000 75.5363 75.2888
346100 74.907 75.2887
346200 74.9263 75.2886
346300 75.2367 75.2886
346400 75.8852 75.2887
346500 75.5589 75.2888
346600 75.8238 75.289
346700 76.217 75.2892
346800 75.9427 75.2894
346900 75.6288 75.2895
347000 75.5498 75.2896
347100 76.2009 75.2899
347200 76.4005 75.2902
347300 77.0233 75.2907
347400 76.4369 75.291
347500 76.1457 75.2913
347600 75.6662 75.2914
347700 75.5865 75.2915
347800 76.2475 75.2917
347900 75.9274 75.2919
348000 75.5873 75.292
348100 75.9067 75.2922
348200 75.8905 75.2924
348300 75.8815 75.2925
348400 75.0252 75.2924
348500 74.7852 75.2923
348600 75.435 75.2923
348700 74.9504 75.2922
348800 75.7633 75.2924
348900 75.7231 75.2925
349000 74.6312 75.2923
349100 75.493 75.2924
349200 75.8807 75.2925
349300 75.8387 75.2927
349400 76.24 75.293
349500 75.4458 75.293
349600 75.1193 75.293
349700 74.6733 75.2928
349800 74.6227 75.2926
349900 74.9077 75.2925
350000 74.9987 75.2924
350100 75.2793 75.2924
350200 75.095 75.2923
350300 74.8783 75.2922
350400 75.0593 75.2921
350500 74.6009 75.292
350600 74.6909 75.2918
350700 74.5916 75.2916
350800 74.4608 75.2913
350900 73.8782 75.2909
351000 74.1707 75.2906
351100 75.0236 75.2905
351200 74.0084 75.2902
351300 74.6946 75.29
351400 75.3697 75.29
351500 76.0763 75.2903
351600 76.1504 75.2905
351700 76.3043 75.2908
351800 76.3142 75.2911
351900 76.2635 75.2914
352000 75.9916 75.2916
352100 76.4352 75.2919
352200 76.1732 75.2921
352300 75.5032 75.2922
352400 75.3278 75.2922
352500 75.1198 75.2922
352600 75.6969 75.2923
352700 75.4966 75.2923
352800 75.2829 75.2923
352900 75.7994 75.2925
353000 75.987 75.2927
353100 75.8028 75.2928
353200 76.1748 75.2931
353300 76.6729 75.2934
353400 76.3679 75.2938
353500 76.4309 75.2941
353600 75.5872 75.2942
353700 75.9437 75.2943
353800 74.7441 75.2942
353900 74.9138 75.2941
354000 75.3066 75.2941
354100 75.6978 75.2942
354200 75.987 75.2944
354300 75.3063 75.2944
354400 75.0429 75.2943
354500 75.2412 75.2943
354600 74.7202 75.2941
354700 74.7112 75.294
354800 74.6317 75.2938
354900 74.5651 75.2936
355000 74.355 75.2933
355100 75.4178 75.2934
355200 75.4071 75.2934
355300 75.021 75.2933
355400 75.2042 75.2933
355500 75.0911 75.2932
355600 75.2221 75.2932
355700 74.2352 75.2929
355800 74.3613 75.2927
355900 74.3672 75.2924
356000 73.7765 75.292
356100 73.9469 75.2916
356200 73.9367 75.2912
356300 75.1103 75.2912
356400 75.1488 75.2911
356500 75.8876 75.2913
356600 75.3661 75.2913
356700 75.4865 75.2914
356800 74.842 75.2912
356900 75.3339 75.2912
357000 75.9711 75.2914
357100 75.9589 75.2916
357200 75.7845 75.2918
357300 76.6882 75.2922
357400 75.8404 75.2923
357500 75.4473 75.2924
357600 75.4481 75.2924
357700 75.1158 75.2923
357800 75.001 75.2923
357900 74.9654 75.2922
358000 75.0674 75.2921
358100 75.1112 75.2921
358200 75.895 75.2922
358300 75.7811 75.2924
358400 75.1284 75.2923
358500 75.3221 75.2923
358600 75.5893 75.2924
358700 75.546 75.2925
358800 74.9819 75.2924
358900 75.4095 75.2924
359000 74.8389 75.2923
359100 75.0429 75.2922
359200 75.079 75.2922
359300 75.201 75.2921
359400 75.354 75.2922
359500 75.3693 75.2922
359600 75.4233 75.2922
359700 75.448 75.2923
359800 75.3105 75.2923
359900 75.7358 75.2924
360000 75.9452 75.2926
360100 75.5694 75.2927
360200 75.4509 75.2927
360300 75.61 75.2928
360400 75.7468 75.2929
360500 75.0665 75.2928
360600 74.9657 75.2928
360700 75.7442 75.2929
360800 74.8279 75.2928
360900 74.7941 75.2926
361000 75.0727 75.2926
361100 75.7023 75.2927
361200 75.2867 75.2927
361300 75.4684 75.2927
361400 75.3017 75.2927
361500 75.4161 75.2928
361600 75.3034 75.2928
361700 75.1968 75.2927
361800 75.5951 75.2928
361900 74.8462 75.2927
362000 75.0978 75.2926
362100 75.0352 75.2926
362200 75.2707 75.2926
362300 74.8023 75.2924
362400 75.7302 75.2925
362500 75.1484 75.2925
362600 75.003 75.2924
362700 75.2933 75.2924
362800 74.7729 75.2923
362900 75.1789 75.2922
363000 74.9442 75.2922
363100 74.6955 75.292
363200 74.818 75.2919
363300 74.7154 75.2917
363400 74.6551 75.2915
363500 74.6416 75.2913
363600 74.8455 75.2912
363700 75.6109 75.2913
363800 75.9011 75.2915
363900 75.6195 75.2916
364000 75.5359 75.2916
364100 76.1184 75.2919
364200 76.5259 75.2922
364300 76.3771 75.2925
364400 76.7077 75.2929
364500 76.2932 75.2932
364600 76.2846 75.2934
364700 76.2975 75.2937
364800 75.9284 75.2939
364900 75.7376 75.294
365000 75.8404 75.2942
365100 75.8327 75.2943
365200 75.851 75.2945
365300 75.5084 75.2945
365400 74.824 75.2944
365500 74.7702 75.2942
365600 75.2056 75.2942
365700 74.9526 75.2941
365800 75.1279 75.2941
365900 75.0386 75.294
366000 75.4113 75.294
366100 75.7626 75.2942
366200 75.6835 75.2943
366300 75.5821 75.2944
366400 75.8094 75.2945
366500 75.8928 75.2947
366600 75.6018 75.2947
366700 75.2626 75.2947
366800 74.9177 75.2946
366900 74.7852 75.2945
367000 75.1493 75.2944
367100 76.008 75.2946
367200 76.1068 75.2949
367300 76.2775 75.2951
367400 75.7337 75.2953
367500 75.6074 75.2953
367600 75.9218 75.2955
367700 75.7769 75.2956
367800 76.218 75.2959
367900 76.5829 75.2962
368000 76.51 75.2966
368100 76.2195 75.2968
368200 76.3739 75.2971
368300 76.1486 75.2973
368400 76.4353 75.2977
368500 76.1845 75.2979
368600 75.2592 75.2979
368700 75.776 75.298
368800 76.0075 75.2982
368900 75.4282 75.2982
369000 75.8891 75.2984
369100 75.1363 75.2984
369200 75.7917 75.2985
369300 75.7144 75.2986
369400 75.6987 75.2987
369500 75.8579 75.2989
369600 75.3488 75.2989
369700 75.3802 75.2989
369800 75.2934 75.2989
369900 74.7694 75.2988
370000 74.5358 75.2985
370100 74.5276 75.2983
370200 75.1965 75.2983
370300 75.2097 75.2983
370400 75.7467 75.2984
370500 76.1078 75.2986
370600 76.3713 75.2989
370700 76.0761 75.2991
370800 74.9169 75.299
370900 74.4786 75.2988
371000 74.1751 75.2985
371100 73.69 75.2981
371200 74.8523 75.2979
371300 74.7708 75.2978
371400 75.4422 75.2978
371500 75.0073 75.2978
371600 74.7823 75.2976
371700 75.2293 75.2976
371800 74.9962 75.2975
371900 74.8807 75.2974
372000 75.1907 75.2974
372100 75.2576 75.2974
372200 74.9268 75.2973
372300 73.902 75.2969
372400 75.0483 75.2968
372500 75.6001 75.2969
372600 75.2274 75.2969
372700 74.9713 75.2968
372800 74.8767 75.2967
372900 75.2494 75.2967
373000 74.7259 75.2965
373100 75.9929 75.2967
373200 76.2066 75.297
373300 75.6155 75.297
373400 75.9772 75.2972
373500 75.5471 75.2973
373600 75.8539 75.2974
373700 75.3429 75.2975
373800 75.3691 75.2975
373900 75.8199 75.2976
374000 75.6498 75.2977
374100 75.9386 75.2979
374200 76.3892 75.2982
374300 75.5828 75.2982
374400 75.2339 75.2982
374500 76.1861 75.2985
374600 76.3987 75.2988
374700 76.42 75.2991
374800 76.1136 75.2993
374900 75.6227 75.2994
375000 75.4552 75.2994
375100 76.2623 75.2997
375200 76.0967 75.2999
375300 75.6259 75.3
375400 76.1082 75.3002
375500 75.9879 75.3004
375600 75.9513 75.3005
375700 75.8477 75.3007
375800 75.7769 75.3008
375900 75.7812 75.3009
376000 75.3929 75.301
376100 75.9278 75.3011
376200 75.4405 75.3012
376300 74.4116 75.3009
376400 75.1094 75.3009
376500 75.0924 75.3008
376600 75.359 75.3008
376700 75.6897 75.3009
376800 75.6997 75.301
376900 75.5032 75.3011
377000 74.8765 75.301
377100 75.3059 75.301
377200 75.5855 75.3011
377300 75.6574 75.3012
377400 75.6379 75.3012
377500 75.4619 75.3013
377600 75.7642 75.3014
377700 75.5104 75.3015
377800 75.6119 75.3015
377900 76.3287 75.3018
378000 77.0404 75.3023
378100 76.8792 75.3027
378200 76.5392 75.303
378300 76.0754 75.3032
378400 76.0124 75.3034
378500 76.2875 75.3037
378600 76.2646 75.3039
378700 76.1396 75.3041
378800 76.4605 75.3045
378900 76.9326 75.3049
379000 76.29 75.3051
379100 76.0416 75.3053
379200 75.5127 75.3054
379300 75.1054 75.3053
379400 75.2701 75.3053
379500 75.3326 75.3053
379600 75.3835 75.3054
379700 74.9667 75.3053
379800 75.0991 75.3052
379900 75.5013 75.3053
380000 75.2446 75.3053
380100 75.1595 75.3052
380200 74.8652 75.3051
380300 74.8437 75.305
380400 74.8568 75.3049
380500 74.4839 75.3046
380600 75.0049 75.3046
380700 75.0788 75.3045
380800 74.7267 75.3044
380900 74.7805 75.3042
381000 74.6627 75.304
381100 75.8388 75.3042
381200 75.3664 75.3042
381300 75.0818 75.3041
381400 75.5502 75.3042
381500 75.8589 75.3044
381600 76.0586 75.3046
381700 75.5551 75.3046
381800 75.3953 75.3046
381900 75.8566 75.3048
382000 75.6487 75.3049
382100 75.726 75.305
382200 76.1453 75.3052
382300 75.9373 75.3054
382400 75.8475 75.3055
382500 74.9843 75.3054
382600 75.4078 75.3055
382700 74.8797 75.3053
382800 75.0264 75.3053
382900 74.6044 75.3051
383000 75.4504 75.3051
383100 74.8247 75.305
383200 74.2983 75.3047
383300 74.9399 75.3046
383400 74.4903 75.3044
383500 74.8189 75.3043
383600 75.4406 75.3043
383700 75.126 75.3043
383800 75.2331 75.3043
383900 75.4454 75.3043
384000 74.46 75.3041
384100 75.4305 75.3041
384200 74.7009 75.304
384300 74.0088 75.3036
384400 74.0425 75.3033
384500 74.8122 75.3032
384600 74.712 75.303
384700 75.276 75.303
384800 75.7068 75.3031
384900 76.312 75.3034
385000 76.4129 75.3037
385100 76.032 75.3039
385200 75.4917 75.3039
385300 75.1065 75.3039
385400 75.2002 75.3038
385500 75.1098 75.3038
385600 75.8023 75.3039
385700 75.8638 75.3041
385800 76.5624 75.3044
385900 76.0678 75.3046
386000 75.8782 75.3047
386100 76.1033 75.3049
386200 76.7246 75.3053
386300 76.3144 75.3056
386400 76.4164 75.3058
386500 76.6895 75.3062
386600 75.9971 75.3064
386700 76.4246 75.3067
386800 76.9894 75.3071
386900 76.5079 75.3074
387000 76.0247 75.3076
387100 75.708 75.3077
387200 75.4728 75.3078
387300 75.5095 75.3078
387400 75.3755 75.3078
387500 75.4139 75.3078
387600 75.1254 75.3078
387700 75.4415 75.3078
387800 75.2187 75.3078
387900 75.0743 75.3078
388000 75.7519 75.3079
388100 75.5525 75.3079
388200 75.2823 75.3079
388300 75.2533 75.3079
388400 75.6066 75.308
388500 75.016 75.3079
388600 75.3209 75.3079
388700 75.0191 75.3078
388800 75.4064 75.3079
388900 75.2177 75.3078
389000 74.5896 75.3077
389100 74.923 75.3076
389200 75.0088 75.3075
389300 75.0552 75.3074
389400 75.4085 75.3074
389500 74.994 75.3074
389600 75.8002 75.3075
389700 76.0162 75.3077
389800 76.2161 75.3079
389900 75.7974 75.308
390000 75.1725 75.308
390100 74.8478 75.3079
390200 75.4032 75.3079
390300 75.5518 75.308
390400 75.7839 75.3081
390500 75.1178 75.308
390600 75.7021 75.3081
390700 75.6223 75.3082
390800 74.9261 75.3081
390900 75.4583 75.3082
391000 74.9198 75.3081
391100 75.5431 75.3081
391200 75.1164 75.3081
391300 75.0879 75.308
391400 74.9245 75.3079
391500 74.9879 75.3078
391600 75.7481 75.3079
391700 75.5035 75.308
391800 74.7458 75.3079
391900 74.2652 75.3076
392000 74.6356 75.3074
392100 74.0315 75.3071
392200 73.8547 75.3067
392300 74.1814 75.3064
392400 74.5123 75.3062
392500 74.9633 75.3061
392600 75.3271 75.3061
392700 74.9139 75.306
392800 74.9926 75.306
392900 75.2215 75.3059
393000 75.1465 75.3059
393100 74.6008 75.3057
393200 74.4324 75.3055
393300 75.1118 75.3055
393400 75.5952 75.3055
393500 75.25 75.3055
393600 74.9932 75.3054
393700 74.696 75.3053
393800 74.5222 75.3051
393900 74.8696 75.305
394000 74.4943 75.3048
394100 75.7024 75.3049
394200 75.5096 75.3049
394300 75.4345 75.305
394400 75.3441 75.305
394500 74.9557 75.3049
394600 74.5581 75.3047
394700 74.381 75.3045
394800 74.0259 75.3041
394900 74.6059 75.304
395000 75.3978 75.304
395100 74.6864 75.3038
395200 75.4975 75.3039
395300 75.4614 75.3039
395400 75.5085 75.304
395500 75.6308 75.304
395600 75.2117 75.304
395700 75.2945 75.304
395800 74.991 75.3039
395900 74.974 75.3039
396000 75.6315 75.3039
396100 75.183 75.3039
396200 74.8047 75.3038
396300 75.0803 75.3037
396400 75.575 75.3038
396500 75.4371 75.3038
396600 75.7983 75.3039
396700 75.3736 75.304
396800 75.4004 75.304
396900 75.6125 75.3041
397000 75.5159 75.3041
397100 75.4928 75.3042
397200 75.8445 75.3043
397300 75.1261 75.3043
397400 74.7448 75.3041
397500 75.2623 75.3041
397600 74.989 75.304
397700 75.1009 75.304
397800 74.9517 75.3039
397900 74.7112 75.3037
398000 74.8487 75.3036
398100 74.5209 75.3034
398200 73.7469 75.303
398300 74.585 75.3029
398400 74.6399 75.3027
398500 74.7642 75.3026
398600 74.9132 75.3025
398700 74.2548 75.3022
398800 74.2244 75.3019
398900 74.6045 75.3018
399000 74.7713 75.3016
399100 74.5658 75.3014
399200 74.6227 75.3013
399300 74.3936 75.301
399400 74.6411 75.3009
399500 74.8901 75.3008
399600 74.4415 75.3006
399700 74.4655 75.3003
399800 75.0785 75.3003
399900 75.515 75.3003
400000 75.5596 75.3004
