100 74.9538 74.9538
200 74.7422 74.848
300 74.8758 74.8573
400 74.5926 74.7911
500 74.0294 74.6388
600 73.8213 74.5025
700 75.2303 74.6065
800 74.8529 74.6373
900 74.3103 74.601
1000 73.9675 74.5376
1100 74.5478 74.5385
1200 73.8317 74.4796
1300 73.6004 74.412
1400 73.2095 74.3261
1500 72.6134 74.2119
1600 73.3791 74.1599
1700 73.6906 74.1323
1800 73.378 74.0904
1900 72.9716 74.0315
2000 72.6961 73.9647
2100 72.444 73.8923
2200 73.0731 73.8551
2300 73.6175 73.8447
2400 73.1849 73.8173
2500 73.0405 73.7862
2600 72.7847 73.7477
2700 72.877 73.7154
2800 73.4456 73.7058
2900 72.6874 73.6707
3000 73.1162 73.6522
3100 72.5237 73.6158
3200 72.4585 73.5796
3300 72.9476 73.5605
3400 73.7621 73.5664
3500 73.053 73.5517
3600 73.7348 73.5568
3700 73.5977 73.5579
3800 74.3417 73.5785
3900 73.68 73.5811
4000 74.2802 73.5986
4100 74.1642 73.6124
4200 74.6939 73.6382
4300 73.6259 73.6379
4400 73.4665 73.634
4500 73.8907 73.6397
4600 73.5212 73.6371
4700 73.3905 73.6319
4800 74.1184 73.642
4900 74.7668 73.6649
5000 74.8182 73.688
5100 75.1067 73.7158
5200 75.1298 73.743
5300 74.3407 73.7543
5400 74.3694 73.7657
5500 73.6845 73.7642
5600 74.2379 73.7727
5700 74.0615 73.7777
5800 74.9645 73.7982
5900 74.9152 73.8171
6000 75.5026 73.8452
6100 75.9233 73.8793
6200 75.9968 73.9134
6300 75.2918 73.9353
6400 74.3886 73.9424
6500 74.4503 73.9502
6600 74.3903 73.9569
6700 74.4078 73.9636
6800 74.0854 73.9654
6900 74.2346 73.9693
7000 73.8151 73.9671
7100 74.0306 73.968
7200 73.9909 73.9683
7300 73.8764 73.9671
7400 73.0476 73.9546
7500 74.0504 73.9559
7600 74.4069 73.9618
7700 74.7337 73.9719
7800 74.5188 73.9789
7900 74.0718 73.9801
8000 74.0175 73.9805
8100 74.0565 73.9815
8200 74.1797 73.9839
8300 73.4482 73.9774
8400 72.7844 73.9632
8500 72.8399 73.95
8600 73.4617 73.9443
8700 73.9279 73.9441
8800 73.3105 73.9369
8900 73.5021 73.9321
9000 72.6708 73.918
9100 73.0794 73.9088
9200 72.9288 73.8982
9300 72.5749 73.8839
9400 73.5943 73.8809
9500 73.8444 73.8805
9600 73.5294 73.8768
9700 73.3138 73.871
9800 73.8028 73.8703
9900 74.2953 73.8746
10000 73.2972 73.8688
10100 73.0914 73.8611
10200 72.7766 73.8505
10300 72.5252 73.8376
10400 73.0748 73.8303
10500 74.3883 73.8356
10600 74.3379 73.8404
10700 74.4603 73.8462
10800 74.6938 73.854
10900 74.7701 73.8624
11000 75.258 73.8751
11100 74.3898 73.8797
11200 73.7888 73.8789
11300 73.7706 73.878
11400 73.9625 73.8787
11500 74.3644 73.8829
11600 74.3485 73.8869
11700 73.9162 73.8872
11800 74.6381 73.8936
11900 74.3191 73.8971
12000 73.8875 73.8971
12100 73.6984 73.8954
12200 73.4965 73.8921
12300 74.2556 73.8951
12400 73.8239 73.8945
12500 73.9118 73.8947
12600 73.6673 73.8929
12700 73.5205 73.8899
12800 73.4749 73.8867
12900 73.5637 73.8842
13000 73.688 73.8827
13100 74.1952 73.8851
13200 73.7534 73.8841
13300 73.9587 73.8846
13400 72.8586 73.877
13500 73.1243 73.8714
13600 73.4602 73.8684
13700 72.9662 73.8618
13800 72.4309 73.8514
13900 72.4048 73.841
14000 72.6745 73.8327
14100 72.8515 73.8257
14200 73.0796 73.8205
14300 73.4451 73.8178
14400 73.3816 73.8148
14500 73.9182 73.8155
14600 74.1007 73.8175
14700 73.8189 73.8175
14800 74.1259 73.8196
14900 73.4523 73.8171
15000 73.0222 73.8118
15100 73.2943 73.8084
15200 73.2942 73.805
15300 73.599 73.8036
15400 73.2596 73.8001
15500 73.5283 73.7984
15600 72.8605 73.7923
15700 73.7198 73.7919
15800 72.6979 73.785
15900 73.5967 73.7838
16000 73.1035 73.7795
16100 73.3929 73.7771
16200 73.8232 73.7774
16300 73.3694 73.7749
16400 73.3567 73.7724
16500 73.5236 73.7708
16600 73.8801 73.7715
16700 75.0837 73.7794
16800 75.0423 73.7869
16900 75.6511 73.7979
17000 75.8406 73.8099
17100 75.6969 73.821
17200 76.2351 73.835
17300 76.3432 73.8495
17400 75.8868 73.8612
17500 75.8701 73.8727
17600 75.6827 73.883
17700 76.0901 73.8954
17800 75.9247 73.9068
17900 76.215 73.9197
18000 75.638 73.9293
18100 75.6543 73.9388
18200 76.2427 73.9515
18300 75.7617 73.9614
18400 75.7528 73.9711
18500 76.331 73.9839
18600 75.52 73.9921
18700 75.7543 74.0015
18800 76.0478 74.0124
18900 76.0758 74.0233
19000 76.7784 74.0378
19100 76.638 74.0514
19200 77.1301 74.0675
19300 77.3645 74.0846
19400 76.8143 74.0986
19500 76.3774 74.1103
19600 75.8959 74.1194
19700 76.3707 74.1309
19800 76.5008 74.1428
19900 75.5154 74.1497
20000 75.5858 74.1569
20100 74.3225 74.1577
20200 74.2229 74.1581
20300 75.0177 74.1623
20400 75.9034 74.1708
20500 76.0521 74.18
20600 76.0386 74.189
20700 75.7281 74.1965
20800 74.3739 74.1973
20900 75.2363 74.2023
21000 75.6046 74.209
21100 75.2044 74.2137
21200 75.6286 74.2204
21300 76.3381 74.2303
21400 75.805 74.2377
21500 75.4628 74.2434
21600 75.8425 74.2508
21700 76.8323 74.2627
21800 76.164 74.2714
21900 76.5144 74.2816
22000 76.1266 74.29
22100 76.0757 74.2981
22200 76.8113 74.3094
22300 76.8961 74.321
22400 76.6554 74.3314
22500 76.8537 74.3426
22600 76.8008 74.3535
22700 76.8044 74.3643
22800 76.7649 74.3748
22900 76.4712 74.384
23000 76.9478 74.3951
23100 77.0319 74.4066
23200 76.6916 74.4164
23300 76.7006 74.4262
23400 76.7061 74.4359
23500 75.7464 74.4415
23600 75.5737 74.4463
23700 75.1707 74.4494
23800 75.2701 74.4528
23900 75.3679 74.4567
24000 74.9136 74.4586
24100 76.718 74.4679
24200 76.7769 74.4775
24300 76.4303 74.4855
24400 76.5034 74.4938
24500 75.5324 74.498
24600 75.853 74.5035
24700 75.9744 74.5095
24800 75.5135 74.5135
24900 75.7047 74.5183
25000 76.0063 74.5243
25100 75.8921 74.5297
25200 76.5393 74.5377
25300 76.7306 74.5464
25400 76.3961 74.5536
25500 75.6268 74.5579
25600 76.0747 74.5638
25700 75.3365 74.5668
25800 75.2647 74.5695
25900 74.5954 74.5696
26000 75.1111 74.5717
26100 75.2541 74.5743
26200 76.8576 74.583
26300 76.9342 74.5919
26400 76.8931 74.6007
26500 77.33 74.611
26600 76.2318 74.617
26700 75.8823 74.6218
26800 76.4963 74.6288
26900 76.268 74.6349
27000 76.3259 74.6411
27100 76.8747 74.6494
27200 76.2483 74.6553
27300 77.2107 74.6646
27400 77.1476 74.6737
27500 77.036 74.6823
27600 77.6274 74.6929
27700 77.7834 74.7041
27800 78.3191 74.7171
27900 78.8574 74.7319
28000 78.4733 74.7453
28100 78.1575 74.7574
28200 78.1064 74.7693
28300 77.6355 74.7795
28400 77.8266 74.7902
28500 77.8873 74.801
28600 77.5529 74.8107
28700 76.3943 74.8162
28800 76.4613 74.8219
28900 77.0682 74.8297
29000 76.5997 74.8358
29100 77.3737 74.8445
29200 77.3058 74.8529
29300 76.9475 74.8601
29400 76.6798 74.8663
29500 76.8816 74.8731
29600 77.2581 74.8812
29700 77.1868 74.8889
29800 77.6076 74.898
29900 78.5079 74.9101
30000 78.2653 74.9213
30100 78.5349 74.9333
30200 78.5446 74.9453
30300 78.4128 74.9567
30400 78.2685 74.9676
30500 77.3604 74.9754
30600 78.4071 74.9867
30700 77.932 74.9963
30800 77.8961 75.0057
30900 78.3493 75.0165
31000 77.8553 75.0256
31100 77.2806 75.0329
31200 77.5878 75.0411
31300 77.1669 75.0479
31400 77.4286 75.0555
31500 77.7948 75.0642
31600 77.3669 75.0714
31700 76.6197 75.0763
31800 77.2609 75.0832
31900 77.2294 75.0899
32000 76.8906 75.0956
32100 77.3038 75.1024
32200 77.1291 75.1087
32300 76.3553 75.1126
32400 76.3782 75.1165
32500 76.2656 75.12
32600 76.843 75.1253
32700 76.7472 75.1303
32800 76.5335 75.1345
32900 76.129 75.1376
33000 76.658 75.1422
33100 76.1863 75.1453
33200 76.3335 75.1489
33300 76.508 75.153
33400 75.5309 75.1541
33500 75.6121 75.1555
33600 75.7848 75.1574
33700 75.539 75.1585
33800 76.6959 75.163
33900 76.1027 75.1658
34000 75.979 75.1682
34100 76.3383 75.1716
34200 75.4529 75.1725
34300 75.724 75.1741
34400 76.4905 75.1779
34500 75.8223 75.1798
34600 75.9612 75.182
34700 76.255 75.1851
34800 75.8669 75.1871
34900 75.5532 75.1881
35000 77.0122 75.1933
35100 77.1601 75.1989
35200 76.8917 75.2037
35300 76.3143 75.2069
35400 76.7133 75.2112
35500 76.6258 75.2151
35600 76.2113 75.2179
35700 76.0093 75.2202
35800 75.4326 75.2207
35900 75.6942 75.2221
36000 76.1914 75.2248
36100 76.2328 75.2275
36200 76.5931 75.2313
36300 76.5885 75.2351
36400 76.1798 75.2377
36500 75.893 75.2394
36600 75.9391 75.2414
36700 76.3261 75.2443
36800 76.8285 75.2486
36900 77.4521 75.2546
37000 76.6496 75.2584
37100 77.1844 75.2636
37200 77.3828 75.2693
37300 77.1062 75.2742
37400 77.1462 75.2792
37500 76.4262 75.2822
37600 76.7791 75.2862
37700 77.3178 75.2916
37800 77.255 75.2968
37900 76.3936 75.2997
38000 75.446 75.3001
38100 75.2511 75.3
38200 75.583 75.3007
38300 75.9032 75.3023
38400 75.8113 75.3036
38500 76.1511 75.3058
38600 76.457 75.3088
38700 76.8023 75.3126
38800 76.1527 75.3148
38900 75.9498 75.3164
39000 75.6682 75.3173
39100 76.0952 75.3193
39200 75.4058 75.3195
39300 75.0349 75.3188
39400 75.5669 75.3195
39500 76.2755 75.3219
39600 75.9842 75.3235
39700 76.1057 75.3255
39800 75.1132 75.325
39900 75.5442 75.3255
40000 75.6962 75.3265
40100 76.1336 75.3285
40200 75.9196 75.3299
40300 76.0192 75.3317
40400 76.2921 75.334
40500 76.2242 75.3362
40600 76.3815 75.3388
40700 76.4361 75.3415
40800 75.8295 75.3427
40900 75.8463 75.3439
41000 74.5588 75.342
41100 75.7892 75.3431
41200 76.0135 75.3447
41300 75.9742 75.3462
41400 75.9995 75.3478
41500 75.2142 75.3475
41600 75.3841 75.3476
41700 75.9665 75.3491
41800 75.2434 75.3488
41900 74.8738 75.3477
42000 74.7974 75.3464
42100 75.2276 75.3461
42200 74.8539 75.3449
42300 74.7513 75.3435
42400 74.7594 75.3422
42500 75.105 75.3416
42600 75.1797 75.3412
42700 75.4116 75.3414
42800 75.2063 75.3411
42900 75.0096 75.3403
43000 75.2584 75.3401
43100 75.4884 75.3404
43200 75.1053 75.3399
43300 75.2564 75.3397
43400 75.7228 75.3406
43500 75.7762 75.3416
43600 75.6069 75.3422
43700 76.1713 75.3441
43800 76.1872 75.346
43900 75.2001 75.3457
44000 75.177 75.3453
44100 75.4135 75.3455
44200 75.6072 75.3461
44300 75.7839 75.347
44400 75.5147 75.3474
44500 75.6907 75.3482
44600 76.1823 75.3501
44700 76.37 75.3523
44800 76.1939 75.3542
44900 76.1587 75.356
45000 76.0872 75.3576
45100 76.4725 75.3601
45200 76.1991 75.362
45300 75.8402 75.363
45400 75.4822 75.3633
45500 75.0746 75.3626
45600 74.423 75.3606
45700 74.2932 75.3583
45800 74.2024 75.3557
45900 74.2982 75.3534
46000 74.3698 75.3513
46100 74.6458 75.3498
46200 75.4235 75.3499
46300 75.1348 75.3495
46400 75.6484 75.3501
46500 75.1296 75.3496
46600 75.3704 75.3497
46700 74.9667 75.3488
46800 74.4694 75.347
46900 76.0094 75.3484
47000 75.8324 75.3494
47100 76.2377 75.3513
47200 76.6062 75.354
47300 75.9705 75.3553
47400 76.2675 75.3572
47500 76.7545 75.3601
47600 75.8792 75.3612
47700 75.5411 75.3616
47800 75.1868 75.3612
47900 74.8391 75.3601
48000 75.1494 75.3597
48100 74.939 75.3588
48200 75.6973 75.3595
48300 75.678 75.3602
48400 75.3746 75.3602
48500 75.2546 75.36
48600 75.4688 75.3602
48700 75.608 75.3607
48800 75.2889 75.3606
48900 75.128 75.3601
49000 75.3917 75.3602
49100 74.6182 75.3587
49200 74.7756 75.3575
49300 75.4153 75.3576
49400 75.8707 75.3586
49500 76.1732 75.3603
49600 75.3788 75.3603
49700 74.7802 75.3591
49800 75.0984 75.3586
49900 75.755 75.3594
50000 75.876 75.3604
50100 76.1543 75.362
50200 76.4991 75.3643
50300 76.1802 75.3659
50400 75.63 75.3664
50500 75.7098 75.3671
50600 75.5746 75.3675
50700 76.1574 75.3691
50800 75.572 75.3695
50900 75.9427 75.3706
51000 76.3586 75.3726
51100 76.4612 75.3747
51200 76.4571 75.3768
51300 75.7919 75.3776
51400 75.0764 75.377
51500 75.7839 75.3778
51600 75.5057 75.3781
51700 75.5311 75.3784
51800 75.6212 75.3788
51900 75.5609 75.3792
52000 75.8022 75.38
52100 75.097 75.3794
52200 75.4436 75.3796
52300 75.9642 75.3807
52400 76.1106 75.3821
52500 76.4219 75.3841
52600 76.2476 75.3857
52700 77.0189 75.3888
52800 76.8441 75.3916
52900 76.437 75.3935
53000 76.2008 75.3951
53100 76.3246 75.3968
53200 76.6405 75.3991
53300 76.7085 75.4016
53400 76.219 75.4031
53500 76.6783 75.4055
53600 76.8535 75.4082
53700 76.7635 75.4107
53800 76.0227 75.4119
53900 75.66 75.4123
54000 76.2083 75.4138
54100 76.5806 75.416
54200 76.9838 75.4189
54300 76.3727 75.4206
54400 76.0648 75.4218
54500 75.7591 75.4224
54600 75.4133 75.4224
54700 75.7872 75.4231
54800 75.3015 75.4229
54900 76.343 75.4245
55000 76.4915 75.4265
55100 76.5486 75.4285
55200 76.0013 75.4295
55300 75.8347 75.4303
55400 75.5692 75.4305
55500 75.6251 75.4309
55600 75.5927 75.4312
55700 75.9132 75.432
55800 75.3966 75.432
55900 76.3389 75.4336
56000 76.9026 75.4362
56100 76.2602 75.4377
56200 76.3524 75.4393
56300 76.5074 75.4412
56400 76.3665 75.4428
56500 75.8081 75.4435
56600 75.7647 75.4441
56700 76.165 75.4453
56800 76.5351 75.4473
56900 77.1193 75.4502
57000 76.6525 75.4523
57100 76.8082 75.4547
57200 77.1238 75.4576
57300 76.69 75.4597
57400 76.2385 75.4611
57500 75.9052 75.4619
57600 75.6325 75.4622
57700 76.5493 75.4641
57800 76.3354 75.4656
57900 76.1465 75.4667
58000 76.2816 75.4681
58100 76.1305 75.4693
58200 75.8608 75.47
58300 76.2787 75.4713
58400 76.5836 75.4732
58500 77.1331 75.4761
58600 77.1241 75.4789
58700 76.7943 75.4811
58800 76.9614 75.4837
58900 76.6771 75.4857
59000 76.5965 75.4876
59100 76.0873 75.4886
59200 76.3726 75.4901
59300 76.2492 75.4914
59400 75.8697 75.492
59500 75.5231 75.492
59600 76.0376 75.493
59700 76.6195 75.4948
59800 76.103 75.4959
59900 77.1123 75.4986
60000 76.9927 75.501
60100 77.4922 75.5044
60200 77.7807 75.5081
60300 78.0264 75.5123
60400 77.565 75.5157
60500 76.935 75.5181
60600 76.9851 75.5205
60700 76.1895 75.5216
60800 76.1042 75.5225
60900 76.8228 75.5247
61000 77.1065 75.5273
61100 77.2672 75.5301
61200 76.9811 75.5325
61300 76.5768 75.5342
61400 77.1432 75.5368
61500 76.1771 75.5379
61600 76.26 75.539
61700 75.5402 75.539
61800 75.4473 75.5389
61900 75.7892 75.5393
62000 76.08 75.5402
62100 75.7167 75.5404
62200 76.1537 75.5414
62300 76.7442 75.5434
62400 76.6483 75.5451
62500 76.387 75.5465
62600 75.8694 75.547
62700 76.1309 75.5479
62800 76.2962 75.5491
62900 75.9834 75.5498
63000 75.5237 75.5498
63100 76.2603 75.5509
63200 76.2276 75.552
63300 75.5877 75.552
63400 76.2654 75.5531
63500 75.5125 75.5531
63600 75.0897 75.5524
63700 75.4756 75.5522
63800 75.4231 75.552
63900 74.9009 75.551
64000 75.2538 75.5505
64100 75.5033 75.5505
64200 75.8453 75.5509
64300 75.6737 75.5511
64400 75.5625 75.5511
64500 75.5286 75.5511
64600 75.8996 75.5516
64700 75.6941 75.5519
64800 75.9867 75.5525
64900 75.7043 75.5528
65000 75.8437 75.5532
65100 75.47 75.5531
65200 75.4538 75.5529
65300 75.4882 75.5528
65400 75.4171 75.5526
65500 75.593 75.5527
65600 75.1755 75.5521
65700 75.1195 75.5515
65800 75.3446 75.5511
65900 74.8224 75.55
66000 75.0514 75.5493
66100 74.5551 75.5478
66200 74.9201 75.5468
66300 75.3793 75.5466
66400 75.4432 75.5464
66500 76.0462 75.5472
66600 76.1325 75.5481
66700 75.3729 75.5478
66800 75.5513 75.5478
66900 76.162 75.5487
67000 76.3137 75.5499
67100 75.8249 75.5503
67200 76.0608 75.551
67300 75.9767 75.5517
67400 75.7579 75.552
67500 75.5648 75.552
67600 75.5366 75.552
67700 76.0316 75.5527
67800 75.9112 75.5532
67900 74.8592 75.5522
68000 74.9048 75.5512
68100 74.5204 75.5497
68200 75.4668 75.5496
68300 75.359 75.5493
68400 75.7281 75.5496
68500 74.9909 75.5488
68600 74.9407 75.5479
68700 74.9567 75.547
68800 75.3632 75.5467
68900 75.0665 75.546
69000 75.1203 75.5454
69100 75.0342 75.5447
69200 75.1188 75.5441
69300 75.2376 75.5436
69400 75.2138 75.5432
69500 75.3813 75.5429
69600 75.1802 75.5424
69700 74.9513 75.5415
69800 75.2265 75.5411
69900 75.3341 75.5408
70000 75.7753 75.5411
70100 75.2786 75.5408
70200 75.0594 75.5401
70300 75.4835 75.54
70400 75.3403 75.5397
70500 75.0415 75.539
70600 74.7804 75.5379
70700 75.2834 75.5376
70800 75.1647 75.537
70900 75.8312 75.5375
71000 75.835 75.5379
71100 76.6114 75.5394
71200 75.8883 75.5399
71300 76.5593 75.5413
71400 75.8432 75.5417
71500 75.6244 75.5418
71600 75.679 75.542
71700 76.0828 75.5428
71800 76.0413 75.5435
71900 76.3362 75.5446
72000 75.8458 75.545
72100 76.4448 75.5463
72200 76.806 75.548
72300 76.5557 75.5494
72400 75.732 75.5496
72500 75.929 75.5502
72600 76.3278 75.5512
72700 76.391 75.5524
72800 76.0852 75.5531
72900 76.0135 75.5538
73000 75.9291 75.5543
73100 76.0041 75.5549
73200 75.9642 75.5554
73300 76.2767 75.5564
73400 76.2617 75.5574
73500 76.4912 75.5587
73600 76.306 75.5597
73700 76.4344 75.5609
73800 76.4071 75.562
73900 76.6388 75.5635
74000 76.6706 75.565
74100 76.7894 75.5666
74200 76.6922 75.5681
74300 76.9346 75.57
74400 76.3215 75.571
74500 77.051 75.573
74600 76.2469 75.5739
74700 75.9618 75.5744
74800 76.3417 75.5754
74900 75.9732 75.576
75000 75.5156 75.5759
75100 75.3817 75.5756
75200 75.1885 75.5751
75300 75.2784 75.5747
75400 75.308 75.5743
75500 75.6632 75.5745
75600 75.8703 75.5749
75700 75.948 75.5754
75800 76.4532 75.5765
75900 76.7644 75.5781
76000 76.6891 75.5795
76100 76.448 75.5807
76200 76.4441 75.5818
76300 76.4815 75.583
76400 76.4474 75.5841
76500 76.2416 75.585
76600 76.389 75.586
76700 76.041 75.5866
76800 75.8047 75.5869
76900 75.3726 75.5866
77000 75.8272 75.5869
77100 75.1687 75.5864
77200 75.9657 75.5869
77300 75.5786 75.5869
77400 75.5927 75.5869
77500 75.3921 75.5866
77600 75.3482 75.5863
77700 75.9031 75.5867
77800 75.8272 75.587
77900 76.5015 75.5882
78000 77.0518 75.5901
78100 77.472 75.5925
78200 76.128 75.5932
78300 76.1226 75.5939
78400 75.2542 75.5934
78500 74.8946 75.5925
78600 75.0788 75.5919
78700 75.5029 75.5918
78800 75.4526 75.5916
78900 75.0166 75.5909
79000 75.3891 75.5906
79100 75.9084 75.591
79200 75.267 75.5906
79300 74.4034 75.5891
79400 74.4007 75.5876
79500 74.4124 75.5861
79600 74.6982 75.585
79700 74.8623 75.5841
79800 75.0819 75.5835
79900 74.8139 75.5825
80000 75.4606 75.5824
80100 74.8092 75.5814
80200 74.8069 75.5804
80300 75.4342 75.5803
80400 75.4271 75.5801
80500 75.7679 75.5803
80600 75.6441 75.5804
80700 75.2087 75.5799
80800 75.1549 75.5794
80900 75.2382 75.579
81000 75.2005 75.5785
81100 75.2255 75.5781
81200 75.5881 75.5781
81300 74.7845 75.5771
81400 74.8577 75.5762
81500 74.9065 75.5754
81600 75.0822 75.5748
81700 74.7313 75.5738
81800 75.1097 75.5732
81900 75.4989 75.5731
82000 76.1836 75.5738
82100 76.3026 75.5747
82200 75.8225 75.575
82300 75.8178 75.5753
82400 75.1745 75.5748
82500 75.028 75.5742
82600 75.0009 75.5735
82700 74.9559 75.5727
82800 75.3721 75.5725
82900 75.2327 75.5721
83000 75.1436 75.5716
83100 75.1731 75.5711
83200 74.9578 75.5704
83300 75.6261 75.5704
83400 75.2896 75.5701
83500 75.8325 75.5704
83600 76.0696 75.571
83700 75.7201 75.5712
83800 75.4692 75.5711
83900 75.3789 75.5708
84000 75.5555 75.5708
84100 75.3238 75.5705
84200 75.8677 75.5709
84300 75.4534 75.5707
84400 75.7658 75.571
84500 75.8311 75.5713
84600 76.1744 75.572
84700 75.5468 75.5719
84800 75.4247 75.5718
84900 76.4122 75.5728
85000 76.6677 75.5741
85100 75.8761 75.5744
85200 75.5755 75.5744
85300 75.6747 75.5745
85400 75.4514 75.5744
85500 75.8566 75.5747
85600 76.0729 75.5753
85700 75.6999 75.5754
85800 75.8686 75.5758
85900 75.4539 75.5756
86000 75.1585 75.5752
86100 76.1559 75.5758
86200 76.0836 75.5764
86300 76.3261 75.5773
86400 76.4932 75.5783
86500 75.9344 75.5788
86600 76.2092 75.5795
86700 75.8583 75.5798
86800 76.9574 75.5814
86900 76.199 75.5821
87000 76.0989 75.5827
87100 76.2214 75.5834
87200 76.094 75.584
87300 75.819 75.5843
87400 76.3844 75.5852
87500 76.3124 75.586
87600 75.9606 75.5865
87700 75.3337 75.5862
87800 75.1585 75.5857
87900 75.0395 75.5851
88000 75.9419 75.5855
88100 76.0208 75.586
88200 76.1985 75.5867
88300 75.6936 75.5868
88400 75.8394 75.5871
88500 75.9786 75.5875
88600 76.6139 75.5887
88700 77.0898 75.5904
88800 76.5915 75.5915
88900 76.1653 75.5921
89000 75.9989 75.5926
89100 75.5787 75.5926
89200 75.8097 75.5928
89300 75.6402 75.5929
89400 75.5547 75.5928
89500 75.5133 75.5927
89600 75.117 75.5922
89700 75.4682 75.5921
89800 75.8815 75.5924
89900 75.6095 75.5924
90000 75.7837 75.5926
90100 75.3581 75.5924
90200 75.8675 75.5927
90300 76.6541 75.5938
90400 76.2959 75.5946
90500 76.3362 75.5954
90600 76.8308 75.5968
90700 75.4853 75.5967
90800 76.1278 75.5973
90900 76.4247 75.5982
91000 76.3916 75.599
91100 75.2675 75.5987
91200 76.0804 75.5992
91300 76.2065 75.5999
91400 76.1367 75.6005
91500 75.3746 75.6002
91600 75.5167 75.6001
91700 75.8397 75.6004
91800 76.4144 75.6013
91900 76.6622 75.6024
92000 75.6912 75.6025
92100 75.4562 75.6024
92200 75.9614 75.6028
92300 75.7885 75.603
92400 75.9355 75.6033
92500 75.8619 75.6036
92600 75.5799 75.6036
92700 76.4417 75.6045
92800 76.5623 75.6055
92900 76.6324 75.6066
93000 76.2686 75.6073
93100 76.0718 75.6078
93200 75.7181 75.6079
93300 75.6342 75.608
93400 75.4845 75.6078
93500 75.4007 75.6076
93600 74.953 75.6069
93700 75.9509 75.6073
93800 75.2804 75.6069
93900 75.1541 75.6065
94000 74.6842 75.6055
94100 74.8322 75.6046
94200 74.5888 75.6036
94300 74.4511 75.6023
94400 74.8034 75.6015
94500 75.5433 75.6014
94600 75.7938 75.6016
94700 76.0261 75.6021
94800 76.668 75.6032
94900 76.6073 75.6043
95000 76.1959 75.6049
95100 76.3352 75.6057
95200 75.0976 75.6051
95300 75.5651 75.6051
95400 75.8093 75.6053
95500 76.4496 75.6062
95600 77.1832 75.6078
95700 77.3525 75.6097
95800 77.2046 75.6113
95900 77.3547 75.6131
96000 76.4002 75.614
96100 76.4774 75.6149
96200 76.4266 75.6157
96300 76.6443 75.6168
96400 76.4918 75.6177
96500 76.0128 75.6181
96600 76.4151 75.6189
96700 76.5115 75.6198
96800 75.4776 75.6197
96900 75.8662 75.6199
97000 76.2953 75.6206
97100 76.2087 75.6212
97200 76.7546 75.6224
97300 76.5985 75.6234
97400 76.6339 75.6245
97500 76.8182 75.6257
97600 77.145 75.6272
97700 76.7029 75.6283
97800 77.1345 75.6299
97900 76.6736 75.6309
98000 76.3906 75.6317
98100 76.3238 75.6324
98200 76.4252 75.6332
98300 76.6753 75.6343
98400 77.1096 75.6358
98500 77.5012 75.6377
98600 77.1359 75.6392
98700 77.1829 75.6408
98800 76.9264 75.6421
98900 76.8633 75.6433
99000 76.5994 75.6443
99100 76.2064 75.6448
99200 76.3161 75.6455
99300 76.4247 75.6463
99400 75.7748 75.6464
99500 75.3211 75.6461
99600 75.7451 75.6462
99700 76.3152 75.6469
99800 76.4338 75.6477
99900 76.0384 75.6481
100000 76.2535 75.6487
100100 76.2898 75.6493
100200 75.2235 75.6489
100300 75.9126 75.6491
100400 75.6506 75.6491
100500 75.5626 75.649
100600 75.5672 75.649
100700 75.1814 75.6485
100800 75.9087 75.6488
100900 76.2848 75.6494
101000 76.4008 75.6501
101100 75.6842 75.6502
101200 76.0687 75.6506
101300 76.6116 75.6515
101400 76.4511 75.6523
101500 76.4045 75.6531
101600 76.1007 75.6535
101700 75.6776 75.6535
101800 75.6672 75.6535
101900 76.5344 75.6544
102000 75.4414 75.6542
102100 75.8317 75.6544
102200 75.7058 75.6544
102300 75.7514 75.6545
102400 75.7582 75.6546
102500 75.8066 75.6548
102600 75.5451 75.6547
102700 76.5949 75.6556
102800 76.5904 75.6565
102900 76.8531 75.6576
103000 76.791 75.6587
103100 75.8583 75.6589
103200 75.052 75.6584
103300 75.5936 75.6583
103400 75.6489 75.6583
103500 75.9194 75.6585
103600 75.656 75.6585
103700 75.8107 75.6587
103800 75.0204 75.6581
103900 75.3208 75.6577
104000 75.7216 75.6578
104100 75.7804 75.6579
104200 76.0607 75.6583
104300 75.6012 75.6582
104400 75.2582 75.6579
104500 75.6383 75.6578
104600 76.4459 75.6586
104700 76.1052 75.659
104800 75.8621 75.6592
104900 76.0383 75.6596
105000 76.2745 75.6602
105100 75.8313 75.6603
105200 75.9314 75.6606
105300 75.6636 75.6606
105400 75.0784 75.66
105500 75.2229 75.6596
105600 75.0402 75.659
105700 75.5916 75.659
105800 75.854 75.6592
105900 75.7148 75.6592
106000 75.4858 75.659
106100 75.5703 75.659
106200 75.3225 75.6586
106300 74.4647 75.6575
106400 75.0425 75.6569
106500 75.0778 75.6564
106600 75.2083 75.656
106700 75.5167 75.6558
106800 75.8168 75.656
106900 75.6547 75.656
107000 76.3883 75.6567
107100 76.7361 75.6577
107200 76.1501 75.6581
107300 76.2685 75.6587
107400 76.4076 75.6594
107500 76.2607 75.66
107600 76.4135 75.6607
107700 76.7635 75.6617
107800 75.9137 75.6619
107900 75.7229 75.662
108000 76.2985 75.6626
108100 76.384 75.6632
108200 75.5422 75.6631
108300 75.1955 75.6627
108400 74.9303 75.662
108500 75.2609 75.6617
108600 75.4573 75.6615
108700 74.7693 75.6606
108800 74.8636 75.6599
108900 75.1334 75.6594
109000 75.1185 75.6589
109100 74.9787 75.6583
109200 75.7302 75.6584
109300 75.4461 75.6582
109400 74.7885 75.6574
109500 75.5624 75.6573
109600 75.8163 75.6574
109700 75.5349 75.6573
109800 74.7291 75.6565
109900 74.7451 75.6557
110000 74.8962 75.655
110100 75.3998 75.6547
110200 75.48 75.6546
110300 75.4266 75.6544
110400 75.0901 75.6539
110500 75.0998 75.6534
110600 75.7331 75.6534
110700 75.3226 75.6531
110800 75.3253 75.6528
110900 75.1581 75.6524
111000 74.9836 75.6518
111100 74.9893 75.6512
111200 74.6753 75.6503
111300 75.2138 75.6499
111400 75.784 75.65
111500 76.1961 75.6505
111600 75.9999 75.6508
111700 76.6192 75.6517
111800 75.7046 75.6518
111900 75.5619 75.6517
112000 75.4035 75.6515
112100 74.9603 75.6508
112200 75.3606 75.6506
112300 75.2383 75.6502
112400 75.2947 75.6499
112500 74.5759 75.6489
112600 75.5304 75.6488
112700 75.2043 75.6484
112800 76.3463 75.6491
112900 76.0335 75.6494
113000 75.8948 75.6496
113100 75.7362 75.6497
113200 75.2598 75.6494
113300 75.5264 75.6492
113400 75.6531 75.6492
113500 75.1351 75.6488
113600 75.2822 75.6485
113700 75.4207 75.6483
113800 75.5097 75.6482
113900 75.3305 75.6479
114000 75.1057 75.6474
114100 74.6452 75.6465
114200 75.1046 75.646
114300 75.3675 75.6458
114400 75.4905 75.6457
114500 75.5025 75.6455
114600 75.6905 75.6456
114700 75.6706 75.6456
114800 75.3479 75.6453
114900 75.6153 75.6453
115000 75.8121 75.6455
115100 75.7897 75.6456
115200 75.898 75.6458
115300 75.636 75.6458
115400 76.1517 75.6462
115500 76.8171 75.6472
115600 76.3402 75.6478
115700 76.1104 75.6482
115800 76.1761 75.6487
115900 75.5023 75.6486
116000 76.1402 75.649
116100 75.4316 75.6488
116200 75.2689 75.6485
116300 75.4805 75.6483
116400 75.4756 75.6482
116500 75.8849 75.6484
116600 76.2124 75.6489
116700 75.6492 75.6489
116800 75.3218 75.6486
116900 75.4243 75.6484
117000 75.4119 75.6482
117100 75.3961 75.648
117200 75.7061 75.648
117300 75.4653 75.6479
117400 75.1525 75.6475
117500 75.5871 75.6474
117600 74.7644 75.6467
117700 75.4493 75.6465
117800 75.413 75.6463
117900 75.956 75.6466
118000 75.698 75.6466
118100 75.6826 75.6466
118200 75.2629 75.6463
118300 75.4421 75.6461
118400 74.848 75.6455
118500 74.3742 75.6444
118600 75.0515 75.6439
118700 74.6249 75.643
118800 74.4634 75.642
118900 74.3528 75.641
119000 74.2545 75.6398
119100 74.8749 75.6391
119200 74.9801 75.6386
119300 74.4828 75.6376
119400 75.2345 75.6373
119500 75.2678 75.637
119600 75.3977 75.6368
119700 75.1207 75.6363
119800 74.6184 75.6355
119900 74.2087 75.6343
120000 74.7168 75.6335
120100 74.8204 75.6329
120200 74.3238 75.6318
120300 75.2116 75.6314
120400 75.4343 75.6313
120500 75.3856 75.6311
120600 75.5034 75.631
120700 76.2558 75.6315
120800 76.3655 75.6321
120900 76.6862 75.6329
121000 76.5801 75.6337
121100 76.2537 75.6342
121200 76.3746 75.6349
121300 75.9204 75.6351
121400 76.0345 75.6354
121500 76.1195 75.6358
121600 76.1123 75.6362
121700 76.1969 75.6367
121800 75.861 75.6369
121900 75.3899 75.6367
122000 75.362 75.6364
122100 75.4923 75.6363
122200 75.5854 75.6363
122300 75.8748 75.6365
122400 75.4871 75.6363
122500 75.8231 75.6365
122600 75.4341 75.6363
122700 75.394 75.6361
122800 75.5213 75.636
122900 75.4149 75.6359
123000 75.6003 75.6358
123100 75.4529 75.6357
123200 75.7668 75.6358
123300 75.8129 75.6359
123400 75.6931 75.636
123500 76.0271 75.6363
123600 75.2207 75.636
123700 76.0294 75.6363
123800 75.5961 75.6362
123900 75.6464 75.6363
124000 75.4891 75.6361
124100 75.0766 75.6357
124200 75.2842 75.6354
124300 74.903 75.6348
124400 75.1034 75.6344
124500 74.9832 75.6339
124600 75.9108 75.6341
124700 74.8422 75.6334
124800 75.4051 75.6333
124900 75.9247 75.6335
125000 75.9013 75.6337
125100 76.0298 75.634
125200 75.9809 75.6343
125300 75.5128 75.6342
125400 75.5036 75.6341
125500 75.2496 75.6338
125600 75.5371 75.6337
125700 75.3267 75.6335
125800 74.467 75.6325
125900 74.4678 75.6316
126000 74.8966 75.631
126100 74.4932 75.6301
126200 74.6977 75.6294
126300 75.3814 75.6292
126400 75.245 75.6289
126500 75.4879 75.6288
126600 75.6971 75.6288
126700 75.1541 75.6285
126800 75.3912 75.6283
126900 75.0999 75.6279
127000 75.3842 75.6277
127100 76.1903 75.6281
127200 76.0033 75.6284
127300 75.5423 75.6283
127400 76.0802 75.6287
127500 76.6881 75.6295
127600 76.1334 75.6299
127700 75.8039 75.6301
127800 76.0641 75.6304
127900 76.0088 75.6307
128000 76.0927 75.6311
128100 76.1676 75.6315
128200 76.5673 75.6322
128300 76.586 75.6329
128400 76.201 75.6334
128500 76.4456 75.634
128600 76.4465 75.6347
128700 76.2619 75.6351
128800 76.0706 75.6355
128900 75.7067 75.6355
129000 75.8138 75.6357
129100 75.5885 75.6356
129200 75.1999 75.6353
129300 75.8251 75.6354
129400 76.7509 75.6363
129500 76.566 75.637
129600 76.1364 75.6374
129700 75.2367 75.6371
129800 75.0674 75.6367
129900 75.2719 75.6364
130000 75.1407 75.636
130100 75.1259 75.6356
130200 74.9137 75.6351
130300 74.5818 75.6342
130400 74.3363 75.6332
130500 74.5683 75.6324
130600 75.0674 75.632
130700 75.2743 75.6317
130800 75.4927 75.6316
130900 75.1948 75.6313
131000 74.6633 75.6305
131100 74.4931 75.6297
131200 74.2191 75.6286
131300 73.9136 75.6273
131400 74.0977 75.6261
131500 74.1715 75.625
131600 74.6167 75.6243
131700 74.7984 75.6236
131800 74.1616 75.6225
131900 73.8541 75.6212
132000 73.8576 75.6198
132100 73.8643 75.6185
132200 74.1806 75.6174
132300 74.0622 75.6163
132400 74.6619 75.6155
132500 74.6003 75.6148
132600 74.5065 75.6139
132700 74.5912 75.6132
132800 74.7039 75.6125
132900 74.4504 75.6116
133000 73.3253 75.6099
133100 73.9188 75.6086
133200 73.791 75.6072
133300 73.7023 75.6058
133400 74.1295 75.6047
133500 74.3398 75.6038
133600 73.8891 75.6025
133700 73.9078 75.6012
133800 73.8504 75.5999
133900 73.5444 75.5984
134000 74.1459 75.5973
134100 73.6679 75.5958
134200 73.9785 75.5946
134300 74.1698 75.5936
134400 74.1324 75.5925
134500 74.4253 75.5916
134600 74.489 75.5908
134700 74.4228 75.5899
134800 75.055 75.5895
134900 75.0882 75.5892
135000 75.2025 75.5889
135100 75.2263 75.5886
135200 75.1435 75.5883
135300 75.8442 75.5885
135400 75.6083 75.5885
135500 75.6594 75.5885
135600 74.9978 75.5881
135700 74.7744 75.5875
135800 75.3263 75.5873
135900 74.7388 75.5867
136000 74.9076 75.5862
136100 74.8025 75.5856
136200 75.5671 75.5856
136300 75.4885 75.5855
136400 75.1121 75.5852
136500 74.9461 75.5847
136600 75.5471 75.5847
136700 75.7459 75.5848
136800 75.3849 75.5847
136900 76.0675 75.585
137000 75.7411 75.5851
137100 75.3331 75.5849
137200 74.9634 75.5845
137300 75.3586 75.5843
137400 75.9318 75.5846
137500 76.2268 75.585
137600 75.8027 75.5852
137700 75.5374 75.5852
137800 76.1379 75.5856
137900 76.7606 75.5864
138000 76.8918 75.5874
138100 75.7015 75.5875
138200 75.6579 75.5875
138300 76.1363 75.5879
138400 75.4455 75.5878
138500 76.2542 75.5883
138600 76.5902 75.589
138700 75.8917 75.5892
138800 75.5609 75.5892
138900 75.6652 75.5893
139000 75.9337 75.5895
139100 75.8641 75.5897
139200 75.4922 75.5896
139300 76.0144 75.5899
139400 76.0817 75.5903
139500 75.8709 75.5905
139600 76.0778 75.5908
139700 76.0912 75.5912
139800 76.3735 75.5918
139900 75.951 75.592
140000 76.6685 75.5928
140100 76.8566 75.5937
140200 76.5757 75.5944
140300 76.3025 75.5949
140400 76.4969 75.5955
140500 76.6757 75.5963
140600 76.9882 75.5973
140700 76.0105 75.5976
140800 75.821 75.5977
140900 75.2504 75.5975
141000 75.7728 75.5976
141100 74.7834 75.597
141200 74.7081 75.5964
141300 74.6332 75.5957
141400 74.6756 75.5951
141500 74.425 75.5943
141600 74.5061 75.5935
141700 73.9611 75.5923
141800 74.0711 75.5913
141900 74.2758 75.5903
142000 74.7967 75.5898
142100 74.8716 75.5893
142200 75.02 75.5889
142300 75.0004 75.5885
142400 74.629 75.5878
142500 75.5745 75.5878
142600 75.9079 75.588
142700 75.893 75.5882
142800 75.71 75.5883
142900 75.1648 75.588
143000 75.3714 75.5878
143100 75.2338 75.5876
143200 75.1 75.5873
143300 74.9621 75.5868
143400 75.2494 75.5866
143500 74.9435 75.5861
143600 75.3431 75.586
143700 74.9541 75.5855
143800 75.0465 75.5852
143900 75.4027 75.585
144000 75.286 75.5848
144100 76.1152 75.5852
144200 75.9527 75.5854
144300 75.9714 75.5857
144400 75.401 75.5856
144500 76.1509 75.586
144600 75.4186 75.5859
144700 74.8814 75.5854
144800 75.5081 75.5853
144900 75.0635 75.585
145000 75.0469 75.5846
145100 76.2645 75.5851
145200 76.059 75.5854
145300 76.0069 75.5857
145400 75.4069 75.5856
145500 75.2759 75.5853
145600 74.5707 75.5846
145700 74.7334 75.5841
145800 74.9085 75.5836
145900 75.013 75.5832
146000 75.0555 75.5828
146100 75.9682 75.5831
146200 75.8413 75.5833
146300 75.3085 75.5831
146400 74.2944 75.5822
146500 74.2444 75.5813
146600 74.6559 75.5807
146700 74.8177 75.5801
146800 74.8951 75.5797
146900 74.4056 75.5789
147000 74.1638 75.5779
147100 73.891 75.5768
147200 74.0752 75.5758
147300 73.9201 75.5746
147400 73.8437 75.5735
147500 74.244 75.5726
147600 74.4067 75.5718
147700 74.4067 75.571
147800 74.691 75.5704
147900 74.8168 75.5699
148000 74.5553 75.5692
148100 74.6157 75.5685
148200 74.715 75.568
148300 74.7978 75.5674
148400 74.922 75.567
148500 74.71 75.5664
148600 74.8741 75.566
148700 74.3924 75.5652
148800 74.2765 75.5643
148900 74.0436 75.5633
149000 74.505 75.5626
149100 73.8288 75.5614
149200 74.3439 75.5606
149300 74.7055 75.56
149400 74.4631 75.5593
149500 74.6996 75.5587
149600 74.0556 75.5577
149700 74.6084 75.5571
149800 74.2544 75.5562
149900 74.2198 75.5553
150000 74.5671 75.5547
150100 74.3967 75.5539
150200 74.6691 75.5533
150300 74.7513 75.5528
150400 74.8865 75.5523
150500 74.7271 75.5518
150600 74.8054 75.5513
150700 74.6175 75.5507
150800 74.9601 75.5503
150900 74.9862 75.5499
151000 75.0784 75.5496
151100 75.245 75.5494
151200 74.8918 75.5489
151300 74.8112 75.5485
151400 75.1978 75.5482
151500 74.8014 75.5477
151600 75.2606 75.5475
151700 75.7995 75.5477
151800 75.6553 75.5478
151900 75.839 75.548
152000 75.7922 75.5481
152100 75.7747 75.5483
152200 76.0599 75.5486
152300 75.8096 75.5488
152400 75.986 75.5491
152500 76.4533 75.5497
152600 76.1389 75.5501
152700 76.0088 75.5504
152800 76.2249 75.5508
152900 76.1364 75.5512
153000 75.6123 75.5512
153100 75.5549 75.5512
153200 75.4323 75.5511
153300 75.6361 75.5512
153400 75.7442 75.5513
153500 76.0948 75.5517
153600 76.8962 75.5526
153700 76.5992 75.5532
153800 76.5785 75.5539
153900 75.7787 75.5541
154000 75.996 75.5543
154100 75.9667 75.5546
154200 76.3828 75.5551
154300 75.9551 75.5554
154400 75.4749 75.5553
154500 75.9414 75.5556
154600 76.2353 75.556
154700 76.1672 75.5564
154800 75.8986 75.5567
154900 76.1801 75.5571
155000 75.8387 75.5572
155100 75.6914 75.5573
155200 75.8058 75.5575
155300 75.7106 75.5576
155400 75.3681 75.5575
155500 76.0744 75.5578
155600 76.136 75.5582
155700 76.4515 75.5587
155800 76.4514 75.5593
155900 76.2857 75.5598
156000 76.9528 75.5607
156100 76.7927 75.5615
156200 76.5468 75.5621
156300 75.8241 75.5623
156400 75.6447 75.5623
156500 74.976 75.5619
156600 75.1003 75.5616
156700 74.9718 75.5613
156800 75.2805 75.5611
156900 75.4328 75.561
157000 75.3798 75.5609
157100 75.1514 75.5606
157200 75.7752 75.5608
157300 76.1701 75.5612
157400 75.9366 75.5614
157500 74.8077 75.5609
157600 75.6688 75.561
157700 76.0159 75.5613
157800 76.0223 75.5616
157900 75.9544 75.5618
158000 76.0876 75.5621
158100 74.7041 75.5616
158200 74.6756 75.561
158300 74.3242 75.5603
158400 74.3973 75.5595
158500 74.4926 75.5589
158600 75.3795 75.5587
158700 75.4572 75.5587
158800 75.1852 75.5584
158900 75.1934 75.5582
159000 75.4777 75.5582
159100 75.7301 75.5583
159200 75.6229 75.5583
159300 76.209 75.5587
159400 75.707 75.5588
159500 75.8054 75.559
159600 75.5204 75.5589
159700 76.1365 75.5593
159800 75.7792 75.5594
159900 75.484 75.5594
160000 75.8793 75.5596
160100 76.1843 75.56
160200 75.9154 75.5602
160300 75.2135 75.56
160400 75.3858 75.5599
160500 75.8058 75.56
160600 75.2571 75.5598
160700 75.6264 75.5599
160800 75.0378 75.5596
160900 75.4202 75.5595
161000 75.3749 75.5594
161100 75.3207 75.5592
161200 75.8941 75.5594
161300 75.1394 75.5592
161400 74.9216 75.5588
161500 74.7163 75.5582
161600 75.1769 75.558
161700 74.9563 75.5576
161800 75.4335 75.5576
161900 75.2906 75.5574
162000 74.9184 75.557
162100 75.3431 75.5569
162200 74.5879 75.5563
162300 74.86 75.5558
162400 75.4822 75.5558
162500 75.5148 75.5558
162600 75.0594 75.5555
162700 74.485 75.5548
162800 74.5454 75.5542
162900 74.7941 75.5537
163000 75.6492 75.5538
163100 75.5745 75.5538
163200 76.0924 75.5541
163300 75.2038 75.5539
163400 75.5437 75.5539
163500 76.2787 75.5543
163600 75.5134 75.5543
163700 75.2459 75.5541
163800 75.6518 75.5542
163900 75.8088 75.5543
164000 75.7496 75.5545
164100 74.9548 75.5541
164200 75.0243 75.5538
164300 74.9261 75.5534
164400 74.6295 75.5528
164500 75.3168 75.5527
164600 75.6009 75.5527
164700 75.8598 75.5529
164800 76.1763 75.5533
164900 75.5549 75.5533
165000 75.9649 75.5535
165100 75.9479 75.5538
165200 75.4106 75.5537
165300 74.979 75.5533
165400 75.1366 75.5531
165500 75.6156 75.5531
165600 74.6945 75.5526
165700 74.7949 75.5521
165800 75.4255 75.5521
165900 75.6586 75.5521
166000 75.0651 75.5518
166100 75.2584 75.5517
166200 75.1184 75.5514
166300 74.6192 75.5508
166400 75.1351 75.5506
166500 75.2888 75.5504
166600 74.7059 75.5499
166700 75.5783 75.5499
166800 75.5182 75.5499
166900 74.7387 75.5494
167000 74.5274 75.5488
167100 75.6916 75.5489
167200 75.6214 75.549
167300 74.886 75.5486
167400 75.283 75.5484
167500 75.6578 75.5485
167600 76.3638 75.549
167700 76.3672 75.5494
167800 75.8013 75.5496
167900 76.1236 75.5499
168000 75.5194 75.5499
168100 75.2977 75.5498
168200 75.9501 75.55
168300 76.0724 75.5503
168400 75.8831 75.5505
168500 75.1427 75.5503
168600 75.529 75.5503
168700 75.9211 75.5505
168800 75.6808 75.5506
168900 75.4014 75.5505
169000 74.7485 75.55
169100 74.4209 75.5493
169200 74.8575 75.5489
169300 75.0451 75.5486
169400 76.159 75.549
169500 75.532 75.549
169600 76.3235 75.5494
169700 76.1655 75.5498
169800 76.0425 75.5501
169900 75.4826 75.55
170000 75.3797 75.5499
170100 75.1145 75.5497
170200 75.3213 75.5495
170300 74.5583 75.549
170400 75.0876 75.5487
170500 75.4746 75.5487
170600 75.1887 75.5484
170700 76.183 75.5488
170800 75.9729 75.5491
170900 75.9824 75.5493
171000 75.6087 75.5493
171100 75.6068 75.5494
171200 75.5884 75.5494
171300 75.3844 75.5493
171400 75.7457 75.5494
171500 74.8742 75.549
171600 75.3418 75.5489
171700 75.474 75.5489
171800 75.711 75.549
171900 75.5778 75.549
172000 74.9456 75.5486
172100 75.0824 75.5484
172200 74.8344 75.5479
172300 75.1839 75.5477
172400 74.9675 75.5474
172500 74.7246 75.5469
172600 74.4523 75.5463
172700 74.7421 75.5458
172800 75.0408 75.5455
172900 75.8275 75.5457
173000 75.8284 75.5459
173100 76.2337 75.5462
173200 76.1901 75.5466
173300 75.7428 75.5467
173400 75.0736 75.5465
173500 74.5296 75.5459
173600 74.8962 75.5455
173700 74.7969 75.5451
173800 75.0137 75.5448
173900 75.3771 75.5447
174000 76.0258 75.5449
174100 75.8372 75.5451
174200 75.6129 75.5451
174300 75.1022 75.5449
174400 76.4723 75.5454
174500 75.9032 75.5456
174600 76.0142 75.5459
174700 76.4233 75.5464
174800 75.7833 75.5465
174900 76.1145 75.5469
175000 75.0509 75.5466
175100 75.9204 75.5468
175200 75.9718 75.547
175300 75.624 75.5471
175400 75.3338 75.547
175500 74.6302 75.5464
175600 74.9655 75.5461
175700 75.0323 75.5458
175800 75.0539 75.5455
175900 74.2683 75.5448
176000 74.4054 75.5442
176100 74.1232 75.5434
176200 74.5222 75.5428
176300 74.9939 75.5425
176400 75.4816 75.5424
176500 75.4318 75.5424
176600 75.1698 75.5422
176700 75.5352 75.5421
176800 75.0752 75.5419
176900 75.5668 75.5419
177000 75.476 75.5419
177100 75.7967 75.542
177200 75.554 75.542
177300 75.4642 75.542
177400 75.7154 75.5421
177500 76.2084 75.5424
177600 75.7665 75.5426
177700 75.7959 75.5427
177800 75.3908 75.5426
177900 75.9636 75.5429
178000 75.5766 75.5429
178100 75.598 75.5429
178200 75.758 75.543
178300 76.1351 75.5434
178400 76.2463 75.5438
178500 76.2025 75.5441
178600 75.9775 75.5444
178700 76.327 75.5448
178800 76.2396 75.5452
178900 76.5432 75.5458
179000 77.159 75.5467
179100 76.8823 75.5474
179200 76.7291 75.5481
179300 76.2099 75.5484
179400 76.1495 75.5488
179500 75.7899 75.5489
179600 75.7465 75.549
179700 76.715 75.5497
179800 76.7574 75.5503
179900 76.2057 75.5507
180000 76.9022 75.5514
180100 77.1026 75.5523
180200 77.6758 75.5535
180300 77.66 75.5547
180400 77.187 75.5556
180500 77.4669 75.5566
180600 77.0325 75.5574
180700 77.2403 75.5584
180800 76.958 75.5591
180900 77.3597 75.5601
181000 77.4407 75.5612
181100 77.0693 75.562
181200 77.1822 75.5629
181300 76.8371 75.5636
181400 76.3198 75.564
181500 76.5444 75.5646
181600 75.8865 75.5647
181700 75.4075 75.5647
181800 75.423 75.5646
181900 76.713 75.5652
182000 76.4611 75.5657
182100 76.006 75.5659
182200 75.7671 75.566
182300 75.8907 75.5662
182400 76.0423 75.5665
182500 76.4417 75.567
182600 76.863 75.5677
182700 76.2504 75.5681
182800 75.4844 75.568
182900 76.3221 75.5684
183000 76.5349 75.5689
183100 76.4008 75.5694
183200 77.1248 75.5702
183300 77.8471 75.5715
183400 77.1493 75.5724
183500 76.5034 75.5729
183600 77.0096 75.5736
183700 76.048 75.5739
183800 76.4109 75.5744
183900 76.6844 75.575
184000 76.5894 75.5755
184100 76.0426 75.5758
184200 76.5796 75.5763
184300 76.3205 75.5767
184400 76.346 75.5771
184500 76.3136 75.5775
184600 76.6758 75.5781
184700 76.6108 75.5787
184800 76.3414 75.5791
184900 76.5534 75.5796
185000 76.4769 75.5801
185100 76.6017 75.5807
185200 76.5288 75.5812
185300 76.521 75.5817
185400 76.7351 75.5823
185500 77.7265 75.5835
185600 77.2379 75.5843
185700 77.8247 75.5856
185800 77.3143 75.5865
185900 77.0862 75.5873
186000 77.5977 75.5884
186100 76.933 75.5891
186200 77.0965 75.5899
186300 76.8551 75.5906
186400 76.8305 75.5912
186500 76.7669 75.5919
186600 76.356 75.5923
186700 76.2046 75.5926
186800 75.9663 75.5928
186900 76.3522 75.5932
187000 76.4355 75.5937
187100 75.9576 75.5939
187200 76.0011 75.5941
187300 75.7051 75.5941
187400 75.549 75.5941
187500 75.4105 75.594
187600 75.2886 75.5939
187700 75.4065 75.5938
187800 74.9286 75.5934
187900 75.1825 75.5932
188000 75.5412 75.5932
188100 75.3862 75.5931
188200 75.3864 75.5929
188300 75.8057 75.5931
188400 75.8144 75.5932
188500 75.6475 75.5932
188600 75.7486 75.5933
188700 76.0762 75.5935
188800 75.7973 75.5936
188900 75.7367 75.5937
189000 75.141 75.5935
189100 75.0259 75.5932
189200 75.5069 75.5931
189300 76.0347 75.5934
189400 75.5691 75.5934
189500 76.0357 75.5936
189600 75.8629 75.5937
189700 75.2876 75.5936
189800 75.4319 75.5935
189900 75.7418 75.5936
190000 75.7175 75.5936
190100 75.7313 75.5937
190200 75.4479 75.5936
190300 75.2002 75.5934
190400 74.9366 75.5931
190500 74.4604 75.5925
190600 74.8094 75.5921
190700 75.9257 75.5922
190800 75.877 75.5924
190900 75.8466 75.5925
191000 75.5229 75.5925
191100 76.5879 75.593
191200 75.6109 75.593
191300 76.2272 75.5934
191400 75.8991 75.5935
191500 76.1179 75.5938
191600 76.1359 75.5941
191700 75.6534 75.5941
191800 75.6306 75.5941
191900 75.5964 75.5941
192000 76.2755 75.5945
192100 75.8629 75.5946
192200 75.7163 75.5947
192300 75.2594 75.5945
192400 75.3437 75.5944
192500 75.7962 75.5945
192600 74.9466 75.5941
192700 75.8896 75.5943
192800 75.0612 75.594
192900 75.3602 75.5939
193000 75.2743 75.5937
193100 75.6613 75.5938
193200 74.8398 75.5934
193300 75.707 75.5934
193400 75.1492 75.5932
193500 75.0771 75.5929
193600 75.6398 75.593
193700 76.5969 75.5935
193800 76.1557 75.5938
193900 75.5911 75.5938
194000 75.7522 75.5938
194100 75.1407 75.5936
194200 75.3974 75.5935
194300 74.7187 75.5931
194400 75.0622 75.5928
194500 75.5559 75.5928
194600 75.6333 75.5928
194700 76.2151 75.5931
194800 75.3186 75.593
194900 75.4141 75.5929
195000 75.7408 75.593
195100 75.1659 75.5927
195200 75.4161 75.5926
195300 75.7268 75.5927
195400 75.0762 75.5925
195500 75.2457 75.5923
195600 75.7109 75.5923
195700 75.7562 75.5924
195800 75.9786 75.5926
195900 76.1605 75.5929
196000 75.261 75.5927
196100 74.9706 75.5924
196200 74.9702 75.5921
196300 74.9001 75.5917
196400 75.488 75.5917
196500 75.4938 75.5916
196600 75.1975 75.5914
196700 75.4486 75.5914
196800 75.4619 75.5913
196900 75.8403 75.5914
197000 75.6664 75.5915
197100 75.7217 75.5915
197200 75.2809 75.5914
197300 75.9194 75.5915
197400 75.6748 75.5916
197500 75.3142 75.5914
197600 75.8228 75.5916
197700 75.5518 75.5915
197800 75.3935 75.5914
197900 75.4296 75.5914
198000 75.3314 75.5912
198100 75.2774 75.5911
198200 75.8946 75.5912
198300 74.7434 75.5908
198400 75.4055 75.5907
198500 74.7751 75.5903
198600 74.8813 75.5899
198700 74.9675 75.5896
198800 74.6223 75.5891
198900 75.5098 75.5891
199000 75.4924 75.589
199100 75.7673 75.5891
199200 75.5045 75.5891
199300 75.6173 75.5891
199400 76.3158 75.5895
199500 76.0683 75.5897
199600 76.06 75.59
199700 76.0148 75.5902
199800 75.8688 75.5903
199900 75.919 75.5905
200000 75.9186 75.5906
200100 75.5146 75.5906
200200 75.0823 75.5903
200300 75.7419 75.5904
200400 75.447 75.5903
200500 75.6782 75.5904
200600 75.9854 75.5906
200700 76.0481 75.5908
200800 76.3818 75.5912
200900 75.8715 75.5913
201000 74.9426 75.591
201100 74.5941 75.5905
201200 75.1868 75.5903
201300 74.9112 75.59
201400 75.531 75.59
201500 75.1184 75.5897
201600 75.3396 75.5896
201700 76.1759 75.5899
201800 75.4629 75.5898
201900 75.5746 75.5898
202000 75.9106 75.59
202100 75.5022 75.5899
202200 76.0856 75.5902
202300 75.5072 75.5901
202400 75.7025 75.5902
202500 76.0595 75.5904
202600 76.2368 75.5907
202700 75.8073 75.5909
202800 76.1642 75.5911
202900 76.3084 75.5915
203000 76.2343 75.5918
203100 75.8114 75.5919
203200 75.5688 75.5919
203300 75.3674 75.5918
203400 75.0845 75.5915
203500 75.5556 75.5915
203600 75.8963 75.5917
203700 75.8395 75.5918
203800 75.9257 75.592
203900 76.0113 75.5922
204000 76.1706 75.5925
204100 75.9125 75.5926
204200 75.6665 75.5926
204300 75.9325 75.5928
204400 75.5696 75.5928
204500 75.7884 75.5929
204600 75.752 75.593
204700 75.4674 75.5929
204800 75.4786 75.5929
204900 75.5442 75.5928
205000 75.1873 75.5926
205100 75.6387 75.5927
205200 75.6467 75.5927
205300 75.8457 75.5928
205400 76.2187 75.5931
205500 76.1556 75.5934
205600 75.6723 75.5934
205700 75.7572 75.5935
205800 75.6458 75.5935
205900 75.8894 75.5937
206000 75.2507 75.5935
206100 76.3276 75.5939
206200 76.3928 75.5942
206300 75.9649 75.5944
206400 76.4003 75.5948
206500 75.4778 75.5948
206600 75.5533 75.5947
206700 75.7264 75.5948
206800 75.2936 75.5947
206900 76.0865 75.5949
207000 76.0036 75.5951
207100 76.0947 75.5953
207200 76.1216 75.5956
207300 75.7418 75.5957
207400 75.1417 75.5954
207500 74.7599 75.595
207600 75.3357 75.5949
207700 75.1357 75.5947
207800 74.7779 75.5943
207900 74.2456 75.5937
208000 74.3539 75.5931
208100 75.5082 75.593
208200 75.8937 75.5932
208300 75.6305 75.5932
208400 75.5811 75.5932
208500 75.3456 75.5931
208600 75.5118 75.593
208700 75.4957 75.593
208800 76.2431 75.5933
208900 75.585 75.5933
209000 75.794 75.5934
209100 75.5487 75.5933
209200 75.2674 75.5932
209300 74.8027 75.5928
209400 74.8044 75.5924
209500 75.6084 75.5924
209600 75.3875 75.5923
209700 74.2581 75.5917
209800 74.7259 75.5913
209900 75.217 75.5911
210000 74.9956 75.5908
210100 74.9597 75.5905
210200 74.7653 75.5901
210300 74.451 75.5896
210400 74.4788 75.5891
210500 74.4247 75.5885
210600 74.6077 75.5881
210700 74.9035 75.5877
210800 74.8823 75.5874
210900 74.665 75.587
211000 74.52 75.5865
211100 75.1966 75.5863
211200 74.592 75.5858
211300 75.0103 75.5855
211400 74.8614 75.5852
211500 75.678 75.5852
211600 75.1457 75.585
211700 74.701 75.5846
211800 75.1357 75.5844
211900 74.8291 75.584
212000 74.7697 75.5837
212100 74.6715 75.5832
212200 74.5674 75.5827
212300 75.1824 75.5826
212400 74.9651 75.5823
212500 75.2673 75.5821
212600 75.5191 75.5821
212700 75.0474 75.5818
212800 74.8848 75.5815
212900 74.4784 75.581
213000 75.0361 75.5807
213100 75.2906 75.5806
213200 75.1738 75.5804
213300 74.5298 75.5799
213400 74.6371 75.5795
213500 74.7045 75.5791
213600 74.163 75.5784
213700 74.1113 75.5777
213800 74.0204 75.577
213900 74.5679 75.5765
214000 74.6025 75.5761
214100 74.6972 75.5756
214200 74.457 75.5751
214300 75.2359 75.575
214400 74.6982 75.5746
214500 75.2717 75.5744
214600 74.7301 75.574
214700 74.6346 75.5736
214800 75.1052 75.5734
214900 74.9535 75.5731
215000 74.0673 75.5724
215100 74.4459 75.5719
215200 74.5134 75.5714
215300 74.424 75.5708
215400 73.881 75.57
215500 74.4007 75.5695
215600 74.0092 75.5688
215700 74.1521 75.5681
215800 73.8602 75.5673
215900 73.949 75.5666
216000 74.1967 75.5659
216100 74.4842 75.5654
216200 73.9098 75.5647
216300 74.6602 75.5643
216400 74.2723 75.5637
216500 74.5606 75.5632
216600 74.3778 75.5627
216700 74.7974 75.5623
216800 74.1893 75.5617
216900 74.3969 75.5611
217000 74.8367 75.5608
217100 74.7525 75.5604
217200 74.3159 75.5599
217300 73.9663 75.5591
217400 74.0249 75.5584
217500 75.2135 75.5583
217600 75.2166 75.5581
217700 75.1861 75.5579
217800 75.0626 75.5577
217900 74.8783 75.5574
218000 74.7925 75.557
218100 75.4153 75.557
218200 75.0765 75.5567
218300 74.8643 75.5564
218400 75.5569 75.5564
218500 75.6955 75.5565
218600 75.6972 75.5566
218700 75.7238 75.5566
218800 74.5669 75.5562
218900 74.6294 75.5558
219000 74.4827 75.5553
219100 74.5132 75.5548
219200 74.9448 75.5545
219300 75.2429 75.5544
219400 75.57 75.5544
219500 75.5375 75.5544
219600 75.3399 75.5543
219700 75.2176 75.5541
219800 75.0112 75.5539
219900 74.9279 75.5536
220000 74.9882 75.5533
220100 75.0644 75.5531
220200 74.5179 75.5526
220300 75.0414 75.5524
220400 74.3403 75.5519
220500 74.3744 75.5513
220600 74.5803 75.5509
220700 75.1986 75.5507
220800 74.5164 75.5503
220900 74.79 75.5499
221000 75.1915 75.5498
221100 74.5474 75.5493
221200 75.1625 75.5491
221300 75.5269 75.5491
221400 74.3641 75.5486
221500 73.9493 75.5479
221600 74.6464 75.5475
221700 75.0699 75.5472
221800 74.9026 75.5469
221900 75.1203 75.5468
222000 74.7346 75.5464
222100 74.8891 75.5461
222200 75.1992 75.5459
222300 75.1787 75.5458
222400 75.3458 75.5457
222500 74.5757 75.5452
222600 74.6744 75.5449
222700 74.7261 75.5445
222800 74.8566 75.5442
222900 74.7009 75.5438
223000 75.0608 75.5436
223100 75.0598 75.5434
223200 74.805 75.543
223300 75.4923 75.543
223400 75.4797 75.543
223500 75.0704 75.5428
223600 75.7075 75.5428
223700 76.1552 75.5431
223800 75.9027 75.5433
223900 75.9713 75.5435
224000 75.4481 75.5434
224100 75.6405 75.5435
224200 75.9767 75.5437
224300 75.9223 75.5438
224400 76.5962 75.5443
224500 76.4894 75.5447
224600 76.1007 75.545
224700 76.2651 75.5453
224800 76.2793 75.5456
224900 76.3618 75.546
225000 76.1323 75.5462
225100 76.7576 75.5468
225200 76.1825 75.5471
225300 76.395 75.5474
225400 75.993 75.5476
225500 76.4594 75.548
225600 75.9124 75.5482
225700 75.7034 75.5483
225800 76.2277 75.5486
225900 75.4112 75.5485
226000 75.6658 75.5486
226100 75.1765 75.5484
226200 75.7286 75.5485
226300 75.6334 75.5485
226400 74.9341 75.5482
226500 76.2284 75.5485
226600 76.3703 75.5489
226700 76.2375 75.5492
226800 76.3943 75.5496
226900 76.267 75.5499
227000 76.4682 75.5503
227100 76.0816 75.5505
227200 75.5667 75.5505
227300 75.761 75.5506
227400 75.4085 75.5506
227500 75.9141 75.5507
227600 75.8599 75.5509
227700 76.0638 75.5511
227800 76.022 75.5513
227900 75.9384 75.5515
228000 76.0289 75.5517
228100 76.0553 75.5519
228200 76.4151 75.5523
228300 75.9246 75.5524
228400 75.9637 75.5526
228500 75.492 75.5526
228600 75.9082 75.5528
228700 76.5128 75.5532
228800 76.0474 75.5534
228900 76.2004 75.5537
229000 76.1184 75.5539
229100 75.323 75.5538
229200 76.2099 75.5541
229300 75.6254 75.5541
229400 75.6829 75.5542
229500 75.3242 75.5541
229600 76.0182 75.5543
229700 75.8006 75.5544
229800 75.4379 75.5543
229900 74.9715 75.5541
230000 75.4808 75.5541
230100 75.3941 75.554
230200 75.5136 75.554
230300 75.6009 75.554
230400 75.3192 75.5539
230500 75.0825 75.5537
230600 74.5128 75.5532
230700 74.6939 75.5529
230800 75.0631 75.5527
230900 75.0174 75.5524
231000 75.3085 75.5523
231100 75.1545 75.5521
231200 75.3788 75.5521
231300 75.4606 75.552
231400 74.9293 75.5518
231500 74.5506 75.5513
231600 74.9018 75.551
231700 75.0654 75.5508
231800 74.931 75.5506
231900 74.2883 75.55
232000 74.2263 75.5495
232100 74.5424 75.549
232200 75.2863 75.5489
232300 75.5284 75.5489
232400 75.2701 75.5488
232500 75.9925 75.549
232600 75.6407 75.549
232700 74.9118 75.5487
232800 74.7199 75.5484
232900 74.5622 75.548
233000 74.9001 75.5477
233100 74.7995 75.5474
233200 75.1103 75.5472
233300 74.6893 75.5468
233400 74.3997 75.5463
233500 74.7898 75.546
233600 74.9655 75.5457
233700 74.9677 75.5455
233800 75.5224 75.5455
233900 75.4545 75.5454
234000 75.4597 75.5454
234100 74.7181 75.5451
234200 74.9208 75.5448
234300 74.0663 75.5442
234400 75.2751 75.544
234500 74.6578 75.5437
234600 75.4159 75.5436
234700 75.622 75.5436
234800 75.6077 75.5437
234900 75.2253 75.5435
235000 75.1329 75.5434
235100 74.5518 75.5429
235200 73.8074 75.5422
235300 74.2651 75.5417
235400 74.445 75.5412
235500 74.3999 75.5407
235600 74.4925 75.5403
235700 73.8799 75.5396
235800 73.9707 75.5389
235900 73.9839 75.5382
236000 73.8513 75.5375
236100 74.1443 75.5369
236200 73.8442 75.5362
236300 74.4857 75.5358
236400 75.5459 75.5358
236500 75.2483 75.5356
236600 75.1418 75.5355
236700 74.7955 75.5352
236800 75.2802 75.5351
236900 74.9368 75.5348
237000 75.2212 75.5347
237100 74.8442 75.5344
237200 74.3679 75.5339
237300 74.7985 75.5336
237400 75.0401 75.5334
237500 75.1789 75.5332
237600 75.1192 75.5331
237700 75.6644 75.5331
237800 75.9433 75.5333
237900 75.0544 75.5331
238000 75.1904 75.5329
238100 75.1368 75.5328
238200 75.5189 75.5328
238300 74.4092 75.5323
238400 74.564 75.5319
238500 75.1057 75.5317
238600 74.9065 75.5314
238700 74.7542 75.5311
238800 75.2548 75.531
238900 76.2731 75.5313
239000 75.4553 75.5313
239100 75.7451 75.5314
239200 75.815 75.5315
239300 75.8745 75.5316
239400 76.1548 75.5319
239500 76.7057 75.5324
239600 75.9675 75.5326
239700 75.542 75.5326
239800 75.1881 75.5324
239900 74.803 75.5321
240000 75.4214 75.5321
240100 75.5314 75.5321
240200 75.1852 75.5319
240300 75.6662 75.532
240400 74.8691 75.5317
240500 75.5994 75.5317
240600 75.5524 75.5317
240700 75.9668 75.5319
240800 75.921 75.5321
240900 75.584 75.5321
241000 76.2216 75.5324
241100 74.8542 75.5321
241200 75.6182 75.5322
241300 75.2494 75.532
241400 74.8073 75.5317
241500 75.0066 75.5315
241600 74.2121 75.531
241700 75.1124 75.5308
241800 74.9487 75.5306
241900 74.9161 75.5303
242000 74.696 75.53
242100 74.5655 75.5296
242200 75.2273 75.5294
242300 75.3031 75.5293
242400 74.4319 75.5289
242500 74.2413 75.5284
242600 74.7114 75.528
242700 74.6559 75.5277
242800 74.2097 75.5271
242900 74.3739 75.5266
243000 74.4682 75.5262
243100 74.5608 75.5258
243200 74.6261 75.5254
243300 74.4271 75.525
243400 74.9801 75.5248
243500 75.3116 75.5247
243600 75.2349 75.5246
243700 75.1435 75.5244
243800 74.798 75.5241
243900 74.8737 75.5238
244000 75.5839 75.5239
244100 74.7997 75.5236
244200 75.1236 75.5234
244300 74.5714 75.523
244400 74.8969 75.5228
244500 74.5933 75.5224
244600 74.8434 75.5221
244700 74.9721 75.5219
244800 74.9039 75.5216
244900 75.1418 75.5215
245000 75.1919 75.5213
245100 75.1518 75.5212
245200 74.9568 75.521
245300 74.8847 75.5207
245400 74.0408 75.5201
245500 75.1926 75.52
245600 75.3459 75.5199
245700 75.0657 75.5197
245800 75.3179 75.5196
245900 75.1087 75.5195
246000 75.4485 75.5194
246100 74.95 75.5192
246200 75.1257 75.519
246300 74.763 75.5187
246400 74.798 75.5184
246500 75.1307 75.5183
246600 74.6436 75.5179
246700 74.8376 75.5176
246800 75.2314 75.5175
246900 74.8755 75.5173
247000 75.1164 75.5171
247100 75.3645 75.517
247200 74.6542 75.5167
247300 75.5735 75.5167
247400 76.0149 75.5169
247500 75.7395 75.517
247600 75.1647 75.5169
247700 75.2862 75.5168
247800 74.948 75.5165
247900 76.1123 75.5168
248000 75.6452 75.5168
248100 74.9991 75.5166
248200 75.044 75.5164
248300 74.6826 75.5161
248400 74.9769 75.5159
248500 74.9163 75.5156
248600 75.1998 75.5155
248700 74.9967 75.5153
248800 74.7895 75.515
248900 74.9449 75.5148
249000 75.2199 75.5147
249100 75.4877 75.5147
249200 76.1544 75.5149
249300 76.0127 75.5151
249400 76.4549 75.5155
249500 76.4755 75.5159
249600 76.4366 75.5162
249700 75.3084 75.5162
249800 75.6517 75.5162
249900 74.9645 75.516
250000 74.4266 75.5156
250100 75.4979 75.5156
250200 74.5991 75.5152
250300 75.4041 75.5151
250400 75.6985 75.5152
250500 75.6369 75.5153
250600 75.6903 75.5153
250700 75.3461 75.5153
250800 75.456 75.5152
250900 75.4343 75.5152
251000 75.2192 75.5151
251100 75.3556 75.515
251200 75.0099 75.5148
251300 75.2566 75.5147
251400 75.3109 75.5146
251500 75.962 75.5148
251600 75.4954 75.5148
251700 75.4494 75.5148
251800 75.6371 75.5148
251900 74.9002 75.5146
252000 74.8438 75.5143
252100 75.0051 75.5141
252200 74.8091 75.5138
252300 74.6644 75.5135
252400 75.3855 75.5135
252500 75.6129 75.5135
252600 75.356 75.5134
252700 75.3912 75.5134
252800 76.1615 75.5136
252900 75.6354 75.5137
253000 75.2864 75.5136
253100 75.277 75.5135
253200 75.2206 75.5134
253300 75.092 75.5132
253400 76.0653 75.5134
253500 75.5624 75.5135
253600 75.5908 75.5135
253700 75.8657 75.5136
253800 75.4046 75.5136
253900 75.4181 75.5135
254000 76.1427 75.5138
254100 75.6989 75.5139
254200 76.2838 75.5142
254300 76.2452 75.5145
254400 76.4549 75.5148
254500 76.5231 75.5152
254600 76.9296 75.5158
254700 76.6368 75.5162
254800 76.1949 75.5165
254900 75.6503 75.5165
255000 75.6139 75.5166
255100 76.0094 75.5168
255200 75.4152 75.5167
255300 76.3577 75.5171
255400 75.1623 75.5169
255500 75.0891 75.5168
255600 75.3509 75.5167
255700 75.2965 75.5166
255800 74.8726 75.5164
255900 74.9243 75.5161
256000 74.8265 75.5159
256100 75.6123 75.5159
256200 75.9413 75.5161
256300 75.2365 75.5159
256400 75.2703 75.5159
256500 74.9465 75.5156
256600 75.5568 75.5156
256700 75.4616 75.5156
256800 75.4274 75.5156
256900 74.8898 75.5153
257000 74.2628 75.5149
257100 75.0105 75.5147
257200 74.8961 75.5144
257300 75.0676 75.5142
257400 75.1385 75.5141
257500 74.4361 75.5137
257600 74.5309 75.5133
257700 74.9932 75.5131
257800 75.3384 75.513
257900 75.1685 75.5129
258000 75.9532 75.5131
258100 75.014 75.5129
258200 75.2367 75.5128
258300 75.575 75.5128
258400 75.3648 75.5127
258500 75.2614 75.5126
258600 76.3656 75.513
258700 75.7107 75.513
258800 76.2648 75.5133
258900 76.7541 75.5138
259000 77.3302 75.5145
259100 76.3727 75.5148
259200 76.2871 75.5151
259300 76.742 75.5156
259400 76.9809 75.5162
259500 76.4957 75.5166
259600 76.8291 75.5171
259700 76.8962 75.5176
259800 77.0831 75.5182
259900 76.8332 75.5187
260000 76.1799 75.519
260100 76.3306 75.5193
260200 75.9051 75.5194
260300 76.4631 75.5198
260400 76.8584 75.5203
260500 76.2286 75.5206
260600 76.2691 75.5209
260700 76.1274 75.5211
260800 75.9507 75.5213
260900 76.2 75.5215
261000 76.2323 75.5218
261100 76.056 75.522
261200 76.0656 75.5222
261300 76.8234 75.5227
261400 76.0739 75.5229
261500 76.0303 75.5231
261600 75.7799 75.5232
261700 75.0932 75.523
261800 75.3696 75.523
261900 75.537 75.523
262000 75.8322 75.5231
262100 75.6655 75.5232
262200 76.1744 75.5234
262300 76.4484 75.5238
262400 76.4335 75.5241
262500 75.8422 75.5242
262600 75.8285 75.5243
262700 75.2358 75.5242
262800 75.4168 75.5242
262900 76.2594 75.5245
263000 76.1361 75.5247
263100 76.3184 75.525
263200 77.0325 75.5256
263300 76.8554 75.5261
263400 77.113 75.5267
263500 76.1891 75.5269
263600 76.4305 75.5273
263700 76.389 75.5276
263800 76.457 75.528
263900 75.9791 75.5281
264000 75.5486 75.5281
264100 76.0996 75.5284
264200 76.577 75.5287
264300 76.6255 75.5292
264400 76.0332 75.5294
264500 77.1939 75.53
264600 76.9225 75.5305
264700 76.0074 75.5307
264800 76.7916 75.5312
264900 76.9237 75.5317
265000 76.4296 75.532
265100 76.5069 75.5324
265200 76.1845 75.5326
265300 75.8239 75.5328
265400 75.9104 75.5329
265500 76.6241 75.5333
265600 76.3749 75.5336
265700 76.4942 75.534
265800 75.7355 75.5341
265900 75.7962 75.5342
266000 75.5889 75.5342
266100 75.8434 75.5343
266200 76.5185 75.5347
266300 76.4987 75.535
266400 76.0273 75.5352
266500 76.1168 75.5354
266600 75.9831 75.5356
266700 75.5516 75.5356
266800 76.8193 75.5361
266900 75.9559 75.5362
267000 76.3581 75.5366
267100 75.512 75.5365
267200 75.5919 75.5366
267300 75.2884 75.5365
267400 74.949 75.5363
267500 75.6961 75.5363
267600 74.8222 75.536
267700 74.7038 75.5357
267800 74.617 75.5354
267900 74.6226 75.535
268000 75.3988 75.535
268100 75.5356 75.535
268200 75.5946 75.535
268300 75.8473 75.5351
268400 75.4823 75.5351
268500 75.2969 75.535
268600 75.5865 75.535
268700 75.0285 75.5349
268800 75.5972 75.5349
268900 75.1924 75.5348
269000 74.9033 75.5345
269100 75.4962 75.5345
269200 75.397 75.5345
269300 75.2816 75.5344
269400 75.7713 75.5344
269500 75.5886 75.5345
269600 75.925 75.5346
269700 75.0617 75.5344
269800 75.7424 75.5345
269900 75.7465 75.5346
270000 75.3406 75.5345
270100 75.2248 75.5344
270200 74.1538 75.5339
270300 74.3322 75.5335
270400 74.4607 75.5331
270500 74.9047 75.5328
270600 74.8009 75.5326
270700 74.7186 75.5323
270800 74.4559 75.5319
270900 74.6412 75.5315
271000 74.2731 75.5311
271100 74.9441 75.5308
271200 75.1808 75.5307
271300 75.0157 75.5305
271400 75.1074 75.5304
271500 75.5854 75.5304
271600 75.3465 75.5303
271700 75.7009 75.5304
271800 75.0228 75.5302
271900 74.9921 75.53
272000 75.8551 75.5301
272100 75.463 75.5301
272200 75.4685 75.5301
272300 75.329 75.53
272400 75.2407 75.5299
272500 75.1664 75.5298
272600 75.0785 75.5296
272700 75.1797 75.5295
272800 74.8486 75.5292
272900 74.6712 75.5289
273000 74.3683 75.5285
273100 74.8098 75.5282
273200 74.7611 75.5279
273300 74.5488 75.5276
273400 75.0156 75.5274
273500 75.2337 75.5273
273600 75.0488 75.5271
273700 76.0544 75.5273
273800 76.4994 75.5277
273900 76.1158 75.5279
274000 74.723 75.5276
274100 75.0019 75.5274
274200 75.6994 75.5274
274300 75.4667 75.5274
274400 76.1252 75.5276
274500 75.8221 75.5277
274600 76.0416 75.5279
274700 75.6247 75.528
274800 75.9986 75.5281
274900 75.8043 75.5282
275000 75.8306 75.5284
275100 75.4954 75.5283
275200 75.5304 75.5283
275300 75.2759 75.5282
275400 75.1349 75.5281
275500 76.0163 75.5283
275600 75.426 75.5282
275700 75.7819 75.5283
275800 75.4643 75.5283
275900 75.2929 75.5282
276000 75.3155 75.5282
276100 75.2862 75.5281
276200 74.7755 75.5278
276300 75.4402 75.5278
276400 75.9945 75.5279
276500 75.8124 75.528
276600 76.0256 75.5282
276700 76.1638 75.5284
276800 75.5819 75.5285
276900 76.1411 75.5287
277000 76.0522 75.5289
277100 75.7115 75.5289
277200 75.9116 75.5291
277300 75.3027 75.529
277400 75.6832 75.529
277500 75.863 75.5292
277600 76.9249 75.5297
277700 76.7455 75.5301
277800 76.6964 75.5305
277900 77.2986 75.5312
278000 77.0089 75.5317
278100 75.9418 75.5318
278200 76.266 75.5321
278300 76.558 75.5325
278400 76.7509 75.5329
278500 76.9478 75.5334
278600 76.5779 75.5338
278700 76.3982 75.5341
278800 76.3048 75.5344
278900 76.4044 75.5347
279000 76.4135 75.535
279100 75.9478 75.5352
279200 76.4932 75.5355
279300 76.488 75.5358
279400 76.0469 75.536
279500 76.3362 75.5363
279600 75.9726 75.5365
279700 76.5599 75.5368
279800 77.0712 75.5374
279900 76.8914 75.5379
280000 76.661 75.5383
280100 76.0335 75.5384
280200 77.0664 75.539
280300 76.6703 75.5394
280400 76.4344 75.5397
280500 76.7082 75.5401
280600 76.7012 75.5405
280700 76.311 75.5408
280800 76.955 75.5413
280900 76.5654 75.5417
281000 76.6347 75.5421
281100 76.4946 75.5424
281200 76.1654 75.5426
281300 75.4769 75.5426
281400 75.4211 75.5426
281500 75.3665 75.5425
281600 75.6021 75.5425
281700 76.1154 75.5427
281800 75.6155 75.5428
281900 75.8412 75.5429
282000 75.5517 75.5429
282100 75.4006 75.5428
282200 76.029 75.543
282300 75.3103 75.5429
282400 75.5738 75.5429
282500 75.7989 75.543
282600 75.7494 75.5431
282700 75.9334 75.5432
282800 76.2633 75.5435
282900 76.3955 75.5438
283000 75.8591 75.5439
283100 75.8586 75.544
283200 76.0504 75.5442
283300 76.3586 75.5445
283400 76.2991 75.5447
283500 76.4975 75.5451
283600 75.8607 75.5452
283700 76.5244 75.5455
283800 76.7039 75.5459
283900 76.8142 75.5464
284000 76.1433 75.5466
284100 77.0401 75.5471
284200 76.7731 75.5475
284300 76.7685 75.548
284400 76.8974 75.5484
284500 76.7329 75.5489
284600 76.1341 75.5491
284700 76.4856 75.5494
284800 76.3795 75.5497
284900 76.1891 75.5499
285000 76.8263 75.5504
285100 76.8652 75.5508
285200 76.5136 75.5512
285300 76.5144 75.5515
285400 76.4361 75.5518
285500 76.7369 75.5522
285600 77.4549 75.5529
285700 76.439 75.5532
285800 76.8362 75.5536
285900 76.2052 75.5539
286000 76.2649 75.5541
286100 76.2414 75.5544
286200 76.5188 75.5547
286300 76.1594 75.5549
286400 76.288 75.5552
286500 77.3317 75.5558
286600 77.6104 75.5565
286700 77.7718 75.5573
286800 76.8142 75.5577
286900 77.0034 75.5582
287000 77.6789 75.559
287100 78.7152 75.5601
287200 77.5673 75.5608
287300 77.2986 75.5614
287400 76.4672 75.5617
287500 76.5664 75.562
287600 77.3104 75.5626
287700 77.3362 75.5633
287800 77.3436 75.5639
287900 76.822 75.5643
288000 76.4071 75.5646
288100 76.3964 75.5649
288200 76.9002 75.5654
288300 77.0179 75.5659
288400 76.9438 75.5663
288500 77.1864 75.5669
288600 77.0084 75.5674
288700 76.4029 75.5677
288800 76.1178 75.5679
288900 75.6704 75.5679
289000 76.4373 75.5682
289100 76.4351 75.5685
289200 76.0725 75.5687
289300 76.4266 75.569
289400 76.3923 75.5693
289500 75.8956 75.5694
289600 76.2296 75.5696
289700 76.4062 75.5699
289800 75.9277 75.57
289900 76.3628 75.5703
290000 75.9072 75.5704
290100 75.5675 75.5704
290200 75.3561 75.5703
290300 75.6659 75.5704
290400 74.8362 75.5701
290500 74.7383 75.5698
290600 74.9646 75.5696
290700 74.8836 75.5694
290800 75.842 75.5695
290900 75.987 75.5696
291000 76.0077 75.5698
291100 76.3363 75.57
291200 76.2641 75.5703
291300 75.5838 75.5703
291400 75.1645 75.5701
291500 74.8574 75.5699
291600 75.6115 75.5699
291700 76.8374 75.5703
291800 76.9465 75.5708
291900 76.882 75.5713
292000 77.0814 75.5718
292100 76.2704 75.572
292200 76.7136 75.5724
292300 76.9038 75.5729
292400 76.8538 75.5733
292500 77.6349 75.574
292600 77.5803 75.5747
292700 77.1053 75.5752
292800 76.9958 75.5757
292900 75.8129 75.5758
293000 75.8014 75.5759
293100 75.3618 75.5758
293200 75.2616 75.5757
293300 75.266 75.5756
293400 75.892 75.5757
293500 76.174 75.5759
293600 75.7822 75.576
293700 74.8924 75.5757
293800 74.922 75.5755
293900 75.4048 75.5754
294000 75.7208 75.5755
294100 75.8136 75.5756
294200 75.3336 75.5755
294300 75.7136 75.5755
294400 75.703 75.5756
294500 76.2547 75.5758
294600 75.9744 75.5759
294700 75.944 75.5761
294800 75.6949 75.5761
294900 75.5528 75.5761
295000 76.3968 75.5764
295100 75.8552 75.5765
295200 75.4137 75.5764
295300 75.0188 75.5762
295400 75.4014 75.5762
295500 76.1509 75.5764
295600 75.0157 75.5762
295700 75.5749 75.5762
295800 75.73 75.5762
295900 75.2169 75.5761
296000 75.5484 75.5761
296100 76.1113 75.5763
296200 75.4472 75.5762
296300 75.8603 75.5763
296400 75.8721 75.5764
296500 74.96 75.5762
296600 76.3231 75.5765
296700 76.5126 75.5768
296800 75.6399 75.5768
296900 75.7059 75.5769
297000 75.3576 75.5768
297100 75.661 75.5768
297200 75.6188 75.5768
297300 75.6149 75.5768
297400 75.3158 75.5768
297500 75.7559 75.5768
297600 76.3956 75.5771
297700 77.1556 75.5776
297800 76.8678 75.5781
297900 77.1735 75.5786
298000 76.1073 75.5788
298100 76.4753 75.5791
298200 75.5557 75.5791
298300 75.6145 75.5791
298400 75.9329 75.5792
298500 75.8265 75.5793
298600 76.3661 75.5795
298700 76.1217 75.5797
298800 75.7969 75.5798
298900 75.1522 75.5796
299000 74.8214 75.5794
299100 75.5499 75.5794
299200 75.6116 75.5794
299300 75.5948 75.5794
299400 75.6791 75.5794
299500 75.7968 75.5795
299600 75.598 75.5795
299700 75.895 75.5796
299800 76.6712 75.58
299900 76.1931 75.5802
300000 76.1314 75.5804
300100 75.9795 75.5805
300200 76.2915 75.5807
300300 75.8541 75.5808
300400 75.3609 75.5808
300500 75.5739 75.5808
300600 75.7177 75.5808
300700 76.2579 75.581
300800 75.6264 75.581
300900 75.2896 75.5809
301000 75.06 75.5808
301100 75.3643 75.5807
301200 75.8643 75.5808
301300 76.0863 75.581
301400 76.3829 75.5812
301500 76.5125 75.5815
301600 76.2136 75.5817
301700 76.0621 75.5819
301800 75.9212 75.582
301900 75.9811 75.5821
302000 76.2235 75.5824
302100 76.298 75.5826
302200 76.4201 75.5829
302300 76.4148 75.5831
302400 75.6899 75.5832
302500 75.917 75.5833
302600 75.6151 75.5833
302700 76.7495 75.5837
302800 76.3509 75.5839
302900 77.0421 75.5844
303000 77.1902 75.585
303100 76.7121 75.5853
303200 76.594 75.5857
303300 76.3787 75.5859
303400 76.1537 75.5861
303500 75.725 75.5862
303600 75.7324 75.5862
303700 75.9555 75.5863
303800 75.9722 75.5864
303900 76.6168 75.5868
304000 76.9537 75.5872
304100 77.0737 75.5877
304200 77.3838 75.5883
304300 77.4798 75.5889
304400 76.9023 75.5894
304500 77.1148 75.5899
304600 76.1399 75.5901
304700 76.3423 75.5903
304800 76.5885 75.5906
304900 76.3881 75.5909
305000 76.1669 75.5911
305100 75.5037 75.591
305200 75.2163 75.5909
305300 75.7182 75.591
305400 75.9893 75.5911
305500 75.2196 75.591
305600 75.3936 75.5909
305700 75.984 75.591
305800 76.5103 75.5913
305900 76.4005 75.5916
306000 76.4653 75.5919
306100 76.2968 75.5921
306200 75.8072 75.5922
306300 75.2062 75.5921
306400 75.1718 75.5919
306500 75.0358 75.5917
306600 75.618 75.5918
306700 75.8785 75.5918
306800 75.6936 75.5919
306900 75.5839 75.5919
307000 75.2446 75.5918
307100 75.564 75.5918
307200 75.3653 75.5917
307300 75.1021 75.5915
307400 75.2399 75.5914
307500 75.4717 75.5914
307600 75.8136 75.5914
307700 75.3547 75.5914
307800 76.2177 75.5916
307900 75.7985 75.5916
308000 75.7971 75.5917
308100 75.7798 75.5918
308200 75.5805 75.5918
308300 75.6541 75.5918
308400 75.2834 75.5917
308500 76.4019 75.5919
308600 76.2869 75.5922
308700 76.7968 75.5926
308800 76.7349 75.5929
308900 76.7959 75.5933
309000 75.6988 75.5934
309100 76.0417 75.5935
309200 75.5357 75.5935
309300 76.1947 75.5937
309400 76.4649 75.594
309500 76.1263 75.5941
309600 75.4367 75.5941
309700 76.0482 75.5942
309800 75.7981 75.5943
309900 75.6588 75.5943
310000 76.1597 75.5945
310100 75.1562 75.5943
310200 75.4296 75.5943
310300 75.6879 75.5943
310400 76.1025 75.5945
310500 75.5034 75.5945
310600 76.3305 75.5947
310700 75.804 75.5948
310800 76.354 75.595
310900 76.3256 75.5952
311000 76.4877 75.5955
311100 76.4342 75.5958
311200 76.8468 75.5962
311300 76.6368 75.5965
311400 76.4019 75.5968
311500 76.106 75.597
311600 76.2355 75.5972
311700 76.3944 75.5974
311800 75.3723 75.5973
311900 75.4547 75.5973
312000 75.4455 75.5973
312100 75.2435 75.5971
312200 76.1147 75.5973
312300 76.0647 75.5975
312400 76.1689 75.5976
312500 75.6111 75.5976
312600 75.7484 75.5977
312700 75.922 75.5978
312800 75.8626 75.5979
312900 76.0954 75.598
313000 76.9942 75.5985
313100 76.3933 75.5987
313200 76.2527 75.5989
313300 76.5297 75.5992
313400 76.0979 75.5994
313500 75.6551 75.5994
313600 75.9411 75.5995
313700 75.3637 75.5995
313800 75.923 75.5996
313900 76.3199 75.5998
314000 76.3825 75.6
314100 76.6422 75.6004
314200 76.2933 75.6006
314300 75.5178 75.6006
314400 75.6708 75.6006
314500 75.7111 75.6006
314600 75.765 75.6007
314700 76.1905 75.6009
314800 76.6291 75.6012
314900 76.2675 75.6014
315000 76.0967 75.6016
315100 75.3081 75.6015
315200 75.7669 75.6015
315300 75.1544 75.6014
315400 75.4535 75.6013
315500 75.325 75.6012
315600 74.9665 75.601
315700 75.7134 75.6011
315800 75.4578 75.601
315900 76.1675 75.6012
316000 76.1757 75.6014
316100 76.0988 75.6015
316200 75.935 75.6017
316300 75.9402 75.6018
316400 76.201 75.6019
316500 75.893 75.602
316600 75.9493 75.6021
316700 75.0548 75.602
316800 75.9875 75.6021
316900 75.365 75.602
317000 76.1771 75.6022
317100 76.3674 75.6024
317200 76.7591 75.6028
317300 75.6821 75.6028
317400 75.6791 75.6029
317500 75.0289 75.6027
317600 74.8851 75.6025
317700 75.4787 75.6024
317800 74.62 75.6021
317900 75.743 75.6021
318000 76.3715 75.6024
318100 76.3302 75.6026
318200 75.7036 75.6027
318300 75.4219 75.6026
318400 75.2677 75.6025
318500 75.4717 75.6024
318600 75.8537 75.6025
318700 75.2418 75.6024
318800 75.049 75.6022
318900 75.3213 75.6022
319000 74.8447 75.6019
319100 75.536 75.6019
319200 75.0456 75.6017
319300 74.9364 75.6015
319400 75.0934 75.6014
319500 75.2745 75.6013
319600 75.5521 75.6012
319700 75.3048 75.6011
319800 75.2533 75.601
319900 75.0882 75.6009
320000 75.1744 75.6007
320100 75.2788 75.6006
320200 75.2629 75.6005
320300 75.1267 75.6004
320400 75.5522 75.6004
320500 75.5075 75.6003
320600 75.0814 75.6002
320700 75.5988 75.6002
320800 75.5947 75.6002
320900 75.4098 75.6001
321000 74.6099 75.5998
321100 74.946 75.5996
321200 74.8061 75.5994
321300 74.7779 75.5991
321400 74.6298 75.5988
321500 74.5149 75.5985
321600 74.7919 75.5982
321700 74.704 75.5979
321800 74.9719 75.5977
321900 75.1196 75.5976
322000 75.045 75.5974
322100 75.1401 75.5973
322200 75.8447 75.5974
322300 76.0486 75.5975
322400 75.9808 75.5976
322500 75.8752 75.5977
322600 75.3706 75.5976
322700 75.8001 75.5977
322800 76.1882 75.5979
322900 76.1806 75.5981
323000 76.368 75.5983
323100 76.4478 75.5986
323200 76.8395 75.5989
323300 76.8684 75.5993
323400 76.8987 75.5997
323500 76.9822 75.6002
323600 76.8234 75.6005
323700 76.4456 75.6008
323800 75.8906 75.6009
323900 75.4123 75.6008
324000 75.4217 75.6008
324100 76.0292 75.6009
324200 75.7841 75.601
324300 75.8799 75.6011
324400 75.121 75.6009
324500 74.9808 75.6007
324600 75.1574 75.6006
324700 75.1981 75.6005
324800 74.7092 75.6002
324900 75.7193 75.6002
325000 76.1333 75.6004
325100 76.1314 75.6005
325200 75.99 75.6007
325300 75.4504 75.6006
325400 75.2747 75.6005
325500 75.4787 75.6005
325600 75.9113 75.6006
325700 75.679 75.6006
325800 75.3526 75.6005
325900 74.9827 75.6003
326000 75.1741 75.6002
326100 75.37 75.6001
326200 75.6958 75.6002
326300 76.1578 75.6003
326400 76.3014 75.6005
326500 76.7361 75.6009
326600 76.7464 75.6012
326700 76.8905 75.6016
326800 76.6914 75.602
326900 76.3907 75.6022
327000 77.3076 75.6027
327100 76.7332 75.6031
327200 76.5346 75.6034
327300 77.4104 75.6039
327400 77.2687 75.6044
327500 76.6367 75.6047
327600 76.338 75.605
327700 76.1984 75.6051
327800 76.5084 75.6054
327900 76.3925 75.6057
328000 76.7797 75.606
328100 76.2858 75.6062
328200 75.8508 75.6063
328300 76.4336 75.6066
328400 76.3795 75.6068
328500 76.4352 75.607
328600 75.963 75.6072
328700 76.5626 75.6074
328800 76.5129 75.6077
328900 76.3121 75.6079
329000 76.2865 75.6081
329100 76.0901 75.6083
329200 75.9885 75.6084
329300 76.0758 75.6085
329400 75.8705 75.6086
329500 75.0092 75.6084
329600 75.3659 75.6084
329700 75.1875 75.6082
329800 75.0047 75.6081
329900 74.7489 75.6078
330000 74.3075 75.6074
330100 75.6491 75.6074
330200 75.4498 75.6074
330300 75.3817 75.6073
330400 75.821 75.6074
330500 74.8986 75.6071
330600 74.7473 75.6069
330700 74.6572 75.6066
330800 74.7715 75.6063
330900 75.076 75.6062
331000 74.5619 75.6059
331100 74.5807 75.6056
331200 74.2289 75.6051
331300 74.1785 75.6047
331400 74.774 75.6045
331500 74.3672 75.6041
331600 74.2622 75.6037
331700 74.3892 75.6033
331800 74.4852 75.603
331900 74.0432 75.6025
332000 74.7668 75.6023
332100 75.1357 75.6021
332200 75.4259 75.6021
332300 75.3871 75.602
332400 74.7446 75.6017
332500 74.9559 75.6016
332600 74.3203 75.6012
332700 74.9211 75.601
332800 75.0414 75.6008
332900 74.338 75.6004
333000 74.6059 75.6001
333100 74.6476 75.5998
333200 75.0732 75.5997
333300 74.6876 75.5994
333400 74.7654 75.5991
333500 74.8396 75.5989
333600 74.9573 75.5987
333700 75.1812 75.5986
333800 75.047 75.5984
333900 75.7861 75.5985
334000 75.3934 75.5984
334100 76.0392 75.5986
334200 76.0537 75.5987
334300 75.9551 75.5988
334400 76.3638 75.599
334500 76.0708 75.5992
334600 75.991 75.5993
334700 75.3824 75.5992
334800 75.7969 75.5993
334900 74.8905 75.5991
335000 75.3239 75.599
335100 75.5382 75.599
335200 76.121 75.5991
335300 75.6312 75.5991
335400 75.6077 75.5991
335500 74.6211 75.5989
335600 74.7103 75.5986
335700 75.0877 75.5984
335800 75.2876 75.5983
335900 75.0427 75.5982
336000 75.5519 75.5982
336100 75.213 75.5981
336200 75.2524 75.5979
336300 74.6188 75.5977
336400 74.8283 75.5974
336500 74.3254 75.597
336600 74.5153 75.5967
336700 74.6772 75.5965
336800 74.719 75.5962
336900 75.4355 75.5961
337000 75.9821 75.5963
337100 76.2609 75.5965
337200 75.4598 75.5964
337300 75.6663 75.5964
337400 75.8852 75.5965
337500 75.8055 75.5966
337600 76.3765 75.5968
337700 75.4351 75.5968
337800 75.3134 75.5967
337900 75.5462 75.5967
338000 75.9489 75.5968
338100 75.5563 75.5968
338200 75.0647 75.5966
338300 75.5208 75.5966
338400 76.1064 75.5967
338500 75.9037 75.5968
338600 76.2541 75.597
338700 76.1729 75.5972
338800 75.1421 75.5971
338900 75.7501 75.5971
339000 75.1827 75.597
339100 74.5605 75.5967
339200 75.546 75.5967
339300 74.9226 75.5965
339400 75.0209 75.5963
339500 74.4776 75.596
339600 74.9149 75.5958
339700 74.5638 75.5955
339800 74.6836 75.5952
339900 74.8201 75.595
340000 75.099 75.5948
340100 75.0926 75.5947
340200 75.474 75.5946
340300 75.3618 75.5946
340400 75.0416 75.5944
340500 75.3188 75.5943
340600 75.5006 75.5943
340700 75.7485 75.5943
340800 75.5901 75.5943
340900 74.9173 75.5941
341000 75.1883 75.594
341100 74.5294 75.5937
341200 75.3589 75.5936
341300 75.2616 75.5935
341400 75.2366 75.5934
341500 75.3846 75.5934
341600 74.7622 75.5931
341700 75.233 75.593
341800 75.0774 75.5929
341900 74.8284 75.5926
342000 74.4915 75.5923
342100 74.6696 75.5921
342200 74.7002 75.5918
342300 74.5002 75.5915
342400 74.5606 75.5912
342500 74.7449 75.5909
342600 74.9562 75.5907
342700 74.7454 75.5905
342800 74.2591 75.5901
342900 74.6185 75.5898
343000 73.896 75.5893
343100 73.5509 75.5887
343200 74.8302 75.5885
343300 74.2263 75.5881
343400 74.8069 75.5879
343500 74.8086 75.5877
343600 74.3884 75.5873
343700 74.4511 75.587
343800 74.9021 75.5868
343900 75.2544 75.5867
344000 75.6206 75.5867
344100 76.3219 75.5869
344200 75.6593 75.5869
344300 75.787 75.587
344400 75.0584 75.5868
344500 75.5899 75.5868
344600 75.6281 75.5869
344700 76.001 75.587
344800 75.8712 75.5871
344900 75.9513 75.5872
345000 75.679 75.5872
345100 75.7956 75.5872
345200 76.1017 75.5874
345300 75.9705 75.5875
345400 76.2686 75.5877
345500 76.6273 75.588
345600 76.2606 75.5882
345700 75.2748 75.5881
345800 75.6799 75.5881
345900 75.5402 75.5881
346000 75.894 75.5882
346100 75.7393 75.5883
346200 75.2957 75.5882
346300 75.0717 75.588
346400 74.2215 75.5876
346500 74.5402 75.5873
346600 74.9704 75.5871
346700 74.6363 75.5869
346800 75.2311 75.5868
346900 75.1548 75.5866
347000 75.8823 75.5867
347100 75.4066 75.5867
347200 75.8683 75.5868
347300 75.3695 75.5867
347400 74.9924 75.5865
347500 74.8333 75.5863
347600 75.2759 75.5862
347700 74.8765 75.586
347800 74.513 75.5857
347900 75.1835 75.5856
348000 75.3212 75.5855
348100 76.0936 75.5857
348200 75.1125 75.5855
348300 75.067 75.5854
348400 75.0517 75.5852
348500 75.0706 75.5851
348600 75.4327 75.585
348700 75.7413 75.5851
348800 75.84 75.5851
348900 75.8468 75.5852
349000 75.7317 75.5853
349100 75.296 75.5852
349200 75.0936 75.585
349300 74.9485 75.5849
349400 75.4934 75.5848
349500 75.3346 75.5848
349600 75.2685 75.5847
349700 75.6997 75.5847
349800 75.6248 75.5847
349900 75.5554 75.5847
350000 75.2352 75.5846
350100 75.6644 75.5846
350200 76.1195 75.5848
350300 76.1615 75.5849
350400 76.6754 75.5853
350500 77.2323 75.5857
350600 76.627 75.586
350700 76.8942 75.5864
350800 76.2674 75.5866
350900 75.8646 75.5867
351000 76.005 75.5868
351100 75.7606 75.5868
351200 75.6356 75.5869
351300 75.553 75.5868
351400 75.6977 75.5869
351500 75.969 75.587
351600 75.6748 75.587
351700 75.0394 75.5869
351800 75.6785 75.5869
351900 75.3848 75.5868
352000 75.5224 75.5868
352100 75.2857 75.5867
352200 75.9318 75.5868
352300 75.8517 75.5869
352400 75.9673 75.587
352500 75.7071 75.587
352600 76.42 75.5873
352700 76.0235 75.5874
352800 76.0689 75.5875
352900 76.5031 75.5878
353000 76.038 75.5879
353100 75.9196 75.588
353200 75.9304 75.5881
353300 75.8917 75.5882
353400 75.528 75.5882
353500 76.6073 75.5885
353600 76.0158 75.5886
353700 76.0821 75.5887
353800 76.3188 75.5889
353900 76.3304 75.5891
354000 75.4674 75.5891
354100 76.4267 75.5893
354200 76.4751 75.5896
354300 76.7251 75.5899
354400 76.2822 75.5901
354500 75.2824 75.59
354600 75.4373 75.59
354700 76.4509 75.5902
354800 75.7204 75.5903
354900 76.3504 75.5905
355000 76.4528 75.5907
355100 77.0275 75.5911
355200 76.797 75.5915
355300 76.3347 75.5917
355400 76.0326 75.5918
355500 76.7512 75.5921
355600 76.2014 75.5923
355700 76.4226 75.5925
355800 76.8684 75.5929
355900 76.8413 75.5932
356000 76.9734 75.5936
356100 77.2394 75.5941
356200 77.09 75.5945
356300 77.1446 75.5949
356400 77.3596 75.5954
356500 77.9202 75.5961
356600 78.2661 75.5968
356700 78.7072 75.5977
356800 78.6368 75.5986
356900 78.5549 75.5994
357000 77.8435 75.6
357100 77.8863 75.6007
357200 78.3295 75.6014
357300 77.2851 75.6019
357400 76.7652 75.6022
357500 77.3195 75.6027
357600 77.4943 75.6032
357700 78.0075 75.6039
357800 77.445 75.6044
357900 77.5066 75.6049
358000 77.5637 75.6055
358100 77.2807 75.606
358200 77.3658 75.6065
358300 77.075 75.6069
358400 76.6655 75.6072
358500 77.1826 75.6076
358600 77.3224 75.6081
358700 76.5532 75.6083
358800 77.0377 75.6087
358900 76.6787 75.609
359000 76.7361 75.6093
359100 76.8066 75.6097
359200 76.3481 75.6099
359300 76.1238 75.61
359400 76.3885 75.6102
359500 76.2446 75.6104
359600 76.2763 75.6106
359700 76.1147 75.6107
359800 76.3891 75.611
359900 77.0116 75.6114
360000 76.4546 75.6116
360100 76.5312 75.6118
360200 77.1052 75.6123
360300 76.736 75.6126
360400 76.6161 75.6128
360500 76.5402 75.6131
360600 76.3334 75.6133
360700 76.0439 75.6134
360800 75.5383 75.6134
360900 75.7039 75.6134
361000 75.9616 75.6135
361100 75.569 75.6135
361200 75.4768 75.6135
361300 75.2027 75.6134
361400 75.8719 75.6134
361500 75.2101 75.6133
361600 76.0648 75.6134
361700 76.1469 75.6136
361800 75.4193 75.6135
361900 75.1621 75.6134
362000 74.8321 75.6132
362100 75.2913 75.6131
362200 75.3459 75.613
362300 75.4047 75.613
362400 75.4035 75.6129
362500 75.2143 75.6128
362600 75.556 75.6128
362700 75.2815 75.6127
362800 74.8632 75.6125
362900 75.2373 75.6124
363000 74.9436 75.6122
363100 75.5855 75.6122
363200 75.4254 75.6122
363300 75.6975 75.6122
363400 75.4756 75.6121
363500 75.9471 75.6122
363600 76.0277 75.6123
363700 76.7126 75.6126
363800 76.1533 75.6128
363900 76.6539 75.6131
364000 76.1759 75.6132
364100 76.0228 75.6133
364200 75.3284 75.6133
364300 76.4546 75.6135
364400 76.366 75.6137
364500 76.1922 75.6139
364600 76.5493 75.6141
364700 77.2336 75.6146
364800 77.2136 75.615
364900 77.3344 75.6155
365000 77.0042 75.6159
365100 76.6265 75.6161
365200 76.4815 75.6164
365300 76.3797 75.6166
365400 75.9966 75.6167
365500 76.0679 75.6168
365600 76.7921 75.6171
365700 76.7668 75.6174
365800 75.8074 75.6175
365900 77.0564 75.6179
366000 76.8702 75.6182
366100 76.2738 75.6184
366200 76.5066 75.6187
366300 76.1715 75.6188
366400 76.2784 75.619
366500 75.7471 75.619
366600 76.1069 75.6192
366700 76.5919 75.6194
366800 76.4214 75.6196
366900 75.6939 75.6197
367000 75.6747 75.6197
367100 75.8175 75.6197
367200 76.1055 75.6199
367300 75.989 75.62
367400 75.5519 75.6199
367500 75.8349 75.62
367600 75.92 75.6201
367700 75.9693 75.6202
367800 75.9002 75.6203
367900 76.2113 75.6204
368000 76.1447 75.6206
368100 76.8237 75.6209
368200 76.6468 75.6212
368300 76.5979 75.6214
368400 76.2049 75.6216
368500 75.7103 75.6216
368600 75.4313 75.6216
368700 75.6615 75.6216
368800 75.5008 75.6215
368900 75.5002 75.6215
369000 74.8803 75.6213
369100 75.1966 75.6212
369200 74.9245 75.621
369300 74.4957 75.6207
369400 74.5982 75.6204
369500 74.2641 75.62
369600 74.545 75.6198
369700 74.6478 75.6195
369800 74.5736 75.6192
369900 75.1832 75.6191
370000 75.362 75.619
370100 75.3128 75.6189
370200 75.2043 75.6188
370300 75.2355 75.6187
370400 75.0372 75.6186
370500 75.7154 75.6186
370600 75.4658 75.6186
370700 76.3051 75.6187
370800 75.9527 75.6188
370900 76.0966 75.619
371000 75.9317 75.619
371100 76.217 75.6192
371200 75.9574 75.6193
371300 75.8648 75.6194
371400 75.7076 75.6194
371500 75.6984 75.6194
371600 75.505 75.6194
371700 75.5039 75.6193
371800 75.2712 75.6192
371900 75.4395 75.6192
372000 75.4227 75.6191
372100 76.9038 75.6195
372200 75.9381 75.6196
372300 75.7066 75.6196
372400 75.8371 75.6197
372500 76.3252 75.6198
372600 75.4003 75.6198
372700 75.3357 75.6197
372800 75.2286 75.6196
372900 75.515 75.6196
373000 74.8499 75.6194
373100 74.999 75.6192
373200 74.4833 75.6189
373300 75.6691 75.6189
373400 75.5057 75.6189
373500 75.1311 75.6188
373600 75.4936 75.6187
373700 75.4885 75.6187
373800 74.8303 75.6185
373900 75.1525 75.6184
374000 75.0256 75.6182
374100 75.5482 75.6182
374200 75.1327 75.618
374300 75.6279 75.618
374400 75.3214 75.618
374500 75.1492 75.6178
374600 75.2971 75.6178
374700 76.1177 75.6179
374800 75.5714 75.6179
374900 75.5071 75.6179
375000 76.2126 75.618
375100 75.4701 75.618
375200 75.1898 75.6179
375300 75.4321 75.6178
375400 75.7766 75.6178
375500 76.0855 75.618
375600 75.7608 75.618
375700 76.0091 75.6181
375800 75.8295 75.6182
375900 75.9432 75.6183
376000 75.9124 75.6183
376100 76.0137 75.6184
376200 76.6073 75.6187
376300 76.2463 75.6189
376400 76.7219 75.6192
376500 76.3377 75.6194
376600 77.0088 75.6197
376700 76.599 75.62
376800 77.3673 75.6204
376900 77.0873 75.6208
377000 78.0636 75.6215
377100 77.4834 75.622
377200 77.0227 75.6223
377300 77.5934 75.6229
377400 76.9868 75.6232
377500 76.6403 75.6235
377600 76.9518 75.6239
377700 77.6043 75.6244
377800 77.2973 75.6248
377900 76.3294 75.625
378000 76.1849 75.6252
378100 75.7727 75.6252
378200 76.207 75.6253
378300 76.3659 75.6255
378400 76.5706 75.6258
378500 76.1936 75.6259
378600 76.5024 75.6262
378700 76.703 75.6265
378800 75.8667 75.6265
378900 75.758 75.6266
379000 76.4656 75.6268
379100 76.6101 75.627
379200 76.6794 75.6273
379300 76.6421 75.6276
379400 76.9626 75.6279
379500 77.2479 75.6284
379600 76.1774 75.6285
379700 76.3832 75.6287
379800 75.677 75.6287
379900 75.9671 75.6288
380000 76.1941 75.629
380100 76.3951 75.6292
380200 76.1616 75.6293
380300 75.8876 75.6294
380400 75.827 75.6294
380500 76.0222 75.6295
380600 75.4555 75.6295
380700 75.7927 75.6295
380800 76.1761 75.6297
380900 76.0465 75.6298
381000 75.4968 75.6297
381100 75.6392 75.6297
381200 75.9922 75.6298
381300 75.9502 75.6299
381400 76.0208 75.63
381500 76.4916 75.6302
381600 76.5649 75.6305
381700 76.3893 75.6307
381800 75.8125 75.6307
381900 75.9087 75.6308
382000 75.6972 75.6308
382100 75.3286 75.6307
382200 75.3257 75.6307
382300 75.254 75.6306
382400 75.427 75.6305
382500 76.7708 75.6308
382600 76.4307 75.631
382700 75.4867 75.631
382800 75.1235 75.6309
382900 75.3824 75.6308
383000 74.8523 75.6306
383100 75.2607 75.6305
383200 74.9403 75.6303
383300 75.0865 75.6302
383400 75.0441 75.63
383500 74.4874 75.6297
383600 74.4698 75.6294
383700 74.4929 75.6291
383800 74.1166 75.6287
383900 74.4211 75.6284
384000 75.0175 75.6283
384100 75.1157 75.6281
384200 75.3401 75.628
384300 75.3986 75.628
384400 75.5723 75.628
384500 75.3756 75.6279
384600 75.2892 75.6278
384700 75.9272 75.6279
384800 75.6761 75.6279
384900 75.7152 75.6279
385000 75.6376 75.6279
385100 75.5618 75.6279
385200 74.4695 75.6276
385300 74.7269 75.6274
385400 75.6082 75.6274
385500 75.0719 75.6272
385600 74.4116 75.6269
385700 74.9718 75.6267
385800 74.4502 75.6264
385900 75.2617 75.6263
386000 74.9007 75.6262
386100 74.5292 75.6259
386200 74.7998 75.6257
386300 74.6962 75.6254
386400 74.9108 75.6252
386500 74.5374 75.625
386600 73.9597 75.6245
386700 74.8341 75.6243
386800 74.941 75.6241
386900 75.6635 75.6242
387000 75.9539 75.6242
387100 75.7694 75.6243
387200 74.7207 75.624
387300 75.5241 75.624
387400 74.3172 75.6237
387500 74.6899 75.6234
387600 74.1252 75.623
387700 74.2173 75.6227
387800 74.4331 75.6224
387900 74.3673 75.6221
388000 74.7259 75.6218
388100 75.0504 75.6217
388200 74.2959 75.6213
388300 74.7895 75.6211
388400 75.2105 75.621
388500 75.5842 75.621
388600 74.9802 75.6208
388700 74.7571 75.6206
388800 74.9819 75.6205
388900 73.8986 75.62
389000 73.8488 75.6196
389100 73.4987 75.619
389200 73.9045 75.6186
389300 74.0258 75.6182
389400 74.6188 75.6179
389500 74.863 75.6177
389600 74.4121 75.6174
389700 74.2699 75.6171
389800 74.3043 75.6167
389900 74.3595 75.6164
390000 74.5343 75.6161
390100 74.5803 75.6159
390200 74.6995 75.6156
390300 73.8521 75.6152
390400 74.1834 75.6148
390500 74.3488 75.6145
390600 74.2711 75.6141
390700 74.6573 75.6139
390800 74.9068 75.6137
390900 76.1014 75.6138
391000 75.7292 75.6139
391100 75.033 75.6137
391200 75.4214 75.6137
391300 75.2288 75.6136
391400 75.6166 75.6136
391500 75.739 75.6136
391600 75.7772 75.6136
391700 75.9552 75.6137
391800 76.1425 75.6139
391900 75.9306 75.6139
392000 75.8281 75.614
392100 76.4261 75.6142
392200 75.9992 75.6143
392300 75.9906 75.6144
392400 76.005 75.6145
392500 75.0414 75.6144
392600 75.2854 75.6143
392700 75.8113 75.6143
392800 75.6696 75.6143
392900 76.2407 75.6145
393000 76.7383 75.6148
393100 76.3538 75.615
393200 76.2756 75.6151
393300 76.1676 75.6153
393400 76.7007 75.6156
393500 77.0722 75.6159
393600 77.7732 75.6165
393700 76.2207 75.6166
393800 76.8511 75.6169
393900 76.5068 75.6172
394000 76.4308 75.6174
394100 76.505 75.6176
394200 76.3591 75.6178
394300 76.1384 75.6179
394400 76.3001 75.6181
394500 76.1229 75.6182
394600 76.2697 75.6184
394700 76.1451 75.6185
394800 76.1221 75.6186
394900 75.7378 75.6187
395000 75.3779 75.6186
395100 75.6903 75.6186
395200 76.8144 75.6189
395300 76.0168 75.619
395400 75.6736 75.619
395500 75.6319 75.619
395600 75.4295 75.619
395700 76.1066 75.6191
395800 76.2905 75.6193
395900 75.7239 75.6193
396000 75.6543 75.6193
396100 75.7625 75.6194
396200 75.3 75.6193
396300 75.8391 75.6193
396400 76.2611 75.6195
396500 76.0847 75.6196
396600 76.2691 75.6198
396700 76.221 75.6199
396800 76.6696 75.6202
396900 76.0945 75.6203
397000 76.3327 75.6205
397100 75.7451 75.6205
397200 75.537 75.6205
397300 75.5172 75.6205
397400 75.047 75.6203
397500 75.5531 75.6203
397600 75.5743 75.6203
397700 75.4715 75.6203
397800 75.9665 75.6204
397900 76.3645 75.6205
398000 75.5925 75.6205
398100 75.3749 75.6205
398200 75.3944 75.6204
398300 75.3838 75.6204
398400 75.6335 75.6204
398500 75.723 75.6204
398600 75.6068 75.6204
398700 75.5923 75.6204
398800 75.8064 75.6204
398900 75.273 75.6203
399000 75.1401 75.6202
399100 74.9051 75.62
399200 74.9284 75.6199
399300 75.3639 75.6198
399400 75.3326 75.6197
399500 75.5742 75.6197
399600 75.9526 75.6198
399700 75.9637 75.6199
399800 75.7669 75.6199
399900 75.7817 75.62
400000 75.1505 75.6198
