100 74.9251 74.9251
200 75.4745 75.1998
300 75.2667 75.2221
400 74.7216 75.0969
500 75.4028 75.1581
600 75.555 75.2243
700 74.3156 75.0945
800 73.7774 74.9298
900 73.0178 74.7174
1000 72.9304 74.5387
1100 73.7513 74.4671
1200 74.1007 74.4366
1300 74.2944 74.4256
1400 73.8302 74.3831
1500 74.2473 74.3741
1600 73.2937 74.3065
1700 73.2031 74.2416
1800 73.6038 74.2062
1900 74.1907 74.2054
2000 74.5525 74.2227
2100 74.7527 74.248
2200 74.4307 74.2563
2300 74.8745 74.2832
2400 74.7953 74.3045
2500 75.4716 74.3512
2600 74.7877 74.368
2700 74.8139 74.3845
2800 74.6181 74.3928
2900 74.8321 74.408
3000 74.4218 74.4084
3100 74.3901 74.4078
3200 74.8211 74.4208
3300 75.7323 74.4605
3400 76.1508 74.5102
3500 75.1767 74.5293
3600 74.8414 74.5379
3700 76.0916 74.5799
3800 76.1979 74.6225
3900 76.1429 74.6615
4000 74.6686 74.6617
4100 74.6525 74.6614
4200 74.3337 74.6536
4300 74.9813 74.6613
4400 74.5312 74.6583
4500 74.2148 74.6484
4600 74.771 74.6511
4700 74.2202 74.6419
4800 73.9778 74.6281
4900 73.9888 74.6151
5000 74.1936 74.6066
5100 74.3461 74.6015
5200 75.3784 74.6165
5300 74.1413 74.6075
5400 74.6166 74.6077
5500 75.3142 74.6205
5600 75.1565 74.6301
5700 75.2595 74.6411
5800 75.3214 74.6529
5900 74.7354 74.6543
6000 74.3506 74.6492
6100 74.9005 74.6533
6200 75.3468 74.6645
6300 76.0998 74.6873
6400 75.7736 74.7043
6500 75.6929 74.7195
6600 74.6735 74.7188
6700 74.171 74.7106
6800 73.6156 74.6945
6900 74.718 74.6948
7000 74.2557 74.6886
7100 73.8246 74.6764
7200 74.9069 74.6796
7300 74.1178 74.6719
7400 74.3044 74.6669
7500 74.0568 74.6588
7600 74.466 74.6563
7700 74.4842 74.654
7800 74.3597 74.6503
7900 74.5268 74.6487
8000 75.5079 74.6594
8100 75.4781 74.6695
8200 75.6392 74.6814
8300 75.7238 74.6939
8400 75.9071 74.7084
8500 75.3204 74.7156
8600 74.4968 74.713
8700 74.4823 74.7104
8800 75.4406 74.7187
8900 74.4021 74.7151
9000 73.5703 74.7024
9100 73.7111 74.6915
9200 73.5028 74.6786
9300 74.4409 74.676
9400 74.9974 74.6794
9500 74.2201 74.6746
9600 73.9662 74.6672
9700 74.5225 74.6657
9800 74.723 74.6663
9900 74.3316 74.6629
10000 74.8467 74.6648
10100 74.8257 74.6664
10200 74.1116 74.6609
10300 73.9204 74.6537
10400 73.435 74.642
10500 73.4824 74.631
10600 72.9519 74.6151
10700 73.9612 74.609
10800 73.988 74.6033
10900 73.9035 74.5969
11000 74.7759 74.5985
11100 74.6628 74.5991
11200 74.0741 74.5944
11300 74.5569 74.594
11400 74.0695 74.5894
11500 73.7779 74.5824
11600 73.4733 74.5728
11700 73.471 74.5634
11800 73.7498 74.5565
11900 74.2436 74.5539
12000 74.5166 74.5536
12100 74.454 74.5527
12200 74.6297 74.5534
12300 74.4142 74.5522
12400 75.1287 74.5569
12500 75.2503 74.5624
12600 75.8754 74.5729
12700 75.6521 74.5814
12800 74.7404 74.5826
12900 75.5451 74.5901
13000 75.4722 74.5969
13100 74.8734 74.599
13200 75.1275 74.603
13300 75.2621 74.6079
13400 75.2821 74.613
13500 75.2597 74.6177
13600 75.3649 74.6232
13700 75.8374 74.6321
13800 75.7049 74.6399
13900 75.3607 74.6451
14000 75.4231 74.6506
14100 75.2954 74.6552
14200 74.9532 74.6573
14300 75.052 74.66
14400 75.5674 74.6663
14500 75.7174 74.6736
14600 76.3094 74.6848
14700 75.7023 74.6917
14800 75.8179 74.6993
14900 75.5569 74.7051
15000 75.0128 74.7071
15100 74.5431 74.7061
15200 73.5839 74.6987
15300 74.1902 74.6953
15400 74.5746 74.6946
15500 75.5067 74.6998
15600 75.6456 74.7059
15700 75.584 74.7115
15800 75.0579 74.7137
15900 75.0705 74.7159
16000 75.6133 74.7215
16100 76.3133 74.7314
16200 76.0629 74.7396
16300 76.2935 74.7491
16400 75.6656 74.7547
16500 75.223 74.7576
16600 75.6285 74.7628
16700 75.0174 74.7643
16800 75.7699 74.7703
16900 74.6017 74.7693
17000 75.026 74.7708
17100 74.5256 74.7694
17200 75.1429 74.7716
17300 76.5425 74.7818
17400 76.0764 74.7893
17500 76.7128 74.8002
17600 76.4154 74.8094
17700 76.7134 74.8202
17800 77.3111 74.8342
17900 77.0448 74.8465
18000 76.7763 74.8572
18100 77.1191 74.8697
18200 76.824 74.8805
18300 77.5074 74.8948
18400 77.4514 74.9087
18500 77.6826 74.9237
18600 78.1044 74.9408
18700 77.4765 74.9544
18800 77.4096 74.9674
18900 78.1455 74.9843
19000 77.6716 74.9984
19100 78.2311 75.0153
19200 78.8969 75.0355
19300 78.8973 75.0555
19400 79.5385 75.0787
19500 78.8468 75.098
19600 79.6171 75.121
19700 79.2502 75.142
19800 80.0359 75.1667
19900 79.9748 75.1909
20000 80.0393 75.2151
20100 80.2043 75.2399
20200 79.276 75.2599
20300 79.3023 75.2798
20400 79.209 75.2991
20500 79.4595 75.3194
20600 78.6824 75.3357
20700 78.2382 75.3497
20800 79.0124 75.3673
20900 79.3069 75.3862
21000 79.7252 75.4069
21100 79.0481 75.4241
21200 78.2988 75.4377
21300 78.0892 75.4501
21400 78.041 75.4622
21500 78.2285 75.4751
21600 78.3235 75.4883
21700 78.3758 75.5016
21800 78.4837 75.5153
21900 78.0283 75.5267
22000 78.7225 75.5413
22100 78.7712 75.5559
22200 78.2896 75.5682
22300 79.2638 75.5848
22400 79.2212 75.601
22500 78.1131 75.6122
22600 78.6614 75.6257
22700 77.8781 75.6356
22800 77.9789 75.6459
22900 77.9543 75.6559
23000 77.2935 75.6631
23100 78.0069 75.6732
23200 78.3238 75.6846
23300 77.1126 75.6908
23400 77.5146 75.6986
23500 77.6729 75.707
23600 77.2672 75.7136
23700 77.8985 75.7228
23800 77.594 75.7306
23900 77.9233 75.7398
24000 78.2239 75.7502
24100 77.5743 75.7577
24200 76.6569 75.7615
24300 76.7372 75.7655
24400 75.9795 75.7664
24500 76.7443 75.7703
24600 76.4642 75.7732
24700 76.9713 75.778
24800 76.8445 75.7823
24900 76.9733 75.7871
25000 76.8475 75.7913
25100 77.0641 75.7964
25200 77.6126 75.8036
25300 77.6834 75.811
25400 77.8938 75.8192
25500 77.2678 75.8249
25600 77.9402 75.8332
25700 77.9491 75.8414
25800 77.3562 75.8473
25900 77.6663 75.8543
26000 77.8069 75.8618
26100 77.6143 75.8685
26200 76.8104 75.8721
26300 77.4453 75.8781
26400 77.528 75.8844
26500 77.1095 75.889
26600 77.1611 75.8938
26700 76.6074 75.8964
26800 76.817 75.8999
26900 77.692 75.9065
27000 77.268 75.9116
27100 77.3147 75.9168
27200 77.738 75.9235
27300 77.8656 75.9306
27400 77.9236 75.9378
27500 77.912 75.945
27600 77.0968 75.9492
27700 76.988 75.9529
27800 77.6029 75.9589
27900 77.7864 75.9654
28000 77.7574 75.9718
28100 78.0841 75.9794
28200 78.1455 75.987
28300 78.2944 75.9952
28400 78.3764 76.0036
28500 78.246 76.0114
28600 78.9602 76.0217
28700 79.5048 76.0339
28800 79.0269 76.0443
28900 79.1516 76.055
29000 77.6301 76.0605
29100 77.9738 76.067
29200 77.3406 76.0714
29300 77.5331 76.0764
29400 76.902 76.0792
29500 76.1771 76.0795
29600 76.4063 76.0806
29700 76.0589 76.0806
29800 76.7458 76.0828
29900 76.0832 76.0828
30000 76.5444 76.0843
30100 77.2558 76.0882
30200 77.3313 76.0923
30300 77.3024 76.0963
30400 77.3141 76.1003
30500 77.4854 76.1049
30600 78.0552 76.1113
30700 77.9874 76.1174
30800 77.3694 76.1214
30900 76.0965 76.1213
31000 76.2511 76.1218
31100 76.0448 76.1215
31200 76.6058 76.1231
31300 76.9321 76.1257
31400 77.12 76.1288
31500 76.7623 76.1308
31600 75.9095 76.1301
31700 76.647 76.1318
31800 76.329 76.1324
31900 76.3091 76.1329
32000 75.9369 76.1323
32100 77.0283 76.1351
32200 76.7024 76.1369
32300 76.5066 76.138
32400 76.2461 76.1384
32500 75.8419 76.1374
32600 75.5286 76.1356
32700 75.9193 76.1349
32800 75.6628 76.1335
32900 75.3415 76.1311
33000 76.1304 76.1311
33100 75.322 76.1286
33200 75.371 76.1263
33300 75.5632 76.1246
33400 75.9341 76.1241
33500 76.2646 76.1245
33600 75.3395 76.1222
33700 75.7125 76.1209
33800 76.5161 76.1221
33900 76.7552 76.124
34000 77.0305 76.1266
34100 76.2444 76.127
34200 76.5152 76.1281
34300 77.0546 76.1308
34400 77.2332 76.134
34500 76.4731 76.135
34600 76.8149 76.137
34700 75.7706 76.1359
34800 76.074 76.1357
34900 77.0564 76.1384
35000 76.5986 76.1397
35100 76.2771 76.1401
35200 75.7747 76.1391
35300 75.9608 76.1385
35400 75.539 76.1369
35500 75.3685 76.1347
35600 75.6105 76.1332
35700 75.8716 76.1325
35800 76.4947 76.1335
35900 76.9632 76.1358
36000 77.2071 76.1388
36100 76.4533 76.1397
36200 75.9396 76.1391
36300 76.1564 76.1392
36400 76.3157 76.1396
36500 76.4985 76.1406
36600 76.2115 76.1408
36700 76.0387 76.1405
36800 76.1561 76.1406
36900 75.8207 76.1397
37000 76.3567 76.1403
37100 75.7197 76.1392
37200 75.8399 76.1384
37300 75.786 76.1374
37400 75.5744 76.1359
37500 75.3103 76.1337
37600 75.7989 76.1328
37700 76.2388 76.1331
37800 76.4755 76.134
37900 75.8315 76.1332
38000 76.2932 76.1336
38100 76.5308 76.1347
38200 76.109 76.1346
38300 76.6337 76.1359
38400 76.9773 76.1381
38500 76.5903 76.1393
38600 76.8481 76.1411
38700 75.7456 76.1401
38800 75.2457 76.1378
38900 75.5257 76.1362
39000 75.1663 76.1337
39100 75.5342 76.1322
39200 75.3399 76.1302
39300 75.9469 76.1297
39400 75.9506 76.1292
39500 75.4434 76.1275
39600 75.5528 76.1261
39700 75.9283 76.1256
39800 76.0149 76.1253
39900 76.9457 76.1273
40000 76.7951 76.129
40100 77.2742 76.1319
40200 77.7251 76.1358
40300 77.2368 76.1386
40400 77.2172 76.1412
40500 76.7538 76.1427
40600 77.2727 76.1455
40700 77.3532 76.1485
40800 77.1186 76.1509
40900 77.1745 76.1534
41000 76.7026 76.1547
41100 77.1467 76.1571
41200 76.8544 76.1588
41300 77.2731 76.1615
41400 77.9766 76.1659
41500 77.8419 76.1699
41600 77.8941 76.1741
41700 78.5347 76.1797
41800 77.3551 76.1826
41900 76.8793 76.1842
42000 77.3148 76.1869
42100 77.1509 76.1892
42200 77.2915 76.1918
42300 76.4233 76.1924
42400 76.4065 76.1929
42500 77.0489 76.1949
42600 76.4761 76.1955
42700 75.9047 76.1949
42800 75.707 76.1937
42900 75.9256 76.1931
43000 76.3011 76.1933
43100 76.2632 76.1935
43200 76.8617 76.1951
43300 76.6233 76.196
43400 76.4938 76.1967
43500 76.4079 76.1972
43600 77.1249 76.1993
43700 76.4711 76.2
43800 76.1064 76.1997
43900 76.0279 76.1994
44000 76.0087 76.1989
44100 76.2644 76.1991
44200 75.7964 76.1982
44300 76.3611 76.1985
44400 76.3502 76.1989
44500 76.9698 76.2006
44600 77.3132 76.2031
44700 76.7198 76.2043
44800 77.2258 76.2065
44900 76.2504 76.2066
45000 76.4405 76.2072
45100 76.7179 76.2083
45200 76.1097 76.2081
45300 76.6246 76.209
45400 77.3142 76.2114
45500 76.8062 76.2127
45600 76.3719 76.2131
45700 75.9008 76.2124
45800 76.3104 76.2126
45900 76.1556 76.2125
46000 76.1631 76.2124
46100 76.0929 76.2121
46200 76.3878 76.2125
46300 76.6499 76.2134
46400 75.8916 76.2127
46500 75.9423 76.2122
46600 76.983 76.2138
46700 77.0498 76.2156
46800 77.2281 76.2178
46900 76.7038 76.2188
47000 76.5024 76.2194
47100 76.7625 76.2206
47200 76.5111 76.2212
47300 76.4837 76.2217
47400 77.1484 76.2237
47500 77.0163 76.2254
47600 77.2136 76.2274
47700 77.1402 76.2293
47800 77.0831 76.2311
47900 78.0112 76.2349
48000 77.8789 76.2383
48100 77.8564 76.2416
48200 77.7002 76.2447
48300 77.1773 76.2466
48400 77.474 76.2491
48500 77.213 76.2511
48600 77.2852 76.2532
48700 76.5834 76.2539
48800 76.5055 76.2544
48900 76.7113 76.2554
49000 76.2245 76.2553
49100 75.4306 76.2536
49200 76.5027 76.2541
49300 77.1078 76.2559
49400 76.9768 76.2573
49500 77.8418 76.2605
49600 76.6665 76.2614
49700 77.3017 76.2634
49800 77.4468 76.2658
49900 77.4985 76.2683
50000 77.2446 76.2702
50100 76.6003 76.2709
50200 76.4163 76.2712
50300 75.8995 76.2705
50400 75.5219 76.269
50500 75.7122 76.2679
50600 75.6976 76.2667
50700 76.0828 76.2664
50800 76.3446 76.2665
50900 76.622 76.2672
51000 77.282 76.2692
51100 76.479 76.2696
51200 76.1589 76.2694
51300 75.884 76.2687
51400 76.5605 76.2692
51500 76.3579 76.2694
51600 77.0505 76.2709
51700 76.3983 76.2712
51800 76.5717 76.2717
51900 76.0508 76.2713
52000 76.3356 76.2714
52100 75.9582 76.2708
52200 75.9526 76.2702
52300 75.9709 76.2697
52400 76.6845 76.2704
52500 76.3761 76.2706
52600 75.9755 76.2701
52700 76.0568 76.2697
52800 76.3055 76.2698
52900 76.416 76.27
53000 76.2535 76.27
53100 74.9683 76.2675
53200 76.0183 76.2671
53300 76.5336 76.2676
53400 75.8939 76.2669
53500 75.8682 76.2661
53600 76.257 76.2661
53700 76.6179 76.2668
53800 75.8943 76.2661
53900 75.1744 76.2641
54000 75.7205 76.263
54100 75.928 76.2624
54200 76.5747 76.263
54300 75.7364 76.262
54400 75.9656 76.2615
54500 76.0148 76.261
54600 76.2278 76.261
54700 76.0725 76.2606
54800 76.7473 76.2615
54900 76.4795 76.2619
55000 76.1738 76.2618
55100 77.214 76.2635
55200 76.2554 76.2635
55300 76.5106 76.2639
55400 76.6353 76.2646
55500 77.1254 76.2661
55600 77.309 76.268
55700 77.741 76.2707
55800 77.3459 76.2726
55900 76.2864 76.2726
56000 76.5658 76.2731
56100 76.9431 76.2743
56200 77.4355 76.2764
56300 76.4915 76.2768
56400 76.5464 76.2773
56500 77.1196 76.2787
56600 76.497 76.2791
56700 76.5189 76.2796
56800 77.5855 76.2818
56900 77.3226 76.2837
57000 77.4109 76.2857
57100 77.1775 76.2872
57200 76.9814 76.2884
57300 77.1429 76.2899
57400 77.7295 76.2924
57500 77.6399 76.2948
57600 77.0184 76.296
57700 76.7749 76.2969
57800 77.1311 76.2983
57900 76.9044 76.2994
58000 77.7625 76.3019
58100 77.1351 76.3033
58200 76.8325 76.3042
58300 76.449 76.3045
58400 75.8243 76.3036
58500 74.951 76.3013
58600 74.4507 76.2982
58700 74.6729 76.2954
58800 74.9751 76.2932
58900 75.4132 76.2917
59000 75.7957 76.2908
59100 75.1339 76.2889
59200 75.3789 76.2873
59300 75.4406 76.2859
59400 74.9887 76.2837
59500 75.2364 76.282
59600 75.2482 76.2802
59700 75.9484 76.2797
59800 76.2777 76.2797
59900 76.2912 76.2797
60000 76.3355 76.2798
60100 76.1998 76.2796
60200 76.1226 76.2794
60300 76.3102 76.2794
60400 76.3248 76.2795
60500 77.1731 76.281
60600 77.4674 76.2829
60700 77.3973 76.2848
60800 77.0473 76.286
60900 76.5443 76.2865
61000 76.1385 76.2862
61100 76.8075 76.2871
61200 76.6464 76.2877
61300 75.9946 76.2872
61400 75.8549 76.2865
61500 75.1432 76.2846
61600 74.9804 76.2825
61700 74.6338 76.2798
61800 75.491 76.2785
61900 75.2922 76.277
62000 75.1214 76.2751
62100 74.9514 76.273
62200 75.3755 76.2715
62300 75.9727 76.271
62400 76.0375 76.2707
62500 75.2992 76.2691
62600 75.1626 76.2673
62700 74.8662 76.2651
62800 75.4145 76.2638
62900 76.5196 76.2642
63000 76.0081 76.2638
63100 75.7239 76.2629
63200 75.5363 76.2617
63300 75.0161 76.2598
63400 74.8969 76.2576
63500 75.054 76.2557
63600 75.3848 76.2544
63700 75.583 76.2533
63800 75.7189 76.2525
63900 75.477 76.2513
64000 75.6153 76.2503
64100 75.9322 76.2498
64200 75.7115 76.2489
64300 75.1356 76.2472
64400 74.751 76.2449
64500 74.7558 76.2426
64600 74.8568 76.2404
64700 75.093 76.2386
64800 74.6902 76.2363
64900 74.7548 76.234
65000 75.6831 76.2331
65100 75.2666 76.2316
65200 75.354 76.2303
65300 75.2275 76.2288
65400 74.9557 76.2268
65500 74.8383 76.2247
65600 74.6546 76.2223
65700 75.6294 76.2214
65800 75.6916 76.2206
65900 75.9667 76.2202
66000 75.6674 76.2194
66100 75.3531 76.2181
66200 75.6828 76.2173
66300 74.7287 76.215
66400 74.829 76.2129
66500 75.0617 76.2112
66600 75.1098 76.2095
66700 75.6164 76.2086
66800 75.523 76.2076
66900 75.5323 76.2066
67000 75.4036 76.2054
67100 75.298 76.2041
67200 75.9034 76.2036
67300 75.9301 76.2032
67400 76.1993 76.2032
67500 75.7294 76.2025
67600 75.7971 76.2019
67700 75.13 76.2003
67800 74.6915 76.1981
67900 75.3713 76.1969
68000 75.8243 76.1963
68100 75.5318 76.1953
68200 76.0152 76.1951
68300 75.1901 76.1936
68400 75.3865 76.1924
68500 74.8345 76.1904
68600 75.3486 76.1892
68700 75.4295 76.1881
68800 75.6115 76.1873
68900 75.3077 76.186
69000 74.4936 76.1835
69100 74.3064 76.1808
69200 74.7952 76.1788
69300 75.2053 76.1774
69400 74.8772 76.1756
69500 74.9748 76.1738
69600 75.4564 76.1728
69700 75.5255 76.1719
69800 75.6264 76.1711
69900 75.7781 76.1705
70000 75.2259 76.1692
70100 75.2136 76.1678
70200 75.5316 76.1669
70300 75.1134 76.1654
70400 75.3525 76.1642
70500 75.451 76.1632
70600 75.9136 76.1629
70700 75.5599 76.162
70800 75.3614 76.1609
70900 75.0097 76.1593
71000 74.9223 76.1575
71100 74.7507 76.1556
71200 75.0562 76.154
71300 74.9613 76.1523
71400 74.5655 76.1501
71500 74.6986 76.1481
71600 74.7479 76.1461
71700 74.753 76.1442
71800 75.5299 76.1433
71900 75.2502 76.1421
72000 75.5858 76.1413
72100 75.6745 76.1407
72200 75.8848 76.1403
72300 75.9229 76.14
72400 76.5979 76.1406
72500 76.2451 76.1408
72600 75.3289 76.1397
72700 75.6795 76.139
72800 75.6072 76.1383
72900 75.6095 76.1376
73000 74.8469 76.1358
73100 75.586 76.1351
73200 74.9124 76.1334
73300 74.9066 76.1317
73400 74.1865 76.1291
73500 74.5251 76.1269
73600 74.3604 76.1245
73700 74.3848 76.1221
73800 75.1656 76.1208
73900 74.9631 76.1193
74000 74.7561 76.1174
74100 75.4038 76.1165
74200 74.833 76.1147
74300 75.0502 76.1133
74400 74.7592 76.1115
74500 74.9728 76.1099
74600 75.5443 76.1092
74700 75.3066 76.1081
74800 75.6897 76.1076
74900 75.689 76.107
75000 76.2181 76.1071
75100 76.0091 76.107
75200 75.8106 76.1066
75300 76.7775 76.1075
75400 77.3832 76.1092
75500 77.036 76.1104
75600 77.303 76.112
75700 76.4568 76.1125
75800 75.9952 76.1123
75900 76.4846 76.1128
76000 76.1249 76.1128
76100 75.6311 76.1122
76200 76.0827 76.1121
76300 75.4967 76.1113
76400 75.4036 76.1104
76500 75.6088 76.1098
76600 75.9806 76.1096
76700 76.3385 76.1099
76800 75.6763 76.1093
76900 75.7949 76.1089
77000 76.3057 76.1092
77100 75.854 76.1088
77200 76.0845 76.1088
77300 77.3058 76.1104
77400 77.2782 76.1119
77500 77.0798 76.1131
77600 76.5932 76.1137
77700 76.7025 76.1145
77800 76.9473 76.1156
77900 76.8736 76.1165
78000 76.5211 76.117
78100 76.399 76.1174
78200 75.9822 76.1172
78300 76.0582 76.1172
78400 76.3044 76.1174
78500 76.477 76.1179
78600 76.2693 76.1181
78700 76.6408 76.1187
78800 76.0293 76.1186
78900 76.8316 76.1195
79000 76.5666 76.1201
79100 76.8384 76.121
79200 76.639 76.1216
79300 76.3554 76.1219
79400 76.3916 76.1223
79500 76.5594 76.1228
79600 76.6632 76.1235
79700 76.5906 76.1241
79800 76.0046 76.1239
79900 75.9479 76.1237
80000 76.319 76.124
80100 76.4883 76.1244
80200 76.0127 76.1243
80300 75.9799 76.1241
80400 76.3738 76.1244
80500 76.0024 76.1243
80600 75.5024 76.1235
80700 75.6705 76.1229
80800 75.7866 76.1225
80900 75.4282 76.1216
81000 75.7941 76.1212
81100 75.8037 76.1208
81200 75.6906 76.1203
81300 75.4672 76.1195
81400 75.3516 76.1186
81500 75.22 76.1175
81600 75.1466 76.1163
81700 75.1916 76.1151
81800 75.5417 76.1144
81900 75.8943 76.1142
82000 76.0765 76.1141
82100 76.1828 76.1142
82200 76.7377 76.115
82300 76.4095 76.1153
82400 76.9324 76.1163
82500 77.0425 76.1174
82600 76.8777 76.1184
82700 77.4093 76.1199
82800 77.6348 76.1218
82900 76.8484 76.1226
83000 76.9269 76.1236
83100 76.7739 76.1244
83200 77.3969 76.1259
83300 76.9168 76.1269
83400 76.7027 76.1276
83500 76.1248 76.1276
83600 76.4482 76.1279
83700 77.0591 76.129
83800 77.0954 76.1302
83900 76.4615 76.1306
84000 76.5116 76.1311
84100 76.5236 76.1315
84200 76.4171 76.1319
84300 76.3108 76.1321
84400 76.8846 76.133
84500 76.0724 76.1329
84600 75.5715 76.1322
84700 75.7918 76.1318
84800 75.721 76.1313
84900 76.3109 76.1315
85000 76.9765 76.1325
85100 76.2314 76.1327
85200 76.2444 76.1328
85300 75.4521 76.132
85400 75.5728 76.1313
85500 75.5937 76.1307
85600 75.4928 76.13
85700 75.6992 76.1295
85800 75.8249 76.1291
85900 74.9842 76.1278
86000 75.2361 76.1267
86100 75.5287 76.126
86200 75.0378 76.1248
86300 75.2376 76.1238
86400 75.7192 76.1233
86500 75.4225 76.1225
86600 76.4195 76.1228
86700 76.148 76.1228
86800 76.4238 76.1232
86900 76.1533 76.1232
87000 76.8594 76.1241
87100 76.9249 76.125
87200 76.8001 76.1258
87300 75.8775 76.1255
87400 76.6242 76.1261
87500 77.0159 76.1271
87600 76.5087 76.1275
87700 76.2994 76.1277
87800 76.5168 76.1281
87900 76.0277 76.128
88000 75.7632 76.1276
88100 76.29 76.1278
88200 75.5185 76.1271
88300 75.4873 76.1264
88400 74.7359 76.1248
88500 74.415 76.1229
88600 75.0039 76.1216
88700 74.9279 76.1203
88800 74.9645 76.119
88900 74.9468 76.1177
89000 74.8296 76.1162
89100 75.0404 76.115
89200 74.2012 76.1129
89300 73.8703 76.1103
89400 74.6241 76.1087
89500 74.4975 76.1069
89600 74.8138 76.1054
89700 74.6441 76.1038
89800 75.1856 76.1028
89900 74.8545 76.1014
90000 75.3594 76.1006
90100 75.5543 76.1
90200 75.5313 76.0993
90300 75.6056 76.0988
90400 75.2775 76.0979
90500 75.0166 76.0967
90600 74.9643 76.0954
90700 75.2486 76.0945
90800 75.376 76.0937
90900 75.2886 76.0928
91000 75.7407 76.0924
91100 75.7637 76.0921
91200 76.2937 76.0923
91300 75.9953 76.0922
91400 76.2778 76.0924
91500 77.142 76.0935
91600 76.1342 76.0936
91700 76.0478 76.0935
91800 76.2961 76.0938
91900 75.8242 76.0935
92000 74.9277 76.0922
92100 75.0059 76.091
92200 74.7825 76.0896
92300 74.8994 76.0883
92400 75.3283 76.0875
92500 76.0466 76.0874
92600 75.9106 76.0872
92700 75.2904 76.0864
92800 76.1276 76.0864
92900 76.6711 76.0871
93000 76.2104 76.0872
93100 75.9808 76.0871
93200 76.0153 76.087
93300 75.6914 76.0866
93400 75.9443 76.0864
93500 75.3597 76.0857
93600 75.6254 76.0852
93700 75.9951 76.0851
93800 75.213 76.0841
93900 75.0744 76.0831
94000 75.0387 76.0819
94100 74.7915 76.0806
94200 74.7042 76.0791
94300 74.8168 76.0778
94400 75.2502 76.0769
94500 75.3199 76.0761
94600 75.3567 76.0753
94700 75.0567 76.0743
94800 74.5886 76.0727
94900 75.646 76.0722
95000 75.2593 76.0714
95100 75.5497 76.0708
95200 75.5945 76.0703
95300 75.9543 76.0702
95400 76.072 76.0702
95500 76.0284 76.0702
95600 76.2331 76.0703
95700 76.373 76.0707
95800 76.3862 76.071
95900 76.4505 76.0714
96000 75.2273 76.0705
96100 75.7979 76.0702
96200 75.3948 76.0695
96300 75.4788 76.0689
96400 75.3836 76.0682
96500 76.419 76.0686
96600 76.2529 76.0688
96700 76.3246 76.069
96800 75.9643 76.0689
96900 75.5482 76.0684
97000 75.8528 76.0681
97100 75.478 76.0675
97200 75.9732 76.0674
97300 75.9179 76.0673
97400 76.1222 76.0673
97500 75.7866 76.0671
97600 75.9789 76.067
97700 75.3993 76.0663
97800 75.7322 76.0659
97900 75.9715 76.0658
98000 76.3847 76.0662
98100 76.5256 76.0666
98200 76.6488 76.0672
98300 75.9968 76.0672
98400 76.3288 76.0674
98500 76.3654 76.0677
98600 75.6487 76.0673
98700 76.1999 76.0674
98800 76.3082 76.0677
98900 75.2781 76.0669
99000 75.501 76.0663
99100 76.138 76.0664
99200 76.4897 76.0668
99300 76.2472 76.067
99400 76.3074 76.0672
99500 76.2208 76.0674
99600 75.8243 76.0671
99700 76.2283 76.0673
99800 75.4634 76.0667
99900 74.44 76.0651
100000 75.4929 76.0645
100100 75.9788 76.0644
100200 75.7489 76.0641
100300 76.5496 76.0646
100400 76.2008 76.0647
100500 76.8944 76.0655
100600 76.2787 76.0658
100700 76.8207 76.0665
100800 76.6345 76.0671
100900 76.5321 76.0675
101000 76.1358 76.0676
101100 75.6061 76.0671
101200 76.0272 76.0671
101300 76.0184 76.0671
101400 75.8081 76.0668
101500 75.2212 76.066
101600 74.9515 76.0649
101700 75.351 76.0642
101800 75.3373 76.0635
101900 74.9899 76.0624
102000 75.6882 76.062
102100 75.6277 76.0616
102200 75.9538 76.0615
102300 75.9395 76.0614
102400 75.3031 76.0606
102500 75.7025 76.0603
102600 75.5286 76.0598
102700 75.5652 76.0593
102800 75.6527 76.0589
102900 76.1346 76.059
103000 76.0235 76.0589
103100 76.1884 76.0591
103200 75.9542 76.059
103300 75.9047 76.0588
103400 75.2808 76.0581
103500 76.0159 76.058
103600 76.1872 76.0581
103700 76.6913 76.0588
103800 76.1659 76.0589
103900 76.7732 76.0595
104000 76.7888 76.0602
104100 76.6731 76.0608
104200 76.8004 76.0615
104300 77.2543 76.0627
104400 76.5258 76.0631
104500 76.9707 76.064
104600 76.7178 76.0646
104700 75.9974 76.0646
104800 75.909 76.0644
104900 76.0936 76.0644
105000 76.2415 76.0646
105100 76.0975 76.0646
105200 76.1911 76.0648
105300 76.4457 76.0651
105400 75.8613 76.0649
105500 76.2144 76.0651
105600 76.2344 76.0652
105700 76.3044 76.0655
105800 76.4281 76.0658
105900 76.8275 76.0665
106000 76.6637 76.0671
106100 76.4608 76.0675
106200 76.9696 76.0683
106300 76.6509 76.0689
106400 76.8418 76.0696
106500 77.575 76.071
106600 77.6981 76.0725
106700 77.4936 76.0739
106800 76.158 76.0739
106900 76.0715 76.0739
107000 75.9412 76.0738
107100 75.8106 76.0736
107200 76.5582 76.074
107300 75.7911 76.0737
107400 76.2087 76.0739
107500 76.3176 76.0741
107600 76.8046 76.0748
107700 76.7309 76.0754
107800 77.2243 76.0765
107900 77.0124 76.0773
108000 76.2661 76.0775
108100 76.8758 76.0782
108200 76.4781 76.0786
108300 75.7999 76.0783
108400 75.6551 76.078
108500 75.7252 76.0776
108600 75.7706 76.0773
108700 76.7097 76.0779
108800 76.4241 76.0782
108900 76.4512 76.0786
109000 76.0945 76.0786
109100 75.8721 76.0784
109200 76.5621 76.0789
109300 76.4442 76.0792
109400 76.665 76.0797
109500 77.1862 76.0807
109600 76.3592 76.081
109700 76.2097 76.0811
109800 76.9533 76.0819
109900 76.4968 76.0823
110000 77.1979 76.0833
110100 76.945 76.0841
110200 76.7855 76.0847
110300 76.9943 76.0855
110400 77.7301 76.087
110500 76.9585 76.0878
110600 76.9239 76.0886
110700 76.1985 76.0887
110800 76.6369 76.0892
110900 75.9087 76.089
111000 76.5135 76.0894
111100 76.1605 76.0895
111200 76.6451 76.09
111300 76.504 76.0903
111400 77.4121 76.0915
111500 77.6231 76.0929
111600 77.5995 76.0942
111700 77.1294 76.0952
111800 77.333 76.0963
111900 77.0439 76.0971
112000 76.8078 76.0977
112100 77.147 76.0987
112200 76.974 76.0995
112300 76.5518 76.0999
112400 76.258 76.1
112500 76.7679 76.1006
112600 76.873 76.1013
112700 77.0139 76.1021
112800 77.7285 76.1035
112900 77.6632 76.1049
113000 77.0125 76.1057
113100 77.1799 76.1067
113200 77.693 76.1081
113300 78.0602 76.1098
113400 77.105 76.1107
113500 77.2441 76.1117
113600 77.7535 76.1131
113700 77.0869 76.114
113800 77.0199 76.1148
113900 77.3545 76.1159
114000 76.9902 76.1166
114100 77.1174 76.1175
114200 77.0838 76.1184
114300 76.5426 76.1187
114400 77.5396 76.12
114500 77.6944 76.1213
114600 77.0039 76.1221
114700 77.2132 76.1231
114800 77.21 76.124
114900 77.355 76.1251
115000 76.9936 76.1258
115100 77.245 76.1268
115200 76.9991 76.1276
115300 76.5346 76.1279
115400 77.6285 76.1292
115500 76.8287 76.1298
115600 77.326 76.1309
115700 76.6925 76.1313
115800 77.2485 76.1323
115900 76.8163 76.1329
116000 76.9379 76.1336
116100 77.3646 76.1347
116200 76.586 76.135
116300 76.5337 76.1354
116400 76.7265 76.1359
116500 76.7882 76.1365
116600 76.8296 76.137
116700 76.234 76.1371
116800 76.2457 76.1372
116900 76.8237 76.1378
117000 76.9205 76.1385
117100 77.0198 76.1392
117200 77.0194 76.14
117300 77.1451 76.1408
117400 77.4517 76.142
117500 77.1647 76.1428
117600 77.2051 76.1437
117700 76.5821 76.1441
117800 76.9057 76.1447
117900 76.3009 76.1449
118000 77.0539 76.1456
118100 76.7167 76.1461
118200 75.7024 76.1458
118300 75.2639 76.145
118400 75.4988 76.1445
118500 76.1579 76.1445
118600 75.4318 76.1439
118700 75.2063 76.1431
118800 75.4752 76.1425
118900 75.8881 76.1423
119000 75.8384 76.1421
119100 75.1388 76.1412
119200 75.8891 76.141
119300 76.1839 76.141
119400 76.442 76.1413
119500 76.6639 76.1417
119600 76.0758 76.1417
119700 75.5687 76.1412
119800 76.1121 76.1412
119900 75.8084 76.1409
120000 75.5498 76.1404
120100 75.8761 76.1402
120200 75.2775 76.1395
120300 75.9513 76.1393
120400 76.141 76.1393
120500 76.5297 76.1396
120600 76.617 76.14
120700 76.5714 76.1404
120800 76.0528 76.1403
120900 75.7 76.1399
121000 75.8427 76.1397
121100 76.5443 76.14
121200 76.2057 76.1401
121300 75.9672 76.1399
121400 75.6395 76.1395
121500 75.6365 76.1391
121600 75.5869 76.1387
121700 75.9842 76.1385
121800 76.3194 76.1387
121900 75.9213 76.1385
122000 75.976 76.1384
122100 75.9804 76.1382
122200 75.3965 76.1376
122300 75.4552 76.1371
122400 75.062 76.1362
122500 75.2436 76.1355
122600 75.1994 76.1347
122700 75.2546 76.134
122800 75.5127 76.1335
122900 75.8957 76.1333
123000 75.8436 76.1331
123100 75.9372 76.1329
123200 75.8258 76.1327
123300 75.2146 76.1319
123400 75.1112 76.1311
123500 75.8478 76.1309
123600 75.7836 76.1306
123700 75.4718 76.13
123800 76.2061 76.1301
123900 75.5256 76.1296
124000 75.6841 76.1293
124100 75.6361 76.1289
124200 75.6375 76.1285
124300 76.2313 76.1285
124400 76.0781 76.1285
124500 76.2906 76.1286
124600 75.467 76.1281
124700 76.0077 76.128
124800 76.1223 76.128
124900 76.5587 76.1283
125000 76.2033 76.1284
125100 76.2569 76.1285
125200 76.9329 76.1291
125300 77.2376 76.13
125400 76.5699 76.1304
125500 76.0866 76.1303
125600 75.9238 76.1302
125700 75.714 76.1299
125800 75.4699 76.1293
125900 76.4155 76.1296
126000 75.6439 76.1292
126100 76.5075 76.1295
126200 76.1782 76.1295
126300 76.0329 76.1294
126400 74.9086 76.1285
126500 76.2252 76.1285
126600 76.0792 76.1285
126700 76.1542 76.1285
126800 75.837 76.1283
126900 76.119 76.1283
127000 76.0882 76.1283
127100 75.9349 76.1281
127200 76.3352 76.1283
127300 75.8117 76.128
127400 76.2423 76.1281
127500 76.3949 76.1283
127600 76.3785 76.1285
127700 76.6919 76.129
127800 76.1639 76.129
127900 76.6172 76.1294
128000 76.7794 76.1299
128100 76.583 76.1302
128200 76.8471 76.1308
128300 77.2452 76.1317
128400 77.1605 76.1325
128500 77.1819 76.1333
128600 76.7319 76.1337
128700 76.5699 76.1341
128800 76.3777 76.1343
128900 76.2296 76.1343
129000 76.3076 76.1345
129100 76.8428 76.135
129200 76.2758 76.1351
129300 76.8085 76.1357
129400 76.4777 76.1359
129500 76.5179 76.1362
129600 76.5465 76.1365
129700 76.6653 76.1369
129800 76.2761 76.137
129900 75.9027 76.1369
130000 75.7786 76.1366
130100 75.1384 76.1358
130200 74.9941 76.1349
130300 76.3412 76.1351
130400 75.9562 76.135
130500 75.4993 76.1345
130600 75.6986 76.1341
130700 75.6061 76.1337
130800 75.4319 76.1332
130900 75.5271 76.1327
131000 74.9338 76.1318
131100 75.2261 76.1311
131200 75.3234 76.1305
131300 75.8048 76.1303
131400 75.7319 76.13
131500 75.8206 76.1297
131600 76.2448 76.1298
131700 76.6161 76.1302
131800 76.642 76.1306
131900 75.8222 76.1303
132000 76.1385 76.1303
132100 75.6809 76.13
132200 75.8003 76.1298
132300 76.3014 76.1299
132400 76.5938 76.1302
132500 76.8949 76.1308
132600 76.7148 76.1313
132700 76.1713 76.1313
132800 76.0035 76.1312
132900 75.6736 76.1308
133000 75.7092 76.1305
133100 75.4959 76.1301
133200 75.5357 76.1296
133300 75.2925 76.129
133400 75.4333 76.1285
133500 75.5207 76.128
133600 75.861 76.1278
133700 75.5133 76.1273
133800 75.656 76.127
133900 76.2717 76.1271
134000 76.3322 76.1272
134100 76.4735 76.1275
134200 76.771 76.128
134300 77.0455 76.1287
134400 76.9976 76.1293
134500 76.8704 76.1299
134600 76.8875 76.1304
134700 77.2089 76.1312
134800 76.785 76.1317
134900 77.0112 76.1324
135000 76.7963 76.1329
135100 77.0595 76.1335
135200 77.4715 76.1345
135300 76.7906 76.135
135400 76.5393 76.1353
135500 76.7993 76.1358
135600 76.6784 76.1362
135700 76.3022 76.1363
135800 76.471 76.1366
135900 76.4523 76.1368
136000 76.4314 76.137
136100 75.925 76.1369
136200 75.5421 76.1364
136300 75.2359 76.1358
136400 75.5415 76.1353
136500 75.4151 76.1348
136600 75.561 76.1344
136700 75.9267 76.1342
136800 76.1204 76.1342
136900 76.0241 76.1341
137000 76.1679 76.1342
137100 76.0973 76.1341
137200 76.2388 76.1342
137300 75.8304 76.134
137400 76.2769 76.1341
137500 75.7552 76.1338
137600 76.1209 76.1338
137700 76.2979 76.1339
137800 76.0113 76.1338
137900 75.3718 76.1333
138000 76.0194 76.1332
138100 75.2076 76.1325
138200 74.9388 76.1317
138300 75.5479 76.1313
138400 75.5078 76.1308
138500 76.5211 76.1311
138600 75.9509 76.131
138700 76.3148 76.1311
138800 76.2443 76.1312
138900 75.5422 76.1307
139000 75.3096 76.1302
139100 76.3408 76.1303
139200 76.2476 76.1304
139300 75.9164 76.1302
139400 75.5776 76.1298
139500 75.4809 76.1294
139600 75.565 76.129
139700 75.596 76.1286
139800 74.8747 76.1277
139900 74.2785 76.1264
140000 74.2664 76.125
140100 74.6252 76.124
140200 74.7619 76.123
140300 75.0306 76.1222
140400 75.0832 76.1215
140500 74.5917 76.1204
140600 74.3839 76.1192
140700 74.2619 76.1178
140800 74.2737 76.1165
140900 74.3849 76.1153
141000 74.5536 76.1142
141100 74.6808 76.1132
141200 74.8443 76.1123
141300 74.816 76.1114
141400 75.1049 76.1107
141500 76.1369 76.1107
141600 75.4117 76.1102
141700 75.11 76.1095
141800 75.4393 76.109
141900 75.1415 76.1083
142000 75.543 76.1079
142100 75.5794 76.1075
142200 76.1412 76.1076
142300 76.1546 76.1076
142400 76.5374 76.1079
142500 76.7166 76.1083
142600 76.2954 76.1085
142700 76.7089 76.1089
142800 76.755 76.1093
142900 76.4231 76.1096
143000 76.3364 76.1097
143100 76.5235 76.11
143200 76.0684 76.11
143300 75.9603 76.1099
143400 75.6672 76.1096
143500 75.9316 76.1094
143600 76.1985 76.1095
143700 76.5156 76.1098
143800 76.2054 76.1098
143900 75.4858 76.1094
144000 75.8989 76.1093
144100 76.4095 76.1095
144200 76.6176 76.1098
144300 76.5941 76.1102
144400 76.9509 76.1107
144500 76.1547 76.1108
144600 76.1585 76.1108
144700 76.5601 76.1111
144800 76.475 76.1114
144900 76.5904 76.1117
145000 75.7145 76.1114
145100 76.0423 76.1114
145200 75.4618 76.1109
145300 75.5037 76.1105
145400 75.5431 76.1101
145500 75.4925 76.1097
145600 75.8673 76.1095
145700 75.5664 76.1092
145800 76.5202 76.1094
145900 76.288 76.1096
146000 75.5352 76.1092
146100 75.6417 76.1089
146200 75.4122 76.1084
146300 75.5248 76.108
146400 75.5461 76.1076
146500 75.4226 76.1071
146600 75.2891 76.1066
146700 75.4918 76.1061
146800 75.8518 76.106
146900 76.4456 76.1062
147000 76.339 76.1064
147100 76.7229 76.1068
147200 76.3887 76.107
147300 77.0384 76.1076
147400 76.7335 76.108
147500 77.0793 76.1087
147600 77.4135 76.1096
147700 76.0817 76.1096
147800 76.6515 76.1099
147900 76.7071 76.1103
148000 76.0964 76.1103
148100 75.9892 76.1102
148200 75.9743 76.1101
148300 75.682 76.1099
148400 75.3968 76.1094
148500 75.149 76.1087
148600 75.4286 76.1083
148700 74.8876 76.1075
148800 75.5805 76.1071
148900 75.4582 76.1067
149000 75.6514 76.1064
149100 76.3839 76.1065
149200 75.9375 76.1064
149300 76.5369 76.1067
149400 75.6297 76.1064
149500 75.6922 76.1061
149600 75.4231 76.1057
149700 75.0023 76.1049
149800 75.13 76.1043
149900 75.2008 76.1037
150000 75.2206 76.1031
150100 75.405 76.1026
150200 75.7802 76.1024
150300 76.9889 76.103
150400 76.0043 76.1029
150500 76.3504 76.1031
150600 76.5771 76.1034
150700 76.185 76.1035
150800 75.7835 76.1032
150900 76.5188 76.1035
151000 76.1463 76.1036
151100 75.7523 76.1033
151200 76.2017 76.1034
151300 76.405 76.1036
151400 75.8437 76.1034
151500 76.0299 76.1034
151600 75.7868 76.1032
151700 75.887 76.103
151800 76.8624 76.1035
151900 76.2855 76.1036
152000 75.8705 76.1035
152100 75.6303 76.1032
152200 76.0969 76.1032
152300 75.802 76.103
152400 75.6924 76.1027
152500 76.3111 76.1028
152600 76.684 76.1032
152700 76.2193 76.1033
152800 76.5606 76.1036
152900 76.4329 76.1038
153000 76.2559 76.1039
153100 75.9364 76.1038
153200 76.1291 76.1038
153300 76.1094 76.1038
153400 76.3561 76.104
153500 76.2742 76.1041
153600 76.3686 76.1043
153700 75.8261 76.1041
153800 75.8755 76.1039
153900 76.0662 76.1039
154000 75.7768 76.1037
154100 76.2906 76.1038
154200 76.9401 76.1044
154300 76.6812 76.1047
154400 75.8775 76.1046
154500 75.9829 76.1045
154600 76.2764 76.1046
154700 75.888 76.1045
154800 75.9507 76.1044
154900 76.1916 76.1044
155000 75.7421 76.1042
155100 76.2998 76.1043
155200 76.6983 76.1047
155300 76.1089 76.1047
155400 76.6473 76.1051
155500 76.5523 76.1054
155600 76.1125 76.1054
155700 75.6038 76.105
155800 75.0433 76.1044
155900 75.8585 76.1042
156000 76.5175 76.1045
156100 76.1494 76.1045
156200 76.6128 76.1048
156300 75.5952 76.1045
156400 75.3925 76.104
156500 75.815 76.1038
156600 75.6507 76.1036
156700 75.8064 76.1034
156800 75.6798 76.1031
156900 76.3155 76.1032
157000 76.0294 76.1032
157100 76.233 76.1033
157200 76.4688 76.1035
157300 76.6142 76.1038
157400 76.2858 76.1039
157500 75.5882 76.1036
157600 75.6642 76.1033
157700 76.2172 76.1034
157800 76.2511 76.1035
157900 76.6613 76.1039
158000 76.4236 76.1041
158100 76.3541 76.1042
158200 75.9459 76.1041
158300 76.2468 76.1042
158400 76.1784 76.1043
158500 75.9765 76.1042
158600 76.4705 76.1044
158700 76.3895 76.1046
158800 76.3419 76.1047
158900 77.3488 76.1055
159000 76.9542 76.106
159100 77.0393 76.1066
159200 77.0584 76.1072
159300 76.4923 76.1075
159400 76.1718 76.1075
159500 76.4494 76.1077
159600 76.8036 76.1082
159700 76.5774 76.1085
159800 76.9802 76.109
159900 76.4243 76.1092
160000 76.7451 76.1096
160100 77.3575 76.1104
160200 77.4625 76.1112
160300 76.3751 76.1114
160400 76.6099 76.1117
160500 76.7989 76.1121
160600 76.9905 76.1127
160700 76.0957 76.1127
160800 76.2306 76.1127
160900 76.292 76.1128
161000 76.3118 76.113
161100 75.9404 76.1129
161200 75.9244 76.1127
161300 76.6466 76.1131
161400 76.3608 76.1132
161500 75.4272 76.1128
161600 75.827 76.1126
161700 76.6749 76.113
161800 75.7337 76.1127
161900 75.7995 76.1125
162000 76.059 76.1125
162100 75.4911 76.1121
162200 75.6372 76.1118
162300 76.4733 76.1121
162400 77.472 76.1129
162500 76.6908 76.1133
162600 76.5554 76.1135
162700 76.7942 76.1139
162800 76.8157 76.1144
162900 76.6804 76.1147
163000 77.5994 76.1156
163100 77.3833 76.1164
163200 76.9571 76.1169
163300 76.9504 76.1174
163400 76.5817 76.1177
163500 77.2701 76.1184
163600 76.6478 76.1188
163700 76.9863 76.1193
163800 76.6211 76.1196
163900 76.1063 76.1196
164000 76.147 76.1196
164100 75.9636 76.1195
164200 76.155 76.1195
164300 75.6149 76.1192
164400 75.5316 76.1189
164500 76.0604 76.1188
164600 76.3485 76.119
164700 76.6503 76.1193
164800 76.2535 76.1194
164900 75.9382 76.1193
165000 76.6538 76.1196
165100 76.6849 76.1199
165200 76.6917 76.1203
165300 77.2042 76.1209
165400 76.5342 76.1212
165500 76.4825 76.1214
165600 76.6781 76.1217
165700 77.0297 76.1223
165800 76.5173 76.1225
165900 77.0564 76.1231
166000 77.0803 76.1237
166100 76.3937 76.1238
166200 76.4877 76.124
166300 76.7888 76.1244
166400 77.2766 76.1251
166500 77.2817 76.1258
166600 77.0221 76.1264
166700 77.5473 76.1272
166800 76.9169 76.1277
166900 77.3133 76.1284
167000 76.8265 76.1288
167100 76.382 76.129
167200 76.2998 76.1291
167300 76.7245 76.1294
167400 77.395 76.1302
167500 76.7922 76.1306
167600 77.0383 76.1311
167700 77.1819 76.1317
167800 76.9043 76.1322
167900 76.4205 76.1324
168000 76.5718 76.1326
168100 76.1464 76.1326
168200 76.4896 76.1329
168300 76.1266 76.1329
168400 75.9444 76.1327
168500 76.4052 76.1329
168600 76.2467 76.133
168700 76.4434 76.1332
168800 76.5993 76.1334
168900 76.2626 76.1335
169000 76.2562 76.1336
169100 76.3709 76.1337
169200 75.8791 76.1336
169300 75.4601 76.1332
169400 75.4184 76.1328
169500 75.7322 76.1325
169600 75.6082 76.1322
169700 75.3879 76.1318
169800 75.1948 76.1312
169900 75.3092 76.1307
170000 75.6472 76.1304
170100 75.9304 76.1303
170200 75.4296 76.1299
170300 76.1734 76.1299
170400 75.4644 76.1296
170500 76.0001 76.1295
170600 76.4002 76.1296
170700 75.9854 76.1296
170800 75.5329 76.1292
170900 75.4679 76.1288
171000 75.0889 76.1282
171100 75.3227 76.1277
171200 75.8091 76.1275
171300 76.7301 76.1279
171400 76.9147 76.1284
171500 76.5109 76.1286
171600 76.2431 76.1287
171700 76.0699 76.1286
171800 76.2331 76.1287
171900 76.787 76.1291
172000 76.0913 76.129
172100 75.983 76.129
172200 75.4117 76.1285
172300 75.3896 76.1281
172400 75.921 76.128
172500 75.0178 76.1273
172600 75.5254 76.127
172700 75.9517 76.1269
172800 75.9864 76.1268
172900 76.6308 76.1271
173000 76.4849 76.1273
173100 76.4947 76.1275
173200 76.9633 76.128
173300 76.4667 76.1282
173400 76.1175 76.1282
173500 75.8808 76.1281
173600 76.1494 76.1281
173700 76.1849 76.1281
173800 75.7377 76.1279
173900 76.5849 76.1281
174000 77.1994 76.1288
174100 76.593 76.129
174200 77.0185 76.1295
174300 76.688 76.1298
174400 76.1273 76.1298
174500 76.3251 76.13
174600 76.5486 76.1302
174700 76.2423 76.1303
174800 75.942 76.1302
174900 76.0143 76.1301
175000 76.766 76.1305
175100 76.9678 76.1309
175200 76.4704 76.1311
175300 76.5581 76.1314
175400 76.0515 76.1313
175500 75.6936 76.1311
175600 76.6229 76.1314
175700 76.5493 76.1316
175800 75.8152 76.1314
175900 76.0317 76.1314
176000 76.1304 76.1314
176100 75.6863 76.1311
176200 75.3923 76.1307
176300 75.5279 76.1303
176400 75.754 76.1301
176500 77.3857 76.1308
176600 76.4916 76.131
176700 75.7758 76.1308
176800 75.9525 76.1307
176900 76.1492 76.1308
177000 76.4063 76.1309
177100 75.6958 76.1307
177200 75.5227 76.1303
177300 75.9536 76.1302
177400 76.54 76.1304
177500 76.9477 76.1309
177600 76.3076 76.131
177700 75.8565 76.1309
177800 75.288 76.1304
177900 75.2897 76.1299
178000 76.2514 76.13
178100 76.1252 76.13
178200 77.4743 76.1307
178300 77.1506 76.1313
178400 77.1524 76.1319
178500 76.4139 76.132
178600 75.8266 76.1319
178700 76.0188 76.1318
178800 75.9263 76.1317
178900 75.907 76.1316
179000 75.7611 76.1313
179100 76.26 76.1314
179200 76.2128 76.1315
179300 76.2821 76.1315
179400 76.7153 76.1319
179500 76.4033 76.132
179600 77.453 76.1328
179700 76.7614 76.1331
179800 76.9239 76.1336
179900 77.1129 76.1341
180000 76.687 76.1344
180100 77.0399 76.1349
180200 77.0381 76.1354
180300 76.1384 76.1354
180400 76.0192 76.1353
180500 76.7613 76.1357
180600 76.0392 76.1356
180700 77.1019 76.1362
180800 77.5043 76.1369
180900 76.8688 76.1373
181000 76.3006 76.1374
181100 76.4128 76.1376
181200 76.447 76.1377
181300 76.3875 76.1379
181400 76.6679 76.1382
181500 76.3486 76.1383
181600 76.8107 76.1387
181700 77.2502 76.1393
181800 76.995 76.1397
181900 76.556 76.14
182000 76.4991 76.1402
182100 76.0222 76.1401
182200 76.2113 76.1401
182300 76.3595 76.1403
182400 76.0816 76.1402
182500 76.3203 76.1403
182600 76.738 76.1407
182700 76.8673 76.1411
182800 76.6843 76.1414
182900 76.5043 76.1416
183000 77.0841 76.1421
183100 77.0206 76.1425
183200 76.6659 76.1428
183300 76.8614 76.1432
183400 77.1808 76.1438
183500 77.3557 76.1445
183600 77.2769 76.1451
183700 77.1961 76.1456
183800 76.9384 76.1461
183900 76.313 76.1462
184000 77.0271 76.1466
184100 76.6079 76.1469
184200 77.1888 76.1475
184300 76.6991 76.1478
184400 76.3069 76.1478
184500 76.5794 76.1481
184600 76.544 76.1483
184700 76.6599 76.1486
184800 76.4636 76.1487
184900 76.6253 76.149
185000 76.6363 76.1493
185100 76.9377 76.1497
185200 76.8227 76.15
185300 77.1933 76.1506
185400 77.1215 76.1511
185500 77.9085 76.1521
185600 77.4279 76.1528
185700 77.2124 76.1533
185800 76.6216 76.1536
185900 76.4614 76.1538
186000 76.336 76.1539
186100 75.7479 76.1536
186200 75.8574 76.1535
186300 75.3318 76.153
186400 75.4681 76.1527
186500 75.7442 76.1525
186600 75.1442 76.1519
186700 76.3264 76.152
186800 77.1025 76.1525
186900 76.8751 76.1529
187000 76.6911 76.1532
187100 76.9125 76.1536
187200 76.863 76.154
187300 76.5795 76.1542
187400 77.2552 76.1548
187500 77.5058 76.1555
187600 77.0022 76.156
187700 76.2832 76.156
187800 75.3295 76.1556
187900 76.5726 76.1558
188000 76.6882 76.1561
188100 76.5544 76.1563
188200 76.4996 76.1565
188300 76.5002 76.1567
188400 76.5377 76.1569
188500 75.847 76.1567
188600 76.2347 76.1567
188700 76.3946 76.1569
188800 75.9022 76.1567
188900 75.8476 76.1566
189000 76.3624 76.1567
189100 76.7166 76.157
189200 76.445 76.1571
189300 76.0599 76.1571
189400 75.9377 76.157
189500 76.046 76.1569
189600 76.0403 76.1568
189700 77.1482 76.1574
189800 76.7824 76.1577
189900 76.3745 76.1578
190000 76.5302 76.158
190100 76.4916 76.1582
190200 76.3425 76.1583
190300 76.0895 76.1582
190400 75.8434 76.1581
190500 75.566 76.1578
190600 75.5673 76.1575
190700 75.2514 76.157
190800 75.4658 76.1566
190900 76.4024 76.1568
191000 77.0662 76.1572
191100 76.9739 76.1577
191200 76.2906 76.1577
191300 76.4005 76.1579
191400 76.1123 76.1578
191500 75.783 76.1576
191600 75.9744 76.1575
191700 76.0263 76.1575
191800 75.2947 76.157
191900 75.7463 76.1568
192000 75.6201 76.1565
192100 75.1641 76.156
192200 75.3257 76.1556
192300 75.5598 76.1553
192400 75.1008 76.1547
192500 75.0424 76.1541
192600 75.5253 76.1538
192700 75.355 76.1534
192800 75.581 76.1531
192900 75.6809 76.1529
193000 75.5673 76.1526
193100 75.7159 76.1523
193200 76.2905 76.1524
193300 76.4716 76.1526
193400 76.0143 76.1525
193500 75.8074 76.1523
193600 75.9032 76.1522
193700 76.0338 76.1521
193800 75.8533 76.152
193900 75.8638 76.1518
194000 76.4713 76.152
194100 75.5255 76.1517
194200 75.3625 76.1513
194300 75.7491 76.151
194400 76.1769 76.1511
194500 75.8524 76.1509
194600 76.5814 76.1511
194700 77.1715 76.1517
194800 75.9206 76.1515
194900 76.4648 76.1517
195000 76.4416 76.1518
195100 76.8976 76.1522
195200 75.9051 76.1521
195300 76.0029 76.152
195400 76.5349 76.1522
195500 76.787 76.1525
195600 76.6949 76.1528
195700 77.0943 76.1533
195800 76.7138 76.1536
195900 76.6184 76.1538
196000 76.99 76.1543
196100 77.2555 76.1548
196200 77.2296 76.1554
196300 76.8612 76.1557
196400 76.9122 76.1561
196500 76.4038 76.1562
196600 76.385 76.1564
196700 76.1106 76.1563
196800 76.2447 76.1564
196900 75.9929 76.1563
197000 75.9576 76.1562
197100 76.1639 76.1562
197200 76.8777 76.1566
197300 76.1049 76.1565
197400 75.938 76.1564
197500 76.8618 76.1568
197600 76.1753 76.1568
197700 75.9509 76.1567
197800 75.881 76.1565
197900 75.9937 76.1565
198000 75.4175 76.1561
198100 75.3936 76.1557
198200 75.9145 76.1556
198300 75.6892 76.1553
198400 75.605 76.1551
198500 75.9917 76.155
198600 75.9418 76.1549
198700 75.7988 76.1547
198800 75.2846 76.1543
198900 75.243 76.1538
199000 75.643 76.1535
199100 75.2637 76.1531
199200 75.4956 76.1528
199300 75.6437 76.1525
199400 76.3132 76.1526
199500 75.9354 76.1525
199600 75.7828 76.1523
199700 75.9855 76.1522
199800 75.9523 76.1521
199900 75.135 76.1516
200000 75.1175 76.1511
200100 75.1976 76.1506
200200 76.2481 76.1507
200300 76.1603 76.1507
200400 77.0712 76.1511
200500 76.2705 76.1512
200600 75.6609 76.1509
200700 75.5584 76.1506
200800 75.7089 76.1504
200900 76.2277 76.1505
201000 76.1666 76.1505
201100 76.5168 76.1507
201200 76.5444 76.1509
201300 76.6329 76.1511
201400 75.9496 76.151
201500 76.3078 76.1511
201600 76.2945 76.1511
201700 76.4989 76.1513
201800 75.4988 76.151
201900 75.8731 76.1509
202000 76.1425 76.1508
202100 75.9412 76.1507
202200 75.6374 76.1505
202300 75.7084 76.1503
202400 76.1427 76.1503
202500 76.075 76.1502
202600 75.6723 76.15
202700 75.885 76.1499
202800 75.5716 76.1496
202900 75.5706 76.1493
203000 76.0318 76.1492
203100 76.0826 76.1492
203200 75.1681 76.1487
203300 74.8823 76.1481
203400 75.0671 76.1476
203500 75.4472 76.1472
203600 76.2312 76.1473
203700 75.8585 76.1471
203800 76.0497 76.1471
203900 76.2309 76.1471
204000 76.0899 76.1471
204100 76.1253 76.1471
204200 75.5754 76.1468
204300 74.9763 76.1462
204400 74.6524 76.1455
204500 75.4808 76.1452
204600 75.9001 76.145
204700 75.8136 76.1449
204800 75.7107 76.1447
204900 75.9587 76.1446
205000 75.4903 76.1443
205100 75.2861 76.1438
205200 75.0329 76.1433
205300 75.9219 76.1432
205400 75.867 76.1431
205500 75.5344 76.1428
205600 75.9908 76.1427
205700 75.7135 76.1425
205800 76.3862 76.1426
205900 76.3933 76.1427
206000 75.9878 76.1426
206100 76.0991 76.1426
206200 75.6181 76.1424
206300 75.658 76.1421
206400 75.4845 76.1418
206500 75.1511 76.1413
206600 75.1844 76.1409
206700 74.8193 76.1402
206800 74.3791 76.1394
206900 74.7197 76.1387
207000 75.154 76.1382
207100 75.0962 76.1377
207200 74.7919 76.1371
207300 74.6065 76.1363
207400 75.0399 76.1358
207500 75.2383 76.1354
207600 75.1237 76.1349
207700 75.138 76.1344
207800 74.9746 76.1338
207900 75.1455 76.1334
208000 74.8079 76.1327
208100 75.1424 76.1323
208200 75.0627 76.1317
208300 75.7079 76.1315
208400 75.4328 76.1312
208500 75.2056 76.1308
208600 74.9613 76.1302
208700 75.1492 76.1297
208800 74.6791 76.129
208900 74.5075 76.1283
209000 75.2169 76.1278
209100 74.6937 76.1271
209200 75.6078 76.1269
209300 75.2899 76.1265
209400 75.2019 76.126
209500 74.3617 76.1252
209600 75.3473 76.1248
209700 75.3953 76.1245
209800 75.4065 76.1241
209900 74.5963 76.1234
210000 75.2676 76.123
210100 75.0354 76.1225
210200 74.9789 76.1219
210300 75.4843 76.1216
210400 75.1901 76.1212
210500 75.6057 76.121
210600 76.0265 76.1209
210700 76.0799 76.1209
210800 75.905 76.1208
210900 75.4857 76.1205
211000 75.5278 76.1202
211100 75.6549 76.12
211200 75.6124 76.1197
211300 75.6424 76.1195
211400 75.3726 76.1192
211500 75.5695 76.1189
211600 74.613 76.1182
211700 74.6533 76.1175
211800 74.8221 76.1169
211900 74.6337 76.1162
212000 74.5682 76.1155
212100 75.0449 76.115
212200 74.5711 76.1142
212300 74.5204 76.1135
212400 74.1912 76.1126
212500 74.5632 76.1118
212600 74.486 76.1111
212700 74.9161 76.1105
212800 75.1603 76.1101
212900 74.3724 76.1093
213000 74.612 76.1086
213100 74.8898 76.108
213200 74.6903 76.1073
213300 75.6441 76.1071
213400 74.9318 76.1065
213500 74.969 76.106
213600 75.5697 76.1058
213700 75.0503 76.1053
213800 73.8613 76.1042
213900 74.508 76.1035
214000 75.1283 76.103
214100 74.4617 76.1023
214200 75.2112 76.1018
214300 75.4999 76.1016
214400 76.149 76.1016
214500 76.0819 76.1016
214600 75.6691 76.1014
214700 75.1206 76.1009
214800 75.1056 76.1004
214900 75.3893 76.1001
215000 75.1071 76.0997
215100 74.918 76.0991
215200 74.7881 76.0985
215300 75.4166 76.0982
215400 75.4478 76.0979
215500 75.9505 76.0978
215600 76.328 76.0979
215700 75.6556 76.0977
215800 75.5571 76.0975
215900 75.8849 76.0974
216000 76.3632 76.0975
216100 76.1315 76.0975
216200 75.4457 76.0972
216300 75.1946 76.0968
216400 75.631 76.0966
216500 75.8382 76.0964
216600 76.4985 76.0966
216700 76.1954 76.0967
216800 76.0626 76.0967
216900 75.8153 76.0965
217000 75.0849 76.0961
217100 75.1833 76.0956
217200 75.297 76.0953
217300 75.2433 76.0949
217400 75.6656 76.0947
217500 75.6908 76.0945
217600 75.7703 76.0944
217700 76.1368 76.0944
217800 75.911 76.0943
217900 75.5481 76.094
218000 75.4514 76.0937
218100 75.5165 76.0935
218200 75.5135 76.0932
218300 75.679 76.093
218400 75.8413 76.0929
218500 75.9338 76.0928
218600 75.6441 76.0926
218700 75.2028 76.0922
218800 75.4471 76.0919
218900 75.5434 76.0917
219000 75.5538 76.0914
219100 75.4577 76.0911
219200 76.3624 76.0913
219300 75.955 76.0912
219400 76.3687 76.0913
219500 75.6241 76.0911
219600 74.7903 76.0905
219700 75.0971 76.0901
219800 75.4239 76.0898
219900 75.5499 76.0895
220000 75.4573 76.0892
220100 75.9927 76.0892
220200 75.9398 76.0891
220300 76.3672 76.0893
220400 76.4348 76.0894
220500 76.3049 76.0895
220600 76.4023 76.0896
220700 77.0562 76.0901
220800 77.2696 76.0906
220900 76.8905 76.091
221000 77.3963 76.0916
221100 76.492 76.0918
221200 76.7694 76.0921
221300 76.5173 76.0923
221400 76.4903 76.0924
221500 76.837 76.0928
221600 77.3455 76.0933
221700 77.5631 76.094
221800 76.7713 76.0943
221900 76.2375 76.0944
222000 77.1601 76.0948
222100 76.7396 76.0951
222200 76.3715 76.0953
222300 76.8651 76.0956
222400 76.6239 76.0958
222500 76.6903 76.0961
222600 75.9798 76.0961
222700 76.2992 76.0962
222800 77.2501 76.0967
222900 76.3555 76.0968
223000 76.3299 76.0969
223100 76.8226 76.0972
223200 76.8275 76.0975
223300 76.8086 76.0979
223400 76.7748 76.0982
223500 76.1265 76.0982
223600 76.0416 76.0982
223700 75.5572 76.0979
223800 76.2082 76.098
223900 76.5952 76.0982
224000 76.5457 76.0984
224100 76.4387 76.0985
224200 76.3313 76.0986
224300 76.2189 76.0987
224400 76.3065 76.0988
224500 76.6597 76.099
224600 76.4932 76.0992
224700 76.2055 76.0993
224800 76.0904 76.0993
224900 76.2085 76.0993
225000 76.3831 76.0994
225100 77.0532 76.0999
225200 76.7602 76.1001
225300 76.4672 76.1003
225400 76.2185 76.1004
225500 76.723 76.1006
225600 76.5935 76.1009
225700 76.2341 76.1009
225800 76.3015 76.101
225900 76.0377 76.101
226000 76.4511 76.1011
226100 76.2164 76.1012
226200 75.6336 76.101
226300 75.5411 76.1007
226400 75.8628 76.1006
226500 76.063 76.1006
226600 76.5071 76.1008
226700 76.5906 76.101
226800 76.1799 76.101
226900 76.317 76.1011
227000 76.5949 76.1013
227100 76.6539 76.1016
227200 76.6992 76.1019
227300 76.3117 76.1019
227400 76.3095 76.102
227500 76.2893 76.1021
227600 76.2467 76.1022
227700 77.0078 76.1026
227800 76.1294 76.1026
227900 76.4773 76.1028
228000 76.1927 76.1028
228100 75.6658 76.1026
228200 75.7817 76.1025
228300 75.8134 76.1023
228400 76.7803 76.1026
228500 76.9444 76.103
228600 77.0255 76.1034
228700 76.7784 76.1037
228800 76.5569 76.1039
228900 76.8197 76.1042
229000 77.0384 76.1046
229100 76.7538 76.1049
229200 77.1068 76.1053
229300 77.2991 76.1059
229400 77.6423 76.1065
229500 76.6623 76.1068
229600 76.1114 76.1068
229700 75.8169 76.1066
229800 76.4306 76.1068
229900 75.8048 76.1067
230000 75.6849 76.1065
230100 75.8319 76.1064
230200 75.9998 76.1063
230300 74.9823 76.1058
230400 74.5376 76.1051
230500 74.9867 76.1047
230600 75.6756 76.1045
230700 75.7783 76.1043
230800 75.6488 76.1041
230900 75.1804 76.1037
231000 74.7202 76.1031
231100 74.8747 76.1026
231200 75.4679 76.1023
231300 75.4279 76.102
231400 75.5036 76.1018
231500 74.5564 76.1011
231600 74.0244 76.1002
231700 74.976 76.0997
231800 75.6989 76.0996
231900 75.3048 76.0992
232000 76.2523 76.0993
232100 76.5 76.0994
232200 76.1371 76.0995
232300 75.7227 76.0993
232400 75.3614 76.099
232500 75.6063 76.0988
232600 75.7423 76.0986
232700 75.2498 76.0983
232800 75.144 76.0978
232900 75.748 76.0977
233000 75.8117 76.0976
233100 75.2305 76.0972
233200 74.526 76.0965
233300 74.3403 76.0958
233400 74.8783 76.0953
233500 75.5154 76.095
233600 75.0681 76.0946
233700 75.7824 76.0944
233800 75.8727 76.0943
233900 75.935 76.0943
234000 75.4824 76.094
234100 75.559 76.0938
234200 75.5101 76.0935
234300 75.4211 76.0932
234400 75.7099 76.0931
234500 76.1889 76.0931
234600 76.5356 76.0933
234700 76.4773 76.0935
234800 76.4041 76.0936
234900 76.5357 76.0938
235000 75.7741 76.0937
235100 75.082 76.0932
235200 75.378 76.0929
235300 75.661 76.0927
235400 76.0644 76.0927
235500 75.9855 76.0927
235600 75.9722 76.0926
235700 75.8377 76.0925
235800 76.0415 76.0925
235900 76.6769 76.0927
236000 76.6522 76.093
236100 76.3926 76.0931
236200 76.0655 76.0931
236300 75.8146 76.093
236400 75.8988 76.0929
236500 76.0098 76.0929
236600 76.2481 76.0929
236700 76.0588 76.0929
236800 76.0033 76.0929
236900 76.043 76.0929
237000 75.9481 76.0928
237100 75.2509 76.0924
237200 76.4331 76.0926
237300 75.7058 76.0924
237400 76.5884 76.0926
237500 76.0738 76.0926
237600 75.1188 76.0922
237700 75.9233 76.0921
237800 76.1739 76.0922
237900 76.1328 76.0922
238000 76.4645 76.0923
238100 76.4999 76.0925
238200 76.1814 76.0926
238300 75.8222 76.0924
238400 75.7399 76.0923
238500 76.0053 76.0923
238600 76.0261 76.0922
238700 75.7481 76.0921
238800 75.7334 76.0919
238900 75.5478 76.0917
239000 76.0697 76.0917
239100 77.0001 76.0921
239200 76.4563 76.0922
239300 76.0674 76.0922
239400 75.4226 76.0919
239500 75.8347 76.0918
239600 75.6009 76.0916
239700 75.5479 76.0914
239800 75.3516 76.0911
239900 75.5034 76.0908
240000 75.4196 76.0906
240100 75.8549 76.0905
240200 75.7678 76.0903
240300 75.5941 76.0901
240400 74.6896 76.0895
240500 74.6016 76.0889
240600 74.3206 76.0882
240700 75.0546 76.0878
240800 75.4291 76.0875
240900 75.1276 76.0871
241000 75.2342 76.0867
241100 75.3009 76.0864
241200 75.4852 76.0862
241300 76.1194 76.0862
241400 76.432 76.0863
241500 76.7441 76.0866
241600 76.4802 76.0868
241700 77.2723 76.0872
241800 76.7581 76.0875
241900 76.1286 76.0875
242000 77.0599 76.0879
242100 76.7557 76.0882
242200 76.3906 76.0883
242300 75.9462 76.0883
242400 75.9123 76.0882
242500 76.1313 76.0882
242600 76.5453 76.0884
242700 76.4127 76.0886
242800 75.4373 76.0883
242900 75.692 76.0881
243000 75.7651 76.088
243100 76.5625 76.0882
243200 76.3467 76.0883
243300 76.799 76.0886
243400 76.3458 76.0887
243500 75.6543 76.0885
243600 76.3439 76.0886
243700 76.8697 76.0889
243800 76.6417 76.0892
243900 77.5194 76.0897
244000 76.5372 76.0899
244100 76.2063 76.09
244200 76.6759 76.0902
244300 76.565 76.0904
244400 76.0836 76.0904
244500 76.7571 76.0907
244600 76.6038 76.0909
244700 76.3833 76.091
244800 76.9499 76.0914
244900 77.0292 76.0917
245000 77.6091 76.0924
245100 77.0641 76.0928
245200 77.1567 76.0932
245300 76.7034 76.0934
245400 77.089 76.0938
245500 77.3718 76.0944
245600 76.416 76.0945
245700 76.0271 76.0945
245800 76.2321 76.0945
245900 75.9626 76.0945
246000 76.0287 76.0944
246100 76.2713 76.0945
246200 76.548 76.0947
246300 76.0915 76.0947
246400 76.4871 76.0949
246500 75.8494 76.0948
246600 76.3639 76.0949
246700 76.8226 76.0952
246800 75.8757 76.0951
246900 75.7847 76.095
247000 75.6512 76.0948
247100 76.088 76.0948
247200 75.7553 76.0946
247300 76.2335 76.0947
247400 76.3388 76.0948
247500 76.4197 76.0949
247600 76.0952 76.0949
247700 75.8528 76.0948
247800 75.6118 76.0946
247900 75.1612 76.0943
248000 75.6275 76.0941
248100 75.6834 76.0939
248200 76.0121 76.0939
248300 75.8849 76.0938
248400 75.1319 76.0934
248500 75.57 76.0932
248600 76.4868 76.0933
248700 76.6459 76.0936
248800 76.0924 76.0936
248900 76.153 76.0936
249000 75.296 76.0933
249100 75.8067 76.0932
249200 76.1496 76.0932
249300 76.5998 76.0934
249400 76.2616 76.0934
249500 76.134 76.0935
249600 76.1279 76.0935
249700 76.6913 76.0937
249800 75.9867 76.0937
249900 76.2476 76.0937
250000 76.6643 76.094
250100 76.8644 76.0943
250200 76.1228 76.0943
250300 76.1586 76.0943
250400 75.8905 76.0942
250500 75.661 76.0941
250600 76.269 76.0941
250700 75.9244 76.0941
250800 76.3096 76.0941
250900 76.4827 76.0943
251000 76.7497 76.0946
251100 75.9748 76.0945
251200 76.0873 76.0945
251300 75.9053 76.0944
251400 76.4519 76.0946
251500 75.9419 76.0945
251600 75.8143 76.0944
251700 76.3151 76.0945
251800 76.6203 76.0947
251900 76.1502 76.0947
252000 75.9167 76.0946
252100 76.191 76.0947
252200 75.6234 76.0945
252300 75.2622 76.0942
252400 75.8254 76.0941
252500 75.883 76.094
252600 76.1822 76.094
252700 76.2367 76.0941
252800 75.605 76.0939
252900 75.9116 76.0938
253000 75.9343 76.0937
253100 76.4731 76.0939
253200 76.4539 76.094
253300 75.9839 76.094
253400 76.0061 76.094
253500 75.5955 76.0938
253600 75.9509 76.0937
253700 76.4334 76.0938
253800 76.4376 76.094
253900 75.8376 76.0939
254000 75.2189 76.0935
254100 75.0375 76.0931
254200 74.8983 76.0926
254300 75.0001 76.0922
254400 75.9137 76.0921
254500 76.0176 76.0921
254600 75.8692 76.092
254700 75.3979 76.0918
254800 75.4695 76.0915
254900 75.2832 76.0912
255000 75.2188 76.0908
255100 74.9379 76.0904
255200 75.3601 76.0901
255300 75.6223 76.0899
255400 75.4394 76.0897
255500 75.587 76.0895
255600 75.712 76.0893
255700 76.452 76.0895
255800 76.1508 76.0895
255900 77.0325 76.0899
256000 76.7561 76.0901
256100 76.6665 76.0903
256200 76.2778 76.0904
256300 76.1483 76.0904
256400 76.1719 76.0905
256500 75.761 76.0903
256600 75.7138 76.0902
256700 75.8877 76.0901
256800 76.3838 76.0902
256900 76.3198 76.0903
257000 76.9066 76.0906
257100 76.9375 76.091
257200 77.4141 76.0915
257300 77.0328 76.0919
257400 77.0256 76.0922
257500 76.9025 76.0925
257600 77.1792 76.093
257700 77.3906 76.0935
257800 77.7764 76.0941
257900 76.7351 76.0944
258000 76.8237 76.0946
258100 76.4012 76.0948
258200 76.7612 76.095
258300 76.1081 76.095
258400 76.2071 76.0951
258500 76.0374 76.095
258600 76.2274 76.0951
258700 75.9264 76.095
258800 75.6396 76.0949
258900 75.8703 76.0948
259000 75.5773 76.0946
259100 76.569 76.0947
259200 76.3591 76.0948
259300 76.3919 76.095
259400 76.3514 76.0951
259500 76.4269 76.0952
259600 77.3045 76.0957
259700 76.3646 76.0958
259800 76.3269 76.0958
259900 76.5656 76.096
260000 75.9185 76.096
260100 76.5905 76.0962
260200 76.2992 76.0962
260300 76.7448 76.0965
260400 76.377 76.0966
260500 76.0763 76.0966
260600 75.845 76.0965
260700 76.4455 76.0966
260800 76.5635 76.0968
260900 76.1401 76.0968
261000 75.6616 76.0966
261100 75.462 76.0964
261200 75.8486 76.0963
261300 75.7796 76.0962
261400 75.6832 76.096
261500 75.8087 76.0959
261600 75.8825 76.0958
261700 75.456 76.0956
261800 74.9242 76.0951
261900 75.755 76.095
262000 75.9034 76.0949
262100 75.9092 76.0949
262200 76.2306 76.0949
262300 76.0516 76.0949
262400 75.591 76.0947
262500 75.5503 76.0945
262600 75.1033 76.0941
262700 75.3237 76.0938
262800 75.5196 76.0936
262900 76.0665 76.0936
263000 75.7552 76.0935
263100 75.8685 76.0934
263200 76.0883 76.0934
263300 76.3837 76.0935
263400 76.2611 76.0936
263500 75.7882 76.0934
263600 75.9375 76.0934
263700 75.7457 76.0933
263800 75.9593 76.0932
263900 76.154 76.0932
264000 75.553 76.093
264100 75.9133 76.093
264200 75.1511 76.0926
264300 74.828 76.0921
264400 75.1211 76.0918
264500 74.6573 76.0912
264600 75.0674 76.0908
264700 75.0646 76.0904
264800 75.0674 76.0901
264900 75.7172 76.0899
265000 75.2082 76.0896
265100 74.4613 76.089
265200 75.031 76.0886
265300 74.3096 76.0879
265400 74.3656 76.0872
265500 74.8451 76.0868
265600 74.1337 76.086
265700 74.9423 76.0856
265800 75.2455 76.0853
265900 74.9023 76.0849
266000 74.6237 76.0843
266100 75.2923 76.084
266200 74.7681 76.0835
266300 74.8721 76.0831
266400 74.7612 76.0826
266500 74.4363 76.0819
266600 74.0261 76.0812
266700 74.6269 76.0806
266800 75.096 76.0803
266900 75.7669 76.0801
267000 75.6742 76.08
267100 75.7895 76.0799
267200 76.5616 76.0801
267300 76.2357 76.0801
267400 76.2856 76.0802
267500 76.1889 76.0802
267600 76.6724 76.0805
267700 78.1418 76.0812
267800 77.7326 76.0818
267900 77.57 76.0824
268000 77.5152 76.0829
268100 77.1848 76.0833
268200 76.6825 76.0836
268300 76.816 76.0838
268400 76.3673 76.0839
268500 76.8119 76.0842
268600 76.3849 76.0843
268700 77.4098 76.0848
268800 77.2398 76.0853
268900 77.2766 76.0857
269000 77.165 76.0861
269100 77.2207 76.0865
269200 76.846 76.0868
269300 77.4257 76.0873
269400 77.4391 76.0878
269500 78.0279 76.0885
269600 78.2427 76.0893
269700 78.0232 76.09
269800 78.3252 76.0909
269900 77.1633 76.0913
270000 78.3343 76.0921
270100 78.3303 76.0929
270200 78.3837 76.0938
270300 77.2182 76.0942
270400 76.7929 76.0944
270500 76.831 76.0947
270600 77.5887 76.0953
270700 78.0374 76.096
270800 77.2994 76.0964
270900 76.4724 76.0966
271000 76.8979 76.0969
271100 77.4435 76.0974
271200 77.2929 76.0978
271300 77.4865 76.0983
271400 77.8455 76.099
271500 78.1211 76.0997
271600 76.8362 76.1
271700 76.4814 76.1001
271800 76.671 76.1003
271900 76.8203 76.1006
272000 77.3276 76.101
272100 76.9353 76.1013
272200 76.1847 76.1014
272300 76.1529 76.1014
272400 76.3399 76.1015
272500 76.8221 76.1017
272600 77.0831 76.1021
272700 77.0304 76.1024
272800 76.569 76.1026
272900 77.2348 76.103
273000 76.728 76.1033
273100 76.8676 76.1035
273200 76.7185 76.1038
273300 77.398 76.1042
273400 77.7865 76.1049
273500 77.5739 76.1054
273600 77.1483 76.1058
273700 77.6526 76.1063
273800 77.4412 76.1068
273900 76.5374 76.107
274000 77.4755 76.1075
274100 77.1392 76.1079
274200 77.4027 76.1083
274300 76.4039 76.1084
274400 75.8685 76.1084
274500 76.1685 76.1084
274600 76.5145 76.1085
274700 76.7473 76.1088
274800 76.6152 76.1089
274900 76.8653 76.1092
275000 76.8114 76.1095
275100 77.3707 76.1099
275200 77.0001 76.1103
275300 76.9576 76.1106
275400 77.4692 76.1111
275500 77.2018 76.1114
275600 76.9785 76.1118
275700 76.5903 76.1119
275800 76.8119 76.1122
275900 76.7524 76.1124
276000 76.3495 76.1125
276100 76.8167 76.1128
276200 76.4181 76.1129
276300 76.0075 76.1128
276400 76.158 76.1129
276500 75.7067 76.1127
276600 75.3957 76.1124
276700 76.0231 76.1124
276800 76.6185 76.1126
276900 76.6031 76.1128
277000 75.896 76.1127
277100 75.7375 76.1126
277200 76.8397 76.1128
277300 76.6227 76.113
277400 76.285 76.1131
277500 76.3808 76.1132
277600 75.8258 76.1131
277700 75.3867 76.1128
277800 76.147 76.1128
277900 75.6391 76.1126
278000 75.6379 76.1125
278100 76.6121 76.1126
278200 76.4265 76.1128
278300 76.461 76.1129
278400 76.4954 76.113
278500 75.9611 76.113
278600 76.0029 76.1129
278700 76.5039 76.1131
278800 77.1095 76.1134
278900 76.4855 76.1136
279000 75.4131 76.1133
279100 75.0996 76.1129
279200 75.9949 76.1129
279300 75.1198 76.1125
279400 76.2218 76.1126
279500 76.0104 76.1126
279600 76.4887 76.1127
279700 76.8023 76.1129
279800 76.0365 76.1129
279900 75.6494 76.1127
280000 75.9905 76.1127
280100 76.2388 76.1127
280200 76.3846 76.1128
280300 75.6332 76.1127
280400 75.7253 76.1125
280500 75.9187 76.1125
280600 76.141 76.1125
280700 75.9502 76.1124
280800 75.6752 76.1123
280900 75.8865 76.1122
281000 75.435 76.1119
281100 75.675 76.1118
281200 76.2016 76.1118
281300 76.8286 76.1121
281400 76.5825 76.1122
281500 76.8275 76.1125
281600 76.2904 76.1126
281700 75.9624 76.1125
281800 76.0177 76.1125
281900 76.1206 76.1125
282000 76.0487 76.1124
282100 76.1011 76.1124
282200 76.2155 76.1125
282300 75.7639 76.1124
282400 76.082 76.1123
282500 76.2655 76.1124
282600 76.6344 76.1126
282700 75.896 76.1125
282800 76.6381 76.1127
282900 76.4032 76.1128
283000 76.3723 76.1129
283100 76.2302 76.1129
283200 75.9456 76.1129
283300 75.7321 76.1127
283400 75.3378 76.1125
283500 75.7581 76.1123
283600 75.3509 76.1121
283700 75.3638 76.1118
283800 76.0904 76.1118
283900 76.0635 76.1118
284000 76.0492 76.1118
284100 76.149 76.1118
284200 76.4743 76.1119
284300 75.3382 76.1116
284400 75.7686 76.1115
284500 76.1791 76.1115
284600 76.281 76.1116
284700 75.549 76.1114
284800 75.653 76.1112
284900 75.4995 76.111
285000 75.954 76.111
285100 76.231 76.111
285200 76.9801 76.1113
285300 77.2554 76.1117
285400 77.2658 76.1121
285500 77.3381 76.1125
285600 76.9394 76.1128
285700 76.8659 76.1131
285800 76.7986 76.1133
285900 76.7631 76.1136
286000 76.6174 76.1137
286100 77.2432 76.1141
286200 77.4546 76.1146
286300 76.8451 76.1149
286400 76.5305 76.115
286500 76.415 76.1151
286600 76.876 76.1154
286700 77.0475 76.1157
286800 76.1809 76.1157
286900 76.163 76.1157
287000 76.8263 76.116
287100 76.9956 76.1163
287200 77.0726 76.1166
287300 77.0011 76.1169
287400 77.2489 76.1173
287500 78.1797 76.118
287600 77.5282 76.1185
287700 77.9734 76.1192
287800 78.0698 76.1199
287900 77.1542 76.1202
288000 77.7322 76.1208
288100 76.9654 76.1211
288200 76.3037 76.1211
288300 77.1929 76.1215
288400 77.1043 76.1218
288500 76.6483 76.122
288600 77.812 76.1226
288700 77.5357 76.1231
288800 77.7322 76.1237
288900 77.8209 76.1242
289000 77.4085 76.1247
289100 77.8001 76.1253
289200 76.9913 76.1256
289300 76.5764 76.1257
289400 76.8249 76.126
289500 76.7658 76.1262
289600 76.8585 76.1264
289700 76.7669 76.1267
289800 76.8177 76.1269
289900 76.5358 76.127
290000 76.2298 76.1271
290100 76.6851 76.1273
290200 75.8908 76.1272
290300 75.8324 76.1271
290400 75.9961 76.127
290500 76.5021 76.1272
290600 76.5681 76.1273
290700 76.4915 76.1274
290800 76.486 76.1276
290900 76.4294 76.1277
291000 76.9514 76.128
291100 75.8001 76.1278
291200 75.5995 76.1277
291300 75.9009 76.1276
291400 75.3424 76.1273
291500 75.7434 76.1272
291600 75.5802 76.127
291700 74.9611 76.1266
291800 75.8594 76.1265
291900 75.1773 76.1262
292000 76.2026 76.1262
292100 76.1073 76.1262
292200 75.8816 76.1261
292300 76.0138 76.1261
292400 76.168 76.1261
292500 75.5542 76.1259
292600 75.1126 76.1255
292700 75.0293 76.1252
292800 75.4231 76.1249
292900 75.3451 76.1247
293000 75.1773 76.1243
293100 75.5105 76.1241
293200 75.2978 76.1239
293300 75.25 76.1236
293400 75.4721 76.1233
293500 75.0348 76.123
293600 74.7338 76.1225
293700 74.8299 76.122
293800 74.3105 76.1214
293900 74.7958 76.121
294000 75.0457 76.1206
294100 75.0029 76.1202
294200 75.4135 76.12
294300 75.6039 76.1198
294400 75.6108 76.1196
294500 75.1688 76.1193
294600 75.2993 76.119
294700 75.427 76.1188
294800 75.7046 76.1187
294900 76.0579 76.1187
295000 75.6996 76.1185
295100 75.6386 76.1183
295200 74.899 76.1179
295300 75.0869 76.1176
295400 74.7342 76.1171
295500 75.5005 76.1169
295600 75.7692 76.1168
295700 75.6473 76.1166
295800 75.7227 76.1165
295900 75.2118 76.1162
296000 75.0371 76.1158
296100 75.0375 76.1155
296200 75.5363 76.1153
296300 74.8035 76.1148
296400 74.5688 76.1143
296500 75.3286 76.114
296600 75.0944 76.1137
296700 75.1461 76.1134
296800 75.211 76.1131
296900 75.939 76.113
297000 74.8921 76.1126
297100 75.2161 76.1123
297200 75.9667 76.1122
297300 75.7076 76.1121
297400 75.5644 76.1119
297500 75.8949 76.1118
297600 75.9567 76.1118
297700 75.7976 76.1117
297800 75.5372 76.1115
297900 75.0964 76.1112
298000 75.2473 76.1109
298100 75.5719 76.1107
298200 75.2963 76.1104
298300 75.7621 76.1103
298400 75.4497 76.1101
298500 75.2244 76.1098
298600 75.4445 76.1096
298700 74.6452 76.1091
298800 74.9457 76.1087
298900 75.6703 76.1085
299000 74.7382 76.1081
299100 75.253 76.1078
299200 74.8907 76.1074
299300 75.4105 76.1071
299400 74.8057 76.1067
299500 75.3194 76.1064
299600 75.4357 76.1062
299700 76.0239 76.1062
299800 76.1456 76.1062
299900 75.6256 76.1061
300000 76.3546 76.1061
300100 76.0939 76.1061
300200 75.4487 76.1059
300300 75.5104 76.1057
300400 75.7058 76.1056
300500 75.7183 76.1055
300600 76.0403 76.1054
300700 75.6792 76.1053
300800 76.1433 76.1053
300900 75.7426 76.1052
301000 74.9555 76.1048
301100 75.4145 76.1046
301200 75.4928 76.1044
301300 75.0744 76.104
301400 75.3954 76.1038
301500 75.5078 76.1036
301600 74.8494 76.1032
301700 74.8995 76.1028
301800 75.81 76.1027
301900 75.471 76.1025
302000 75.6404 76.1023
302100 75.8917 76.1022
302200 75.3047 76.102
302300 75.3916 76.1017
302400 75.1827 76.1014
302500 76.0936 76.1014
302600 76.4178 76.1015
302700 75.9451 76.1015
302800 76.5955 76.1017
302900 75.3793 76.1014
303000 75.1478 76.1011
303100 75.3342 76.1009
303200 75.4866 76.1006
303300 74.8778 76.1002
303400 75.6166 76.1001
303500 76.1653 76.1001
303600 75.4481 76.0999
303700 76.0724 76.0999
303800 75.6937 76.0997
303900 75.8724 76.0997
304000 75.7532 76.0996
304100 76.5875 76.0997
304200 75.6103 76.0996
304300 75.6008 76.0994
304400 75.5507 76.0992
304500 75.2401 76.0989
304600 75.1857 76.0986
304700 75.6138 76.0985
304800 75.9904 76.0984
304900 76.2325 76.0985
305000 76.0969 76.0985
305100 76.7772 76.0987
305200 76.0215 76.0987
305300 76.4871 76.0988
305400 76.4896 76.0989
305500 76.3099 76.099
305600 75.9682 76.099
305700 75.6825 76.0988
305800 75.8506 76.0987
305900 75.9286 76.0987
306000 76.0487 76.0987
306100 75.5267 76.0985
306200 75.7207 76.0984
306300 75.5957 76.0982
306400 76.2542 76.0982
306500 76.4872 76.0984
306600 76.7143 76.0986
306700 76.3867 76.0987
306800 76.4605 76.0988
306900 76.2556 76.0988
307000 75.9409 76.0988
307100 76.8136 76.099
307200 76.5858 76.0992
307300 76.2071 76.0992
307400 75.3548 76.099
307500 76.1409 76.099
307600 76.3507 76.0991
307700 76.2896 76.0991
307800 77.719 76.0997
307900 77.7903 76.1002
308000 76.6636 76.1004
308100 76.4731 76.1005
308200 76.6337 76.1007
308300 77.4788 76.1011
308400 76.8985 76.1014
308500 76.7125 76.1016
308600 76.8151 76.1018
308700 76.8811 76.1021
308800 76.0668 76.1021
308900 76.5477 76.1022
309000 77.1167 76.1025
309100 76.6402 76.1027
309200 77.1706 76.103
309300 77.1748 76.1034
309400 77.0369 76.1037
309500 76.7337 76.1039
309600 77.2631 76.1043
309700 77.4358 76.1047
309800 77.1163 76.105
309900 76.6322 76.1052
310000 76.8937 76.1055
310100 77.1231 76.1058
310200 76.5058 76.1059
310300 76.7232 76.1061
310400 77.0366 76.1064
310500 76.5318 76.1065
310600 76.3026 76.1066
310700 75.5554 76.1064
310800 75.6122 76.1063
310900 75.6668 76.1061
311000 76.109 76.1061
311100 76.4461 76.1062
311200 75.8878 76.1062
311300 75.7688 76.1061
311400 75.391 76.1058
311500 75.7572 76.1057
311600 76.1148 76.1057
311700 76.0983 76.1057
311800 75.8209 76.1056
311900 75.8839 76.1056
312000 75.9427 76.1055
312100 75.6525 76.1054
312200 76.3342 76.1054
312300 76.147 76.1055
312400 76.0481 76.1054
312500 75.3921 76.1052
312600 75.7978 76.1051
312700 75.7495 76.105
312800 75.8793 76.1049
312900 76.2063 76.105
313000 76.1316 76.105
313100 76.288 76.105
313200 75.8684 76.1049
313300 76.2913 76.105
313400 76.221 76.105
313500 75.7919 76.1049
313600 75.7836 76.1048
313700 75.2726 76.1046
313800 75.1736 76.1043
313900 75.218 76.104
314000 75.8162 76.1039
314100 76.2203 76.1039
314200 75.8901 76.1039
314300 76.2112 76.1039
314400 76.4674 76.104
314500 75.955 76.104
314600 75.8747 76.1039
314700 75.2823 76.1036
314800 75.7023 76.1035
314900 75.9012 76.1034
315000 76.2007 76.1035
315100 75.5558 76.1033
315200 76.171 76.1033
315300 76.1111 76.1033
315400 75.2892 76.1031
315500 75.7468 76.103
315600 75.1074 76.1026
315700 75.8372 76.1026
315800 75.5818 76.1024
315900 75.3458 76.1022
316000 75.0153 76.1018
316100 75.2465 76.1015
316200 75.3795 76.1013
316300 75.1524 76.101
316400 75.4557 76.1008
316500 75.494 76.1006
316600 75.0988 76.1003
316700 75.0726 76.1
316800 75.0868 76.0997
316900 75.1917 76.0994
317000 74.691 76.0989
317100 74.6105 76.0985
317200 75.6291 76.0983
317300 75.7772 76.0982
317400 75.7958 76.0981
317500 75.8256 76.098
317600 75.9471 76.098
317700 75.9228 76.0979
317800 75.9565 76.0979
317900 76.2274 76.0979
318000 76.6742 76.0981
318100 76.3579 76.0982
318200 76.5712 76.0983
318300 75.7569 76.0982
318400 76.1994 76.0983
318500 75.9842 76.0982
318600 75.7818 76.0981
318700 75.592 76.098
318800 75.3499 76.0977
318900 75.2171 76.0975
319000 75.1891 76.0972
319100 75.8312 76.0971
319200 75.9458 76.097
319300 75.1777 76.0967
319400 75.1946 76.0965
319500 74.6394 76.096
319600 74.891 76.0956
319700 74.7307 76.0952
319800 74.6992 76.0948
319900 75.3859 76.0945
320000 75.1186 76.0942
320100 76.0274 76.0942
320200 76.2542 76.0943
320300 75.7661 76.0942
320400 76.0616 76.0942
320500 75.9447 76.0941
320600 76.3215 76.0942
320700 76.7762 76.0944
320800 76.3954 76.0945
320900 76.75 76.0947
321000 76.5312 76.0948
321100 76.2082 76.0949
321200 76.0047 76.0948
321300 75.7892 76.0947
321400 76.2648 76.0948
321500 75.9152 76.0947
321600 75.5662 76.0946
321700 76.0478 76.0946
321800 76.3753 76.0946
321900 75.4935 76.0945
322000 75.368 76.0942
322100 75.7229 76.0941
322200 76.3706 76.0942
322300 75.6995 76.0941
322400 75.8845 76.094
322500 76.1626 76.094
322600 75.5702 76.0939
322700 75.8512 76.0938
322800 75.37 76.0936
322900 75.088 76.0933
323000 75.0735 76.0929
323100 74.7704 76.0925
323200 74.2995 76.092
323300 75.4615 76.0918
323400 75.1093 76.0915
323500 75.0772 76.0912
323600 75.9096 76.0911
323700 76.2224 76.0912
323800 75.9251 76.0911
323900 75.5658 76.0909
324000 75.3067 76.0907
324100 75.0959 76.0904
324200 75.1456 76.0901
324300 75.1103 76.0898
324400 75.4724 76.0896
324500 75.221 76.0893
324600 75.0084 76.089
324700 75.6842 76.0889
324800 75.4117 76.0887
324900 75.1498 76.0884
325000 75.9852 76.0884
325100 75.8733 76.0883
325200 75.3385 76.0881
325300 76.2037 76.0881
325400 75.9142 76.088
325500 75.6491 76.0879
325600 75.5545 76.0877
325700 75.3937 76.0875
325800 75.5653 76.0874
325900 76.1198 76.0874
326000 76.0725 76.0874
326100 75.9707 76.0873
326200 75.9755 76.0873
326300 76.8423 76.0875
326400 76.8723 76.0878
326500 76.184 76.0878
326600 76.3895 76.0879
326700 75.8044 76.0878
326800 75.9932 76.0878
326900 76.2316 76.0878
327000 75.5847 76.0877
327100 76.5643 76.0878
327200 76.1879 76.0878
327300 76.2413 76.0879
327400 75.951 76.0879
327500 75.8778 76.0878
327600 76.021 76.0878
327700 75.9771 76.0877
327800 76.113 76.0877
327900 76.3408 76.0878
328000 75.6969 76.0877
328100 76.6625 76.0879
328200 76.4499 76.088
328300 75.7505 76.0879
328400 75.4913 76.0877
328500 74.9365 76.0874
328600 75.8203 76.0873
328700 75.3866 76.0871
328800 75.9862 76.087
328900 75.5384 76.0869
329000 75.9428 76.0868
329100 77.0689 76.0871
329200 76.4032 76.0872
329300 76.4317 76.0873
329400 76.4439 76.0874
329500 76.8785 76.0877
329600 77.1549 76.088
329700 77.3511 76.0884
329800 77.1957 76.0887
329900 76.4073 76.0888
330000 76.4627 76.0889
330100 76.5331 76.0891
330200 77.1694 76.0894
330300 76.352 76.0895
330400 76.169 76.0895
330500 76.9219 76.0897
330600 76.6994 76.0899
330700 76.0978 76.0899
330800 76.1305 76.0899
330900 75.4653 76.0897
331000 76.1003 76.0897
331100 75.8692 76.0897
331200 75.3771 76.0895
331300 76.379 76.0896
331400 75.84 76.0895
331500 76.0603 76.0895
331600 75.8036 76.0894
331700 76.1306 76.0894
331800 75.1627 76.0891
331900 74.9932 76.0888
332000 74.6588 76.0884
332100 74.8352 76.088
332200 75.0335 76.0877
332300 75.0372 76.0873
332400 75.143 76.0871
332500 75.0535 76.0867
332600 75.4844 76.0866
332700 76.1581 76.0866
332800 75.6128 76.0864
332900 76.256 76.0865
333000 76.6233 76.0867
333100 76.6112 76.0868
333200 76.4026 76.0869
333300 76.2144 76.0869
333400 75.9663 76.0869
333500 75.8651 76.0868
333600 75.7586 76.0867
333700 75.5193 76.0866
333800 75.0241 76.0863
333900 75.1604 76.086
334000 76.5746 76.0861
334100 76.0355 76.0861
334200 75.781 76.086
334300 75.2574 76.0858
334400 75.2798 76.0855
334500 75.3932 76.0853
334600 75.9228 76.0853
334700 75.7794 76.0852
334800 75.5113 76.085
334900 75.9078 76.085
335000 76.0033 76.0849
335100 75.6904 76.0848
335200 75.7915 76.0847
335300 75.2495 76.0845
335400 75.841 76.0844
335500 76.5087 76.0845
335600 76.3706 76.0846
335700 76.2504 76.0847
335800 76.2057 76.0847
335900 76.0325 76.0847
336000 76.5235 76.0848
336100 76.4338 76.0849
336200 76.5128 76.0851
336300 77.1439 76.0854
336400 77.0428 76.0857
336500 76.5044 76.0858
336600 77.4151 76.0862
336700 76.7915 76.0864
336800 76.6912 76.0866
336900 76.995 76.0868
337000 77.0628 76.0871
337100 77.2781 76.0875
337200 77.0748 76.0878
337300 76.6053 76.0879
337400 76.8096 76.0881
337500 76.7894 76.0883
337600 77.2862 76.0887
337700 76.8393 76.0889
337800 76.6653 76.0891
337900 76.3048 76.0892
338000 76.1884 76.0892
338100 76.6888 76.0894
338200 76.7127 76.0895
338300 76.4707 76.0897
338400 76.4697 76.0898
338500 76.494 76.0899
338600 76.3151 76.09
338700 75.5908 76.0898
338800 76.8203 76.09
338900 76.7534 76.0902
339000 76.6856 76.0904
339100 76.6368 76.0906
339200 76.1435 76.0906
339300 76.2272 76.0906
339400 76.7289 76.0908
339500 75.938 76.0908
339600 76.7253 76.0909
339700 76.2132 76.091
339800 76.256 76.091
339900 76.7001 76.0912
340000 77.0412 76.0915
340100 76.9877 76.0917
340200 76.7569 76.0919
340300 77.2087 76.0923
340400 77.7206 76.0928
340500 77.2366 76.0931
340600 77.4303 76.0935
340700 76.9738 76.0937
340800 77.385 76.0941
340900 76.234 76.0942
341000 77.1163 76.0945
341100 76.2371 76.0945
341200 76.3961 76.0946
341300 77.141 76.0949
341400 76.9977 76.0952
341500 78.2739 76.0958
341600 77.6147 76.0962
341700 77.3482 76.0966
341800 77.268 76.097
341900 78.0819 76.0975
342000 77.5389 76.098
342100 77.2394 76.0983
342200 77.8184 76.0988
342300 78.0199 76.0994
342400 77.594 76.0998
342500 77.7487 76.1003
342600 77.2249 76.1006
342700 78.2666 76.1012
342800 78.0621 76.1018
342900 78.2564 76.1024
343000 78.5785 76.1032
343100 79.0832 76.104
343200 79.7797 76.1051
343300 79.1051 76.106
343400 78.2642 76.1066
343500 78.5605 76.1073
343600 77.9567 76.1078
343700 77.5248 76.1083
343800 77.5295 76.1087
343900 77.2105 76.109
344000 77.2889 76.1093
344100 77.6606 76.1098
344200 77.6922 76.1102
344300 77.264 76.1106
344400 77.1193 76.1109
344500 76.8191 76.1111
344600 77.8456 76.1116
344700 77.3738 76.1119
344800 77.34 76.1123
344900 76.5475 76.1124
345000 76.0613 76.1124
345100 76.5021 76.1125
345200 76.6507 76.1127
345300 76.9048 76.1129
345400 76.1712 76.1129
345500 76.4566 76.113
345600 76.446 76.1131
345700 76.8506 76.1133
345800 76.2828 76.1134
345900 75.8089 76.1133
346000 75.9419 76.1133
346100 75.3556 76.113
346200 75.1533 76.1128
346300 75.0655 76.1125
346400 75.3083 76.1122
346500 75.4767 76.112
346600 75.4893 76.1119
346700 75.3791 76.1116
346800 75.1422 76.1114
346900 75.2595 76.1111
347000 75.1316 76.1108
347100 75.5033 76.1107
347200 75.5553 76.1105
347300 75.1873 76.1102
347400 75.3202 76.11
347500 75.5089 76.1098
347600 75.36 76.1096
347700 75.1003 76.1093
347800 75.5755 76.1092
347900 75.7432 76.1091
348000 75.292 76.1088
348100 75.1534 76.1086
348200 75.8423 76.1085
348300 75.8463 76.1084
348400 75.9456 76.1084
348500 76.2774 76.1084
348600 76.4448 76.1085
348700 75.5187 76.1083
348800 75.4414 76.1082
348900 75.7247 76.108
349000 74.8542 76.1077
349100 75.1215 76.1074
349200 75.4754 76.1072
349300 75.5001 76.107
349400 75.4852 76.1069
349500 75.3253 76.1066
349600 74.9862 76.1063
349700 75.1103 76.106
349800 75.3432 76.1058
349900 75.2188 76.1056
350000 75.732 76.1055
350100 76.0097 76.1054
350200 75.6832 76.1053
350300 76.3354 76.1054
350400 76.2705 76.1054
350500 76.8368 76.1056
350600 76.6772 76.1058
350700 76.6605 76.106
350800 76.4149 76.106
350900 76.7719 76.1062
351000 77.1001 76.1065
351100 77.1894 76.1068
351200 76.9083 76.1071
351300 77.2845 76.1074
351400 76.4435 76.1075
351500 76.5813 76.1076
351600 76.8169 76.1078
351700 76.5577 76.1079
351800 76.956 76.1082
351900 77.038 76.1085
352000 77.1903 76.1088
352100 76.2036 76.1088
352200 76.661 76.1089
352300 77.1919 76.1093
352400 76.4796 76.1094
352500 75.8475 76.1093
352600 75.6365 76.1091
352700 76.1963 76.1092
352800 76.1676 76.1092
352900 76.0672 76.1092
353000 76.6973 76.1093
353100 77.1353 76.1096
353200 76.8514 76.1098
353300 76.4678 76.1099
353400 75.7929 76.1099
353500 75.8029 76.1098
353600 75.883 76.1097
353700 76.0559 76.1097
353800 75.7044 76.1096
353900 75.6716 76.1095
354000 76.3416 76.1095
354100 75.4685 76.1093
354200 75.886 76.1093
354300 76.0249 76.1092
354400 76.0274 76.1092
354500 75.7403 76.1091
354600 75.198 76.1089
354700 75.3419 76.1086
354800 75.9574 76.1086
354900 75.0442 76.1083
355000 75.6062 76.1082
355100 75.2384 76.1079
355200 75.4376 76.1077
355300 75.944 76.1077
355400 75.968 76.1076
355500 76.2666 76.1077
355600 77.2631 76.108
355700 76.5364 76.1081
355800 75.3374 76.1079
355900 76.0034 76.1079
356000 76.2904 76.1079
356100 75.991 76.1079
356200 75.8976 76.1078
356300 76.0659 76.1078
356400 76.8191 76.108
356500 76.6083 76.1082
356600 76.4645 76.1083
356700 77.0931 76.1086
356800 77.0183 76.1088
356900 77.0791 76.1091
357000 76.4642 76.1092
357100 75.4726 76.109
357200 76.0987 76.109
357300 75.7215 76.1089
357400 76.1425 76.1089
357500 76.136 76.1089
357600 76.5497 76.109
357700 77.058 76.1093
357800 76.6286 76.1094
357900 76.2793 76.1095
358000 75.7006 76.1094
358100 75.8759 76.1093
358200 75.7505 76.1092
358300 75.3942 76.109
358400 75.33 76.1088
358500 76.2449 76.1088
358600 75.8864 76.1088
358700 75.8798 76.1087
358800 75.3981 76.1085
358900 75.0267 76.1082
359000 75.2148 76.108
359100 75.4064 76.1078
359200 75.8938 76.1077
359300 76.1078 76.1077
359400 76.2805 76.1077
359500 76.1527 76.1078
359600 75.4618 76.1076
359700 75.5846 76.1074
359800 75.3292 76.1072
359900 76.2025 76.1072
360000 75.9921 76.1072
360100 75.8913 76.1072
360200 75.1107 76.1069
360300 74.9549 76.1066
360400 75.2052 76.1063
360500 75.3158 76.1061
360600 75.2854 76.1059
360700 75.5648 76.1057
360800 75.9767 76.1057
360900 76.087 76.1057
361000 75.3392 76.1055
361100 75.5926 76.1053
361200 75.6694 76.1052
361300 76.194 76.1052
361400 75.5297 76.1051
361500 76.1033 76.1051
361600 76.1671 76.1051
361700 76.0071 76.105
361800 75.382 76.1048
361900 75.5497 76.1047
362000 74.5993 76.1043
362100 75.0828 76.104
362200 74.5416 76.1036
362300 74.7649 76.1032
362400 75.5002 76.103
362500 75.3364 76.1028
362600 75.1323 76.1026
362700 75.2237 76.1023
362800 75.3623 76.1021
362900 75.3987 76.1019
363000 75.7702 76.1018
363100 75.8096 76.1017
363200 75.7074 76.1016
363300 75.2179 76.1014
363400 75.0537 76.1011
363500 75.39 76.1009
363600 76.2711 76.101
363700 76.356 76.101
363800 75.807 76.1009
363900 75.6127 76.1008
364000 74.9309 76.1005
364100 75.221 76.1002
364200 75.2421 76.1
364300 74.8604 76.0997
364400 75.6074 76.0995
364500 76.6806 76.0997
364600 77.0742 76.1
364700 76.9964 76.1002
364800 76.8976 76.1004
364900 76.2605 76.1005
365000 76.3344 76.1005
365100 76.3789 76.1006
365200 75.7982 76.1005
365300 75.6287 76.1004
365400 75.2321 76.1002
365500 74.9867 76.0999
365600 75.4353 76.0997
365700 74.8953 76.0993
365800 75.0224 76.099
365900 75.8553 76.099
366000 75.3116 76.0988
366100 75.5339 76.0986
366200 75.4244 76.0984
366300 75.3114 76.0982
366400 75.5521 76.0981
366500 75.9338 76.098
366600 75.9884 76.098
366700 75.9303 76.0979
366800 76.2126 76.098
366900 75.2821 76.0978
367000 75.271 76.0975
367100 75.256 76.0973
367200 75.3597 76.0971
367300 75.7703 76.097
367400 75.5878 76.0969
367500 75.502 76.0967
367600 75.4781 76.0965
367700 75.7147 76.0964
367800 76.1934 76.0965
367900 76.1971 76.0965
368000 75.8292 76.0964
368100 75.6748 76.0963
368200 75.6849 76.0962
368300 75.5045 76.096
368400 75.5038 76.0959
368500 76.0089 76.0958
368600 75.9627 76.0958
368700 75.1529 76.0956
368800 75.3569 76.0954
368900 74.3351 76.0949
369000 74.9288 76.0946
369100 74.5265 76.0941
369200 75.1636 76.0939
369300 74.7216 76.0935
369400 74.8444 76.0932
369500 74.8104 76.0928
369600 75.1266 76.0926
369700 75.329 76.0924
369800 75.5922 76.0922
369900 76.1859 76.0922
370000 76.0102 76.0922
370100 75.7184 76.0921
370200 76.0994 76.0921
370300 76.264 76.0922
370400 75.965 76.0921
370500 75.762 76.092
370600 76.4224 76.0921
370700 76.1955 76.0922
370800 75.7239 76.0921
370900 76.767 76.0922
371000 76.8405 76.0925
371100 76.7715 76.0926
371200 76.4714 76.0927
371300 76.4344 76.0928
371400 75.9652 76.0928
371500 76.3929 76.0929
371600 76.478 76.093
371700 76.2888 76.093
371800 76.7102 76.0932
371900 76.3008 76.0933
372000 75.7235 76.0932
372100 76.9482 76.0934
372200 76.7274 76.0936
372300 76.8653 76.0938
372400 76.5231 76.0939
372500 76.692 76.094
372600 76.5209 76.0942
372700 76.6917 76.0943
372800 77.2656 76.0946
372900 76.4499 76.0947
373000 76.5789 76.0949
373100 76.032 76.0948
373200 75.9556 76.0948
373300 75.8816 76.0947
373400 76.0399 76.0947
373500 75.9798 76.0947
373600 77.3588 76.095
373700 76.3538 76.0951
373800 76.3452 76.0952
373900 77.337 76.0955
374000 77.1869 76.0958
374100 76.6956 76.096
374200 76.863 76.0962
374300 77.2207 76.0965
374400 77.7377 76.0969
374500 77.0657 76.0972
374600 77.0014 76.0974
374700 76.6517 76.0975
374800 77.2338 76.0978
374900 77.0285 76.0981
375000 76.8206 76.0983
375100 76.5587 76.0984
375200 76.9014 76.0986
375300 76.9736 76.0989
375400 77.8956 76.0993
375500 77.6437 76.0997
375600 77.2225 76.1
375700 76.9247 76.1003
375800 76.9321 76.1005
375900 77.2174 76.1008
376000 77.5907 76.1012
376100 78.101 76.1017
376200 77.4063 76.1021
376300 77.2764 76.1024
376400 77.414 76.1027
376500 76.9136 76.1029
376600 76.8478 76.1031
376700 76.8352 76.1033
376800 76.9646 76.1036
376900 77.0981 76.1038
377000 77.0562 76.1041
377100 76.3833 76.1041
377200 75.9938 76.1041
377300 76.4016 76.1042
377400 76.5521 76.1043
377500 76.3597 76.1044
377600 76.4152 76.1045
377700 76.8971 76.1047
377800 77.1046 76.1049
377900 76.6037 76.1051
378000 76.8785 76.1053
378100 76.9992 76.1055
378200 77.1022 76.1058
378300 77.0358 76.106
378400 77.2121 76.1063
378500 76.3519 76.1064
378600 75.8828 76.1063
378700 76.2573 76.1064
378800 76.2026 76.1064
378900 76.2307 76.1064
379000 76.4546 76.1065
379100 76.558 76.1066
379200 76.2835 76.1067
379300 76.2085 76.1067
379400 76.4477 76.1068
379500 76.4871 76.1069
379600 76.823 76.1071
379700 76.3631 76.1071
379800 76.4741 76.1072
379900 76.3692 76.1073
380000 75.9032 76.1073
380100 75.9875 76.1072
380200 75.5838 76.1071
380300 76.4103 76.1072
380400 76.1145 76.1072
380500 76.4157 76.1073
380600 75.867 76.1072
380700 75.7767 76.1071
380800 76.1459 76.1071
380900 76.1861 76.1071
381000 76.5474 76.1073
381100 76.5997 76.1074
381200 76.4375 76.1075
381300 76.0678 76.1075
381400 75.8989 76.1074
381500 75.9063 76.1073
381600 75.7735 76.1073
381700 75.3147 76.1071
381800 75.266 76.1068
381900 75.4437 76.1067
382000 76.1159 76.1067
382100 75.9406 76.1066
382200 75.8288 76.1065
382300 76.6919 76.1067
382400 76.2157 76.1067
382500 76.6264 76.1069
382600 76.3468 76.1069
382700 76.4089 76.107
382800 76.192 76.107
382900 75.5778 76.1069
383000 76.2003 76.1069
383100 76.2504 76.107
383200 76.6828 76.1071
383300 76.6741 76.1072
383400 75.9611 76.1072
383500 75.698 76.1071
383600 76.1081 76.1071
383700 75.9621 76.1071
383800 76.489 76.1072
383900 76.5473 76.1073
384000 76.8619 76.1075
384100 76.4972 76.1076
384200 76.3819 76.1077
384300 76.345 76.1077
384400 76.1478 76.1077
384500 75.9932 76.1077
384600 76.8789 76.1079
384700 76.1847 76.1079
384800 76.0848 76.1079
384900 76.0688 76.1079
385000 76.0688 76.1079
385100 75.6585 76.1078
385200 76.0704 76.1078
385300 75.2702 76.1075
385400 75.8532 76.1075
385500 75.7062 76.1074
385600 74.9334 76.1071
385700 75.6803 76.107
385800 76.0405 76.1069
385900 76.6932 76.1071
386000 77.2569 76.1074
386100 77.3282 76.1077
386200 77.3497 76.108
386300 76.6009 76.1082
386400 76.9864 76.1084
386500 76.8726 76.1086
386600 77.1011 76.1088
386700 77.8118 76.1093
386800 77.5982 76.1097
386900 77.222 76.11
387000 77.6646 76.1104
387100 77.7354 76.1108
387200 77.382 76.1111
387300 77.2473 76.1114
387400 77.4348 76.1117
387500 76.8857 76.1119
387600 77.1024 76.1122
387700 76.7026 76.1123
387800 76.0751 76.1123
387900 76.3597 76.1124
388000 76.1035 76.1124
388100 76.5285 76.1125
388200 76.0291 76.1125
388300 75.8506 76.1124
388400 76.7649 76.1126
388500 76.4675 76.1127
388600 77.2265 76.113
388700 75.9954 76.1129
388800 76.7709 76.1131
388900 77.2458 76.1134
389000 76.8221 76.1136
389100 77.1062 76.1138
389200 76.7114 76.114
389300 77.8085 76.1144
389400 77.4796 76.1148
389500 77.3417 76.1151
389600 77.0359 76.1153
389700 77.0691 76.1156
389800 76.8695 76.1158
389900 76.2661 76.1158
390000 76.2779 76.1158
390100 75.8259 76.1158
390200 76.0168 76.1157
390300 76.2525 76.1158
390400 75.751 76.1157
390500 75.659 76.1156
390600 75.6561 76.1154
390700 76.2142 76.1155
390800 76.1608 76.1155
390900 76.5013 76.1156
391000 75.8698 76.1155
391100 76.4371 76.1156
391200 75.3802 76.1154
391300 75.0624 76.1151
391400 75.1062 76.1149
391500 74.8235 76.1146
391600 75.0554 76.1143
391700 75.3374 76.1141
391800 75.8161 76.114
391900 75.5881 76.1139
392000 76.8535 76.1141
392100 76.8811 76.1143
392200 76.773 76.1144
392300 77.0948 76.1147
392400 76.6321 76.1148
392500 76.4131 76.1149
392600 76.4395 76.115
392700 75.9885 76.1149
392800 76.1405 76.1149
392900 75.901 76.1149
393000 76.1957 76.1149
393100 75.9101 76.1149
393200 75.7373 76.1148
393300 75.6464 76.1146
393400 75.7141 76.1145
393500 76.1071 76.1145
393600 76.6669 76.1147
393700 77.3523 76.115
393800 76.1583 76.115
393900 75.3114 76.1148
394000 75.5027 76.1146
394100 75.8156 76.1146
394200 75.2741 76.1144
394300 76.3793 76.1144
394400 77.2384 76.1147
394500 76.3949 76.1148
394600 76.685 76.1149
394700 76.1362 76.1149
394800 76.2038 76.1149
394900 75.9339 76.1149
395000 75.9159 76.1149
395100 75.868 76.1148
395200 76.3972 76.1149
395300 75.9749 76.1148
395400 77.2014 76.1151
395500 76.5233 76.1152
395600 76.7686 76.1154
395700 76.6371 76.1155
395800 77.2901 76.1158
395900 77.1034 76.116
396000 76.7343 76.1162
396100 76.6184 76.1163
396200 77.4107 76.1167
396300 77.0037 76.1169
396400 76.4678 76.117
396500 77.0903 76.1172
396600 77.9036 76.1177
396700 77.8684 76.1181
396800 76.8599 76.1183
396900 76.63 76.1184
397000 75.9111 76.1184
397100 75.5068 76.1182
397200 76.2161 76.1182
397300 76.3534 76.1183
397400 76.6493 76.1184
397500 76.7861 76.1186
397600 76.0916 76.1186
397700 76.4693 76.1187
397800 76.1631 76.1187
397900 75.9376 76.1186
398000 75.3421 76.1185
398100 75.7756 76.1184
398200 75.5303 76.1182
398300 75.8943 76.1182
398400 75.9355 76.1181
398500 76.3448 76.1182
398600 76.1989 76.1182
398700 76.6825 76.1183
398800 76.1284 76.1183
398900 76.3738 76.1184
399000 76.1553 76.1184
399100 75.7025 76.1183
399200 75.7663 76.1182
399300 75.8339 76.1181
399400 76.1375 76.1182
399500 76.0997 76.1181
399600 76.0147 76.1181
399700 76.156 76.1181
399800 75.9994 76.1181
399900 75.7378 76.118
400000 76.3168 76.1181
