100 74.7958 74.7958
200 75.0637 74.9298
300 75.2016 75.0204
400 75.0693 75.0326
500 74.6147 74.949
600 75.1547 74.9833
700 75.9896 75.1271
800 75.3785 75.1585
900 76.4471 75.3017
1000 77.8921 75.5607
1100 77.1893 75.7088
1200 76.9633 75.8133
1300 76.0264 75.8297
1400 76.0167 75.8431
1500 76.548 75.8901
1600 76.4467 75.9248
1700 77.0077 75.9885
1800 77.7017 76.0837
1900 77.5636 76.1616
2000 77.6554 76.2363
2100 77.8052 76.311
2200 77.2758 76.3549
2300 77.7038 76.4135
2400 77.2824 76.4497
2500 76.9575 76.47
2600 76.9518 76.4886
2700 76.7786 76.4993
2800 76.8323 76.5112
2900 77.3721 76.5409
3000 77.1123 76.5599
3100 77.1245 76.5781
3200 78.3477 76.6334
3300 78.4241 76.6877
3400 78.9617 76.7546
3500 77.9861 76.7898
3600 78.2846 76.8313
3700 77.6721 76.854
3800 78.4812 76.8968
3900 78.0788 76.9271
4000 78.0043 76.9541
4100 78.116 76.9824
4200 78.9659 77.0296
4300 78.7649 77.07
4400 79.0495 77.115
4500 79.5608 77.1693
4600 79.7744 77.226
4700 80.1573 77.2883
4800 78.8502 77.3209
4900 79.4061 77.3634
5000 79.1619 77.3994
5100 78.6995 77.4249
5200 79.1193 77.4575
5300 79.7787 77.5013
5400 80.4268 77.5554
5500 79.665 77.5938
5600 80.26 77.6414
5700 79.4626 77.6734
5800 79.6739 77.7079
5900 78.3396 77.7186
6000 78.6993 77.7349
6100 78.6635 77.7501
6200 78.3966 77.7606
6300 78.3763 77.7703
6400 78.1146 77.7757
6500 79.1309 77.7966
6600 79.6434 77.8245
6700 79.3129 77.8468
6800 78.3488 77.8541
6900 79.1486 77.8729
7000 79.6781 77.8987
7100 79.3021 77.9185
7200 79.4377 77.9396
7300 79.5434 77.9615
7400 78.2356 77.9652
7500 78.2974 77.9697
7600 78.247 77.9733
7700 78.4607 77.9796
7800 78.1716 77.9821
7900 79.2458 77.9981
8000 79.4184 78.0158
8100 79.1987 78.0304
8200 78.4395 78.0354
8300 77.7744 78.0323
8400 78.0865 78.0329
8500 77.575 78.0275
8600 78.2394 78.03
8700 77.5913 78.025
8800 78.1859 78.0268
8900 78.7148 78.0345
9000 78.3941 78.0385
9100 78.0123 78.0382
9200 77.7904 78.0355
9300 77.5064 78.0299
9400 78.2156 78.0318
9500 77.9146 78.0306
9600 77.4825 78.0249
9700 77.2891 78.0173
9800 77.519 78.0122
9900 78.1352 78.0135
10000 79.2354 78.0257
10100 78.5122 78.0305
10200 79.4198 78.0441
10300 79.468 78.0579
10400 78.3947 78.0612
10500 78.184 78.0623
10600 78.2574 78.0642
10700 77.8787 78.0625
10800 76.9634 78.0523
10900 76.9741 78.0424
11000 77.1363 78.0342
11100 76.9246 78.0242
11200 76.8846 78.014
11300 76.8335 78.0035
11400 76.3137 77.9887
11500 76.5906 77.9766
11600 76.0694 77.9601
11700 76.0101 77.9434
11800 75.4242 77.9221
11900 75.5177 77.9019
12000 76.1455 77.8873
12100 75.5809 77.8682
12200 75.5614 77.8493
12300 76.0463 77.8346
12400 76.6342 77.8249
12500 76.7985 77.8167
12600 76.0771 77.8029
12700 76.0423 77.7891
12800 76.0611 77.7756
12900 75.6915 77.7594
13000 76.0587 77.7463
13100 76.4684 77.7366
13200 75.8639 77.7224
13300 76.5478 77.7136
13400 77.0472 77.7086
13500 77.1969 77.7048
13600 77.3947 77.7025
13700 78.2401 77.7064
13800 78.5005 77.7122
13900 78.9042 77.7208
14000 78.7905 77.7284
14100 78.6782 77.7351
14200 78.3951 77.7398
14300 78.5331 77.7453
14400 77.8854 77.7463
14500 77.4331 77.7442
14600 77.0399 77.7393
14700 76.9648 77.7341
14800 77.1029 77.7298
14900 77.5745 77.7288
15000 77.8337 77.7295
15100 77.537 77.7282
15200 77.8662 77.7291
15300 77.8477 77.7299
15400 78.3343 77.7338
15500 78.1479 77.7365
15600 77.3947 77.7343
15700 77.8615 77.7351
15800 77.3289 77.7325
15900 78.7536 77.7389
16000 80.1094 77.7537
16100 79.1507 77.7624
16200 79.181 77.7712
16300 79.2297 77.7801
16400 78.5049 77.7845
16500 79.1818 77.793
16600 78.1021 77.7949
16700 78.9457 77.8018
16800 78.4381 77.8056
16900 78.3776 77.8089
17000 77.9176 77.8096
17100 77.9416 77.8103
17200 78.4886 77.8143
17300 78.5288 77.8184
17400 78.6771 77.8234
17500 79.1601 77.831
17600 79.1041 77.8382
17700 78.3718 77.8412
17800 78.682 77.846
17900 79.2156 77.8536
18000 79.0322 77.8602
18100 78.7362 77.865
18200 78.9013 77.8707
18300 78.6248 77.8748
18400 78.3514 77.8774
18500 77.5584 77.8757
18600 78.1564 77.8772
18700 77.83 77.8769
18800 77.7788 77.8764
18900 78.3429 77.8789
19000 78.2002 77.8806
19100 78.7071 77.8849
19200 78.1752 77.8864
19300 79.3764 77.8941
19400 78.0556 77.895
19500 78.5208 77.8982
19600 78.3469 77.9005
19700 79.2051 77.9071
19800 78.5874 77.9105
19900 79.0901 77.9165
20000 78.6091 77.9199
20100 78.7264 77.9239
20200 79.161 77.9301
20300 79.4584 77.9376
20400 79.4931 77.9452
20500 78.9409 77.9501
20600 79.5254 77.9577
20700 78.9779 77.9626
20800 79.1187 77.9682
20900 79.3218 77.9747
21000 79.8479 77.9836
21100 79.6462 77.9915
21200 78.9624 77.9961
21300 78.2691 77.9973
21400 78.8829 78.0015
21500 79.1098 78.0066
21600 78.9033 78.0108
21700 79.0783 78.0157
21800 79.5047 78.0225
21900 79.6677 78.03
22000 78.6752 78.033
22100 78.5751 78.0354
22200 78.3797 78.037
22300 78.4423 78.0388
22400 78.3461 78.0402
22500 78.5106 78.0423
22600 78.6745 78.0451
22700 77.4333 78.0424
22800 77.7108 78.0409
22900 77.516 78.0386
23000 78.3397 78.0399
23100 78.1216 78.0403
23200 77.8907 78.0396
23300 78.0361 78.0396
23400 78.5296 78.0417
23500 78.5909 78.0441
23600 78.2745 78.045
23700 77.8514 78.0442
23800 78.2427 78.045
23900 77.8903 78.0444
24000 78.8621 78.0478
24100 78.4598 78.0495
24200 78.5368 78.0515
24300 78.1515 78.0519
24400 78.4433 78.0535
24500 78.0375 78.0535
24600 78.1462 78.0539
24700 78.0153 78.0537
24800 78.4569 78.0553
24900 78.8812 78.0586
25000 78.8258 78.0617
25100 78.3342 78.0628
25200 78.8218 78.0658
25300 78.5565 78.0677
25400 78.6515 78.07
25500 78.3757 78.0712
25600 79.1624 78.0755
25700 79.0001 78.0791
25800 78.2072 78.0796
25900 78.3039 78.0805
26000 78.1602 78.0808
26100 78.8443 78.0837
26200 78.8081 78.0865
26300 78.2913 78.0872
26400 78.9647 78.0906
26500 78.7227 78.093
26600 78.1918 78.0933
26700 78.7937 78.0959
26800 79.1377 78.0998
26900 79.0953 78.1035
27000 78.3411 78.1044
27100 79.2291 78.1086
27200 78.3665 78.1095
27300 77.5806 78.1076
27400 77.2095 78.1043
27500 77.4152 78.1018
27600 77.2464 78.0987
27700 77.3396 78.096
27800 77.8554 78.0951
27900 77.7569 78.0939
28000 77.6541 78.0923
28100 77.6471 78.0907
28200 76.9923 78.0868
28300 78.24 78.0874
28400 77.9544 78.0869
28500 77.6073 78.0852
28600 77.5085 78.0832
28700 77.4397 78.081
28800 78.2977 78.0817
28900 77.4242 78.0794
29000 77.1646 78.0763
29100 77.3799 78.0739
29200 77.2938 78.0712
29300 76.8964 78.0672
29400 76.9736 78.0635
29500 78.4149 78.0647
29600 78.8629 78.0674
29700 78.3618 78.0684
29800 78.6901 78.0704
29900 78.8569 78.0731
30000 78.3231 78.0739
30100 78.0162 78.0737
30200 77.3116 78.0712
30300 77.6051 78.0697
30400 77.7382 78.0686
30500 77.1787 78.0657
30600 76.9402 78.062
30700 77.2825 78.0594
30800 77.17 78.0565
30900 77.7923 78.0557
31000 78.3125 78.0565
31100 77.9617 78.0562
31200 76.8753 78.0524
31300 78.1184 78.0526
31400 77.3637 78.0504
31500 77.5997 78.049
31600 77.8503 78.0484
31700 78.3032 78.0492
31800 78.3334 78.0501
31900 79.0908 78.0533
32000 79.4767 78.0578
32100 79.2887 78.0616
32200 78.5582 78.0632
32300 78.3096 78.0639
32400 78.2318 78.0645
32500 78.4286 78.0656
32600 78.2744 78.0662
32700 78.85 78.0686
32800 78.5187 78.07
32900 78.6625 78.0718
33000 79.1503 78.0751
33100 78.9544 78.0777
33200 78.6306 78.0794
33300 78.4077 78.0804
33400 77.6427 78.0791
33500 78.4008 78.08
33600 78.1013 78.0801
33700 78.5344 78.0814
33800 78.5125 78.0827
33900 78.1132 78.0828
34000 78.5635 78.0842
34100 77.907 78.0837
34200 77.9808 78.0834
34300 77.5035 78.0817
34400 77.6404 78.0804
34500 78.4063 78.0814
34600 77.3255 78.0792
34700 78.2796 78.0797
34800 77.7387 78.0788
34900 77.3483 78.0767
35000 77.6209 78.0754
35100 77.7656 78.0745
35200 77.462 78.0727
35300 77.7654 78.0719
35400 78.1298 78.072
35500 78.0713 78.072
35600 78.5489 78.0734
35700 77.6101 78.0721
35800 77.7789 78.0713
35900 78.2414 78.0717
36000 77.9099 78.0713
36100 77.9446 78.0709
36200 78.0116 78.0708
36300 77.9938 78.0706
36400 77.9611 78.0703
36500 78.0491 78.0702
36600 78.1699 78.0705
36700 77.5791 78.0691
36800 77.7169 78.0682
36900 77.0098 78.0653
37000 76.7331 78.0617
37100 76.8739 78.0585
37200 77.2555 78.0563
37300 77.7507 78.0555
37400 77.1518 78.0531
37500 77.2177 78.0509
37600 77.5709 78.0496
37700 77.8657 78.0491
37800 77.3082 78.0472
37900 77.8167 78.0466
38000 77.8825 78.0461
38100 77.4368 78.0445
38200 77.379 78.0428
38300 76.6735 78.0392
38400 76.7764 78.0359
38500 77.0731 78.0334
38600 77.4988 78.032
38700 76.985 78.0293
38800 76.8678 78.0263
38900 76.3184 78.0219
39000 76.7234 78.0186
39100 76.0374 78.0135
39200 76.1631 78.0088
39300 76.3709 78.0047
39400 75.5509 77.9984
39500 76.1591 77.9938
39600 76.4134 77.9898
39700 76.3979 77.9858
39800 76.5124 77.9821
39900 76.1895 77.9776
40000 76.6018 77.9741
40100 76.5777 77.9707
40200 76.9055 77.968
40300 77.1693 77.966
40400 77.1676 77.964
40500 76.7615 77.9611
40600 76.938 77.9586
40700 76.9742 77.9561
40800 77.0713 77.954
40900 77.6148 77.9531
41000 77.9255 77.9531
41100 77.6068 77.9522
41200 77.7025 77.9516
41300 77.6405 77.9509
41400 77.3891 77.9495
41500 77.4061 77.9482
41600 77.0413 77.946
41700 76.9385 77.9436
41800 77.0409 77.9414
41900 77.3383 77.94
42000 76.5395 77.9367
42100 76.7231 77.9338
42200 76.6817 77.9308
42300 76.9681 77.9285
42400 77.265 77.927
42500 77.2659 77.9254
42600 77.2933 77.9239
42700 76.9318 77.9216
42800 77.0467 77.9196
42900 78.0341 77.9198
43000 77.8701 77.9197
43100 77.7818 77.9194
43200 77.5141 77.9185
43300 77.8239 77.9183
43400 77.8481 77.9181
43500 77.9174 77.9181
43600 77.9227 77.9181
43700 77.7191 77.9176
43800 76.7254 77.9149
43900 76.8876 77.9126
44000 75.9099 77.908
44100 76.8655 77.9057
44200 76.7644 77.9031
44300 76.8472 77.9007
44400 77.0556 77.8988
44500 76.6953 77.8961
44600 76.8883 77.8938
44700 76.9963 77.8918
44800 76.7439 77.8893
44900 76.3777 77.8859
45000 76.3912 77.8826
45100 76.7944 77.8802
45200 76.9478 77.8781
45300 76.9061 77.876
45400 76.7544 77.8735
45500 76.6807 77.8709
45600 76.91 77.8688
45700 76.8183 77.8665
45800 77.268 77.8651
45900 77.8238 77.8651
46000 77.4359 77.8641
46100 77.8141 77.864
46200 77.3789 77.863
46300 77.5678 77.8623
46400 77.1974 77.8609
46500 77.2292 77.8595
46600 76.9553 77.8576
46700 76.3495 77.8544
46800 76.4074 77.8513
46900 76.6452 77.8487
47000 76.9647 77.8468
47100 76.9262 77.8449
47200 77.0582 77.8432
47300 76.8753 77.8412
47400 77.3932 77.8402
47500 77.0215 77.8385
47600 77.3672 77.8375
47700 76.5641 77.8348
47800 77.1683 77.8334
47900 77.1756 77.8321
48000 77.1076 77.8305
48100 76.7416 77.8283
48200 77.5378 77.8277
48300 77.2693 77.8265
48400 77.2084 77.8252
48500 76.6445 77.8228
48600 76.4827 77.8201
48700 76.3467 77.817
48800 76.0795 77.8135
48900 75.5702 77.8089
49000 76.1146 77.8054
49100 76.245 77.8022
49200 76.7917 77.8002
49300 76.4329 77.7974
49400 76.0429 77.7939
49500 76.9589 77.7922
49600 77.0474 77.7907
49700 77.0987 77.7893
49800 77.0187 77.7877
49900 76.4885 77.7851
50000 75.6269 77.7808
50100 76.1027 77.7775
50200 76.996 77.7759
50300 77.2505 77.7749
50400 77.232 77.7738
50500 77.9462 77.7741
50600 77.8167 77.7742
50700 77.541 77.7738
50800 78.3124 77.7748
50900 77.4836 77.7742
51000 77.0863 77.7729
51100 76.5524 77.7705
51200 75.5964 77.7663
51300 76.1773 77.7632
51400 76.1914 77.7601
51500 76.0653 77.7568
51600 76.5191 77.7544
51700 76.5255 77.752
51800 77.1193 77.7508
51900 76.8858 77.7492
52000 76.6931 77.7471
52100 76.3553 77.7445
52200 77.0182 77.7431
52300 76.8356 77.7413
52400 77.164 77.7402
52500 76.5915 77.738
52600 76.8022 77.7363
52700 76.7086 77.7343
52800 76.7806 77.7325
52900 76.8614 77.7309
53000 77.2598 77.73
53100 76.6467 77.7279
53200 77.6266 77.7277
53300 77.4334 77.7272
53400 77.6128 77.727
53500 77.5843 77.7267
53600 76.4504 77.7243
53700 77.6081 77.7241
53800 77.285 77.7233
53900 76.5031 77.721
54000 76.6523 77.719
54100 76.7986 77.7173
54200 77.1566 77.7163
54300 76.6436 77.7143
54400 76.5988 77.7123
54500 76.0212 77.7092
54600 76.6093 77.7072
54700 76.9848 77.7058
54800 76.7911 77.7042
54900 76.3541 77.7017
55000 76.7552 77.7
55100 76.3959 77.6976
55200 76.259 77.695
55300 76.2673 77.6924
55400 76.4641 77.6902
55500 75.9169 77.687
55600 75.9881 77.684
55700 75.9988 77.6809
55800 76.6459 77.6791
55900 76.3016 77.6766
56000 76.7745 77.675
56100 77.15 77.6741
56200 76.674 77.6723
56300 76.381 77.67
56400 77.177 77.6691
56500 77.8137 77.6694
56600 77.8806 77.6698
56700 77.7746 77.6699
56800 77.918 77.6704
56900 78.4551 77.6718
57000 78.2117 77.6727
57100 77.877 77.6731
57200 77.8212 77.6733
57300 77.5304 77.6731
57400 77.0448 77.672
57500 77.0644 77.6709
57600 77.0264 77.6698
57700 76.4302 77.6677
57800 76.4258 77.6655
57900 76.2244 77.663
58000 76.0588 77.6603
58100 75.9674 77.6573
58200 76.5823 77.6555
58300 76.7998 77.654
58400 76.5151 77.6521
58500 75.7147 77.6488
58600 75.9961 77.6459
58700 75.5357 77.6423
58800 75.7157 77.6391
58900 75.5539 77.6355
59000 75.6043 77.6321
59100 75.7345 77.6289
59200 76.0098 77.6261
59300 76.4922 77.6242
59400 76.8848 77.623
59500 76.5548 77.6212
59600 77.2068 77.6205
59700 76.766 77.6191
59800 76.9963 77.618
59900 76.4002 77.616
60000 76.5375 77.6142
60100 76.8455 77.6129
60200 76.6318 77.6113
60300 76.6052 77.6096
60400 77.0452 77.6087
60500 76.8465 77.6074
60600 76.6367 77.6058
60700 76.612 77.6042
60800 76.4423 77.6023
60900 77.0714 77.6014
61000 77.1013 77.6006
61100 76.9643 77.5995
61200 77.3811 77.5992
61300 77.2998 77.5987
61400 76.8786 77.5975
61500 77.0459 77.5966
61600 77.5072 77.5965
61700 78.2238 77.5975
61800 78.114 77.5983
61900 77.5969 77.5983
62000 76.7234 77.5969
62100 76.1758 77.5946
62200 77.0332 77.5937
62300 76.6493 77.5922
62400 77.4869 77.592
62500 77.9271 77.5926
62600 76.5419 77.5909
62700 76.445 77.5891
62800 77.3086 77.5886
62900 76.9307 77.5876
63000 77.0861 77.5868
63100 77.9059 77.5873
63200 76.4316 77.5855
63300 76.1866 77.5833
63400 76.2325 77.5811
63500 76.7279 77.5798
63600 77.5142 77.5797
63700 77.7914 77.58
63800 78.152 77.5809
63900 77.8028 77.5812
64000 77.5697 77.5812
64100 77.6846 77.5814
64200 77.7794 77.5817
64300 77.0326 77.5808
64400 76.8445 77.5797
64500 76.8537 77.5786
64600 77.9693 77.5792
64700 78.2508 77.5802
64800 77.7698 77.5805
64900 77.8371 77.5809
65000 77.6868 77.5811
65100 77.425 77.5808
65200 78.2208 77.5818
65300 77.6959 77.582
65400 77.0862 77.5812
65500 77.9372 77.5818
65600 78.0142 77.5824
65700 77.4189 77.5822
65800 77.2134 77.5816
65900 77.3965 77.5813
66000 76.6683 77.58
66100 77.0084 77.5791
66200 76.2582 77.5771
66300 76.1658 77.575
66400 76.5257 77.5734
66500 76.9788 77.5725
66600 77.2047 77.5719
66700 77.0169 77.5711
66800 77.5128 77.571
66900 77.5286 77.571
67000 77.4759 77.5708
67100 76.5902 77.5694
67200 76.151 77.5672
67300 76.8651 77.5662
67400 77.85 77.5666
67500 77.5597 77.5666
67600 77.3987 77.5664
67700 77.3992 77.5661
67800 77.1025 77.5654
67900 76.9873 77.5646
68000 77.2012 77.564
68100 77.3958 77.5638
68200 77.4213 77.5636
68300 76.7403 77.5624
68400 76.4262 77.5607
68500 76.0266 77.5585
68600 76.8834 77.5575
68700 76.6481 77.5562
68800 77.0489 77.5554
68900 77.2785 77.555
69000 76.6234 77.5537
69100 77.0703 77.553
69200 77.407 77.5528
69300 76.8816 77.5518
69400 77.1501 77.5512
69500 77.1716 77.5507
69600 76.8994 77.5497
69700 76.4649 77.5482
69800 76.7058 77.547
69900 76.7725 77.5459
70000 76.7066 77.5447
70100 77.4655 77.5446
70200 77.3915 77.5443
70300 77.7867 77.5447
70400 77.7451 77.545
70500 77.2791 77.5446
70600 77.5572 77.5446
70700 77.6543 77.5448
70800 78.7305 77.5464
70900 77.6203 77.5466
71000 77.9882 77.5472
71100 78.1918 77.5481
71200 77.8136 77.5485
71300 78.019 77.5491
71400 78.3926 77.5503
71500 78.1416 77.5511
71600 78.0112 77.5518
71700 78.1911 77.5527
71800 76.8296 77.5516
71900 76.7456 77.5505
72000 77.1475 77.55
72100 76.8242 77.549
72200 76.879 77.548
72300 76.9101 77.5472
72400 75.913 77.5449
72500 75.993 77.5428
72600 76.5294 77.5414
72700 76.7948 77.5403
72800 76.8251 77.5393
72900 76.7735 77.5383
73000 76.3036 77.5366
73100 76.7721 77.5356
73200 76.5082 77.5342
73300 76.3798 77.5326
73400 76.78 77.5316
73500 77.5943 77.5316
73600 77.4464 77.5315
73700 77.0276 77.5308
73800 77.0507 77.5302
73900 76.5477 77.5289
74000 75.9429 77.5267
74100 75.51 77.524
74200 75.5767 77.5214
74300 75.8299 77.5191
74400 76.2375 77.5174
74500 76.3408 77.5158
74600 76.4045 77.5143
74700 76.6181 77.5131
74800 76.1886 77.5113
74900 76.2334 77.5096
75000 76.48 77.5083
75100 76.5817 77.507
75200 76.8254 77.5061
75300 76.3864 77.5046
75400 77.1127 77.5041
75500 76.2448 77.5024
75600 76.1329 77.5006
75700 75.5699 77.4981
75800 76.1395 77.4963
75900 75.6169 77.4938
76000 75.7247 77.4915
76100 75.6745 77.4891
76200 76.5491 77.4879
76300 76.3061 77.4863
76400 75.768 77.4841
76500 75.6646 77.4817
76600 76.1403 77.4799
76700 75.9149 77.4779
76800 76.1348 77.4761
76900 75.62 77.4737
77000 75.2164 77.4708
77100 75.6325 77.4684
77200 75.9595 77.4665
77300 76.5879 77.4653
77400 76.7559 77.4644
77500 76.3754 77.463
77600 76.1261 77.4613
77700 76.7443 77.4604
77800 76.5577 77.4592
77900 76.6963 77.4582
78000 76.6629 77.4572
78100 76.4486 77.4559
78200 75.6881 77.4536
78300 75.8292 77.4516
78400 75.4796 77.4491
78500 75.835 77.447
78600 76.018 77.4452
78700 76.4775 77.444
78800 76.9048 77.4433
78900 76.3604 77.4419
79000 76.9526 77.4413
79100 76.5403 77.4401
79200 77.2472 77.4399
79300 77.8819 77.4405
79400 78.1869 77.4414
79500 77.1509 77.441
79600 77.2239 77.4408
79700 78.0406 77.4415
79800 77.6983 77.4418
79900 77.5606 77.442
80000 76.642 77.441
80100 76.5256 77.4398
80200 76.5646 77.4387
80300 77.306 77.4386
80400 77.7593 77.439
80500 77.129 77.4386
80600 77.6062 77.4388
80700 76.6589 77.4378
80800 76.3508 77.4365
80900 76.2759 77.4351
81000 76.7283 77.4342
81100 77.3407 77.4341
81200 77.4021 77.434
81300 77.9795 77.4347
81400 77.2514 77.4345
81500 77.6292 77.4347
81600 77.7685 77.4351
81700 77.7574 77.4355
81800 78.2913 77.4366
81900 77.8316 77.437
82000 78.2628 77.438
82100 77.9659 77.4387
82200 77.5837 77.4389
82300 77.3832 77.4388
82400 77.0983 77.4384
82500 75.7792 77.4364
82600 76.4277 77.4352
82700 76.3159 77.4338
82800 76.5047 77.4327
82900 76.3364 77.4314
83000 76.3026 77.43
83100 76.5361 77.4289
83200 76.6319 77.428
83300 76.5629 77.4269
83400 75.92 77.4251
83500 75.8804 77.4233
83600 76.1535 77.4217
83700 76.0964 77.4202
83800 77.0172 77.4197
83900 76.4178 77.4185
84000 76.0299 77.4168
84100 76.1179 77.4153
84200 75.6524 77.4132
84300 75.8992 77.4114
84400 76.8436 77.4107
84500 76.5703 77.4097
84600 77.1368 77.4094
84700 77.1566 77.4091
84800 76.8388 77.4084
84900 77.1344 77.4081
85000 76.8822 77.4075
85100 76.5168 77.4065
85200 76.7844 77.4057
85300 77.384 77.4057
85400 77.0903 77.4053
85500 76.4498 77.4042
85600 75.5257 77.402
85700 75.5922 77.3999
85800 75.7845 77.398
85900 76.2355 77.3967
86000 75.905 77.3949
86100 76.1636 77.3935
86200 76.118 77.392
86300 76.5526 77.3911
86400 76.8439 77.3904
86500 76.4515 77.3893
86600 76.68 77.3885
86700 76.2604 77.3872
86800 76.5087 77.3862
86900 75.8226 77.3844
87000 76.5228 77.3834
87100 76.2634 77.3821
87200 76.0685 77.3806
87300 76.6712 77.3798
87400 77.0986 77.3795
87500 77.1021 77.3792
87600 76.5648 77.3782
87700 77.0445 77.3779
87800 76.6029 77.377
87900 76.7197 77.3762
88000 76.226 77.3749
88100 76.9543 77.3744
88200 76.2631 77.3732
88300 76.7445 77.3725
88400 77.4173 77.3725
88500 76.6977 77.3718
88600 76.5235 77.3708
88700 76.3653 77.3697
88800 76.6625 77.3689
88900 76.9714 77.3684
89000 77.7714 77.3689
89100 78.1438 77.3697
89200 78.1426 77.3706
89300 78.0069 77.3713
89400 77.0772 77.371
89500 77.3743 77.371
89600 77.1356 77.3707
89700 77.5088 77.3709
89800 76.8412 77.3703
89900 77.4977 77.3704
90000 78.2714 77.3714
90100 77.9468 77.3721
90200 78.6358 77.3735
90300 78.6803 77.3749
90400 78.4029 77.3761
90500 78.8138 77.3777
90600 77.8891 77.3782
90700 77.141 77.378
90800 77.222 77.3778
90900 77.3082 77.3777
91000 77.5111 77.3779
91100 77.8291 77.3784
91200 77.0299 77.378
91300 76.5681 77.3771
91400 77.3756 77.3771
91500 77.5191 77.3772
91600 76.5525 77.3763
91700 76.7798 77.3757
91800 77.4264 77.3757
91900 76.6998 77.375
92000 76.568 77.3741
92100 77.1084 77.3738
92200 76.1283 77.3725
92300 76.6503 77.3717
92400 77.1215 77.3714
92500 77.1857 77.3712
92600 76.8534 77.3707
92700 77.1694 77.3705
92800 76.9664 77.37
92900 77.3015 77.37
93000 77.0555 77.3696
93100 77.4364 77.3697
93200 77.2004 77.3695
93300 77.1922 77.3693
93400 77.9821 77.37
93500 77.6227 77.3702
93600 77.3838 77.3703
93700 77.8905 77.3708
93800 78.5329 77.372
93900 78.6914 77.3735
94000 78.0868 77.3742
94100 78.6894 77.3756
94200 77.8885 77.3762
94300 77.3959 77.3762
94400 78.0712 77.3769
94500 77.4347 77.377
94600 77.2293 77.3768
94700 77.0243 77.3764
94800 77.8801 77.377
94900 79.2109 77.3789
95000 78.5366 77.3801
95100 78.3487 77.3811
95200 78.4293 77.3822
95300 77.5566 77.3824
95400 77.2722 77.3823
95500 77.4052 77.3823
95600 77.382 77.3823
95700 77.4019 77.3824
95800 77.0382 77.382
95900 76.7293 77.3813
96000 77.0088 77.3809
96100 76.7572 77.3803
96200 76.9353 77.3798
96300 77.1323 77.3796
96400 76.4189 77.3786
96500 76.9282 77.3781
96600 76.9532 77.3777
96700 77.2632 77.3775
96800 76.6454 77.3768
96900 76.5526 77.3759
97000 76.1195 77.3746
97100 76.7479 77.374
97200 76.5039 77.3731
97300 76.4738 77.3722
97400 76.4537 77.3712
97500 77.371 77.3712
97600 77.6117 77.3715
97700 76.7256 77.3708
97800 76.119 77.3695
97900 76.4467 77.3686
98000 77.0659 77.3683
98100 77.2695 77.3682
98200 77.3839 77.3682
98300 77.8037 77.3686
98400 77.8266 77.3691
98500 77.7427 77.3695
98600 78.1317 77.3703
98700 78.3829 77.3713
98800 78.2725 77.3722
98900 77.9931 77.3728
99000 77.821 77.3733
99100 77.5973 77.3735
99200 77.6954 77.3738
99300 77.0995 77.3736
99400 77.1403 77.3733
99500 77.4392 77.3734
99600 77.5204 77.3735
99700 77.5659 77.3737
99800 77.4934 77.3738
99900 77.4342 77.3739
100000 77.0992 77.3736
100100 77.2346 77.3735
100200 77.0311 77.3731
100300 76.3436 77.3721
100400 76.2556 77.371
100500 75.7054 77.3694
100600 75.7408 77.3677
100700 76.3636 77.3667
100800 76.1919 77.3656
100900 76.3155 77.3645
101000 75.8395 77.363
101100 76.3273 77.362
101200 77.0559 77.3617
101300 76.8524 77.3612
101400 76.971 77.3608
101500 77.5071 77.361
101600 77.3982 77.361
101700 76.7947 77.3604
101800 76.8609 77.3599
101900 77.3376 77.3599
102000 77.4706 77.36
102100 77.3191 77.36
102200 76.9121 77.3595
102300 76.0155 77.3582
102400 75.8193 77.3567
102500 76.7158 77.3561
102600 75.8154 77.3546
102700 76.1523 77.3534
102800 76.0909 77.3522
102900 76.3273 77.3512
103000 76.9413 77.3508
103100 76.3855 77.3499
103200 76.298 77.3489
103300 76.8291 77.3484
103400 77.0039 77.348
103500 76.6667 77.3474
103600 76.2697 77.3463
103700 77.0946 77.3461
103800 76.8702 77.3456
103900 76.8971 77.3452
104000 76.8342 77.3447
104100 76.6295 77.344
104200 76.6027 77.3433
104300 76.2251 77.3422
104400 77.0292 77.3419
104500 76.8088 77.3414
104600 76.0749 77.3402
104700 77.4877 77.3403
104800 77.0142 77.34
104900 76.8953 77.3396
105000 77.0712 77.3394
105100 76.9847 77.339
105200 76.9573 77.3387
105300 76.7562 77.3381
105400 77.1559 77.3379
105500 77.3999 77.338
105600 77.5542 77.3382
105700 78.3107 77.3391
105800 78.1925 77.3399
105900 78.7391 77.3412
106000 78.2989 77.3421
106100 78.4258 77.3432
106200 78.2842 77.3441
106300 78.4985 77.3451
106400 78.2067 77.3459
106500 78.1296 77.3467
106600 78.6238 77.3479
106700 78.0845 77.3486
106800 77.9562 77.3491
106900 77.9675 77.3497
107000 78.4446 77.3507
107100 78.4053 77.3517
107200 78.4592 77.3528
107300 77.686 77.3531
107400 78.1079 77.3538
107500 78.3528 77.3547
107600 77.6557 77.355
107700 77.7867 77.3554
107800 78.0501 77.356
107900 76.9498 77.3557
108000 76.7921 77.3551
108100 76.5248 77.3544
108200 77.075 77.3541
108300 77.5568 77.3543
108400 76.5914 77.3536
108500 76.9146 77.3532
108600 76.8599 77.3527
108700 76.7566 77.3522
108800 76.9106 77.3518
108900 76.766 77.3512
109000 76.6569 77.3506
109100 76.4017 77.3497
109200 76.5483 77.349
109300 75.6209 77.3474
109400 76.6403 77.3468
109500 76.2741 77.3458
109600 76.4732 77.345
109700 76.9176 77.3446
109800 76.6945 77.344
109900 77.4017 77.3441
110000 77.5684 77.3443
110100 77.7891 77.3447
110200 77.457 77.3448
110300 78.0358 77.3454
110400 78.4116 77.3464
110500 77.7646 77.3467
110600 77.6013 77.347
110700 77.7221 77.3473
110800 78.5737 77.3484
110900 77.946 77.349
111000 77.3765 77.349
111100 76.7839 77.3485
111200 77.501 77.3486
111300 77.3313 77.3486
111400 77.7112 77.3489
111500 77.5634 77.3491
111600 77.274 77.349
111700 77.5729 77.3492
111800 77.7163 77.3496
111900 77.7309 77.3499
112000 77.8577 77.3504
112100 78.7472 77.3516
112200 78.2031 77.3524
112300 78.1869 77.3531
112400 78.6838 77.3543
112500 78.2865 77.3551
112600 78.0843 77.3558
112700 77.6105 77.356
112800 77.7709 77.3564
112900 78.1229 77.3571
113000 78.4206 77.358
113100 78.3964 77.3589
113200 78.2063 77.3597
113300 76.972 77.3593
113400 77.1572 77.3591
113500 77.2612 77.3591
113600 77.019 77.3588
113700 77.8967 77.3592
113800 78.6653 77.3604
113900 78.4846 77.3614
114000 77.8167 77.3618
114100 78.6289 77.3629
114200 78.1392 77.3636
114300 78.2714 77.3643
114400 78.03 77.3649
114500 77.5244 77.3651
114600 78.1123 77.3657
114700 78.1128 77.3664
114800 78.3229 77.3672
114900 78.6944 77.3684
115000 78.2128 77.3691
115100 77.8342 77.3695
115200 78.3322 77.3703
115300 77.4614 77.3704
115400 77.6162 77.3706
115500 77.3845 77.3706
115600 77.1409 77.3704
115700 77.6138 77.3706
115800 77.0589 77.3704
115900 77.2945 77.3703
116000 77.0856 77.3701
116100 76.8668 77.3696
116200 76.3695 77.3688
116300 76.0363 77.3676
116400 76.639 77.367
116500 76.6575 77.3664
116600 76.0699 77.3653
116700 76.4049 77.3645
116800 75.9683 77.3633
116900 76.064 77.3622
117000 76.0476 77.361
117100 76.3483 77.3602
117200 76.4442 77.3594
117300 77.0106 77.3591
117400 77.2567 77.359
117500 78.2454 77.3598
117600 78.4354 77.3607
117700 78.8912 77.362
117800 78.4192 77.3629
117900 77.9098 77.3633
118000 78.2575 77.3641
118100 78.2541 77.3648
118200 77.6959 77.3651
118300 77.0831 77.3649
118400 76.2696 77.364
118500 76.3635 77.3631
118600 75.8369 77.3618
118700 76.2375 77.3609
118800 76.6551 77.3603
118900 77.0252 77.36
119000 77.6685 77.3603
119100 77.5937 77.3605
119200 77.3319 77.3604
119300 77.2259 77.3603
119400 77.0989 77.3601
119500 77.1607 77.3599
119600 77.0456 77.3597
119700 77.071 77.3594
119800 77.1683 77.3593
119900 77.2567 77.3592
120000 77.5129 77.3593
120100 77.0962 77.3591
120200 77.4986 77.3592
120300 77.0301 77.3589
120400 77.0588 77.3587
120500 77.4716 77.3588
120600 76.3656 77.358
120700 77.9942 77.3585
120800 76.7501 77.358
120900 76.93 77.3576
121000 76.8785 77.3572
121100 77.1994 77.3571
121200 77.0577 77.3569
121300 76.8356 77.3564
121400 75.7006 77.3551
121500 75.8683 77.3538
121600 76.0198 77.3527
121700 76.294 77.3519
121800 76.1666 77.3509
121900 76.5708 77.3503
122000 75.9074 77.3491
122100 76.5521 77.3484
122200 76.6423 77.3478
122300 76.854 77.3474
122400 76.5398 77.3468
122500 76.4655 77.3461
122600 76.6517 77.3455
122700 77.0216 77.3452
122800 76.4924 77.3445
122900 76.8743 77.3442
123000 76.8784 77.3438
123100 76.5007 77.3431
123200 77.0734 77.3429
123300 77.9407 77.3434
123400 77.0884 77.3431
123500 77.1654 77.343
123600 77.4221 77.3431
123700 76.9887 77.3428
123800 77.4278 77.3429
123900 78.0258 77.3434
124000 77.1201 77.3432
124100 77.1547 77.3431
124200 77.1282 77.3429
124300 77.3519 77.3429
124400 77.3527 77.3429
124500 77.829 77.3433
124600 77.1959 77.3432
124700 77.1557 77.343
124800 77.3414 77.343
124900 77.3598 77.343
125000 77.573 77.3432
125100 77.4931 77.3433
125200 77.1659 77.3432
125300 77.2442 77.3431
125400 77.2544 77.3431
125500 76.857 77.3427
125600 76.6414 77.3421
125700 77.1445 77.342
125800 77.0681 77.3417
125900 76.4565 77.341
126000 76.6418 77.3405
126100 76.45 77.3398
126200 76.715 77.3393
126300 76.6179 77.3387
126400 77.1822 77.3386
126500 76.6054 77.338
126600 76.5246 77.3374
126700 76.7677 77.3369
126800 77.6387 77.3371
126900 77.1223 77.337
127000 77.2447 77.3369
127100 76.6238 77.3363
127200 76.1042 77.3354
127300 76.9883 77.3351
127400 77.2382 77.335
127500 76.9102 77.3347
127600 76.7074 77.3342
127700 76.6 77.3336
127800 76.4715 77.333
127900 77.1588 77.3328
128000 76.8422 77.3324
128100 77.443 77.3325
128200 76.9219 77.3322
128300 76.9948 77.3319
128400 77.3527 77.332
128500 77.6763 77.3322
128600 77.715 77.3325
128700 78.9628 77.3338
128800 78.0985 77.3344
128900 77.4249 77.3345
129000 77.519 77.3346
129100 77.3751 77.3346
129200 77.6861 77.3349
129300 77.9227 77.3354
129400 77.4475 77.3354
129500 77.958 77.3359
129600 77.3272 77.3359
129700 78.2274 77.3366
129800 77.8441 77.337
129900 78.1846 77.3376
130000 77.9489 77.3381
130100 78.1737 77.3388
130200 78.3145 77.3395
130300 78.472 77.3404
130400 77.9126 77.3408
130500 77.6124 77.341
130600 77.3623 77.341
130700 78.3801 77.3418
130800 78.7963 77.3429
130900 78.9191 77.3441
131000 78.066 77.3447
131100 77.9874 77.3452
131200 78.3509 77.346
131300 78.251 77.3466
131400 78.9554 77.3479
131500 78.0604 77.3484
131600 78.0165 77.3489
131700 78.4658 77.3498
131800 78.1911 77.3504
131900 78.464 77.3513
132000 78.5315 77.3521
132100 79.9669 77.3541
132200 78.7733 77.3552
132300 78.5692 77.3561
132400 77.712 77.3564
132500 77.4307 77.3564
132600 77.0355 77.3562
132700 77.1003 77.356
132800 76.4697 77.3553
132900 76.1796 77.3545
133000 76.6642 77.3539
133100 76.7539 77.3535
133200 76.5013 77.3528
133300 75.5749 77.3515
133400 76.5951 77.3509
133500 77.1432 77.3508
133600 77.2223 77.3507
133700 76.482 77.35
133800 75.6096 77.3487
133900 75.9754 77.3477
134000 76.9446 77.3474
134100 76.431 77.3467
134200 76.5592 77.3461
134300 76.5678 77.3456
134400 76.2794 77.3448
134500 77.1368 77.3446
134600 77.1347 77.3445
134700 76.524 77.3439
134800 76.1777 77.343
134900 75.8539 77.3419
135000 75.087 77.3402
135100 75.8546 77.3391
135200 76.1285 77.3382
135300 75.6149 77.3369
135400 76.1106 77.336
135500 76.9537 77.3358
135600 77.3928 77.3358
135700 77.219 77.3357
135800 76.2939 77.3349
135900 76.8114 77.3346
136000 76.7299 77.3341
136100 76.2236 77.3333
136200 75.9291 77.3323
136300 75.9946 77.3313
136400 75.8502 77.3302
136500 76.8477 77.3298
136600 76.6766 77.3294
136700 76.5881 77.3288
136800 76.5697 77.3283
136900 76.3715 77.3276
137000 76.4006 77.3269
137100 76.6223 77.3264
137200 76.0939 77.3255
137300 76.7705 77.3251
137400 77.2774 77.325
137500 76.8022 77.3247
137600 77.2711 77.3246
137700 77.2324 77.3246
137800 76.6603 77.3241
137900 76.6174 77.3236
138000 77.3331 77.3236
138100 77.1373 77.3234
138200 77.7074 77.3237
138300 77.6985 77.324
138400 77.9938 77.3245
138500 76.9936 77.3242
138600 76.8211 77.3239
138700 77.3735 77.3239
138800 77.6297 77.3241
138900 77.8885 77.3245
139000 77.3169 77.3245
139100 77.0969 77.3244
139200 76.538 77.3238
139300 76.7613 77.3234
139400 76.6918 77.3229
139500 76.6532 77.3225
139600 76.3747 77.3218
139700 77.0449 77.3216
139800 77.194 77.3215
139900 77.1141 77.3213
140000 77.18 77.3212
140100 75.603 77.32
140200 76.5816 77.3195
140300 77.0736 77.3193
140400 77.4407 77.3194
140500 77.1398 77.3193
140600 76.9036 77.319
140700 77.2945 77.319
140800 76.6253 77.3185
140900 76.8069 77.3181
141000 76.5586 77.3176
141100 76.2038 77.3168
141200 76.6331 77.3163
141300 76.8883 77.316
141400 77.2841 77.316
141500 77.7875 77.3163
141600 77.8473 77.3167
141700 77.6129 77.3169
141800 77.1439 77.3168
141900 76.7529 77.3164
142000 76.6333 77.3159
142100 76.4312 77.3153
142200 76.2118 77.3145
142300 76.0733 77.3136
142400 75.9674 77.3127
142500 77.0638 77.3125
142600 76.862 77.3122
142700 77.0352 77.312
142800 76.4236 77.3114
142900 76.3593 77.3107
143000 75.5382 77.3095
143100 76.27 77.3087
143200 75.8749 77.3077
143300 75.8457 77.3067
143400 76.0039 77.3058
143500 76.4362 77.3052
143600 76.6137 77.3047
143700 76.8125 77.3044
143800 77.0129 77.3042
143900 77.5844 77.3044
144000 76.8613 77.3041
144100 77.2509 77.304
144200 77.6771 77.3043
144300 76.8989 77.304
144400 77.7486 77.3043
144500 77.7292 77.3046
144600 77.8624 77.305
144700 77.4431 77.3051
144800 77.5132 77.3052
144900 77.7661 77.3055
145000 77.8304 77.3059
145100 77.4528 77.306
145200 77.7402 77.3063
145300 77.2533 77.3063
145400 77.3338 77.3063
145500 76.704 77.3059
145600 77.4684 77.306
145700 77.786 77.3063
145800 77.6438 77.3065
145900 77.5603 77.3067
146000 77.0111 77.3065
146100 76.829 77.3062
146200 77.0289 77.306
146300 77.3364 77.306
146400 76.8975 77.3057
146500 77.374 77.3058
146600 76.4899 77.3052
146700 76.3899 77.3046
146800 76.1824 77.3038
146900 76.5058 77.3033
147000 76.6081 77.3028
147100 77.6439 77.3031
147200 76.7949 77.3027
147300 77.0879 77.3026
147400 76.8797 77.3023
147500 77.1385 77.3022
147600 77.1081 77.302
147700 77.4558 77.3021
147800 77.1216 77.302
147900 77.7905 77.3023
148000 77.8397 77.3027
148100 77.4039 77.3028
148200 77.1374 77.3027
148300 77.4506 77.3028
148400 76.0873 77.3019
148500 76.6171 77.3015
148600 76.6962 77.3011
148700 76.7474 77.3007
148800 76.3092 77.3
148900 76.2376 77.2993
149000 75.9717 77.2984
149100 76.5867 77.298
149200 77.062 77.2978
149300 77.3978 77.2979
149400 76.9973 77.2977
149500 76.9897 77.2975
149600 77.2647 77.2974
149700 76.4342 77.2969
149800 76.512 77.2963
149900 76.5367 77.2958
150000 76.2324 77.2951
150100 76.0009 77.2943
150200 76.3885 77.2937
150300 76.139 77.2929
150400 76.5232 77.2924
150500 76.7206 77.292
150600 77.058 77.2918
150700 76.4619 77.2913
150800 76.6903 77.2909
150900 75.9732 77.29
151000 75.9901 77.2892
151100 76.3457 77.2885
151200 76.7305 77.2882
151300 76.3418 77.2875
151400 75.9812 77.2867
151500 76.1077 77.2859
151600 76.6769 77.2855
151700 76.4632 77.285
151800 76.5616 77.2845
151900 75.8497 77.2835
152000 76.3824 77.2829
152100 77.3099 77.283
152200 77.4341 77.2831
152300 77.4308 77.2832
152400 76.899 77.2829
152500 76.1693 77.2822
152600 75.7597 77.2812
152700 75.9386 77.2803
152800 75.5882 77.2792
152900 76.0051 77.2784
153000 76.1285 77.2776
153100 76.3703 77.277
153200 76.6629 77.2766
153300 76.1923 77.2759
153400 76.3115 77.2753
153500 76.6931 77.2749
153600 76.3485 77.2743
153700 76.1337 77.2735
153800 75.9638 77.2727
153900 75.9483 77.2718
154000 76.4387 77.2713
154100 76.9625 77.2711
154200 75.9449 77.2702
154300 76.1184 77.2695
154400 76.1968 77.2688
154500 77.152 77.2687
154600 77.8412 77.2691
154700 78.097 77.2696
154800 78.2778 77.2703
154900 78.405 77.271
155000 78.8173 77.272
155100 79.0186 77.2731
155200 78.4966 77.2739
155300 78.6748 77.2748
155400 78.3989 77.2755
155500 78.3769 77.2763
155600 78.3785 77.277
155700 78.9048 77.278
155800 78.5973 77.2789
155900 78.2166 77.2795
156000 78.0847 77.28
156100 78.5257 77.2808
156200 78.0525 77.2813
156300 78.2822 77.2819
156400 77.6202 77.2821
156500 76.9492 77.2819
156600 77.6667 77.2822
156700 77.0197 77.282
156800 77.8015 77.2823
156900 76.9911 77.2821
157000 75.9184 77.2813
157100 76.6227 77.2808
157200 76.335 77.2802
157300 76.3908 77.2797
157400 76.8401 77.2794
157500 76.4195 77.2789
157600 76.1242 77.2781
157700 76.5671 77.2777
157800 76.3255 77.2771
157900 77.2131 77.277
158000 77.2295 77.277
158100 77.6581 77.2772
158200 78.3094 77.2779
158300 77.5331 77.278
158400 77.6824 77.2783
158500 77.9732 77.2787
158600 78.2226 77.2793
158700 77.8893 77.2797
158800 77.4791 77.2798
158900 76.7207 77.2795
159000 77.6776 77.2797
159100 77.0506 77.2796
159200 77.95 77.28
159300 77.5287 77.2802
159400 77.1086 77.2801
159500 77.0568 77.2799
159600 77.5757 77.2801
159700 77.8709 77.2805
159800 78.2697 77.2811
159900 77.7363 77.2814
160000 77.5824 77.2816
160100 77.4121 77.2817
160200 77.507 77.2818
160300 77.4064 77.2819
160400 77.4996 77.282
160500 76.5278 77.2815
160600 77.2112 77.2815
160700 78.0626 77.282
160800 78.7141 77.2829
160900 78.1471 77.2834
161000 78.1776 77.284
161100 77.6413 77.2842
161200 78.7137 77.2851
161300 78.1391 77.2856
161400 78.0269 77.2861
161500 77.8487 77.2864
161600 77.5463 77.2866
161700 77.4555 77.2867
161800 76.9163 77.2865
161900 76.8884 77.2862
162000 77.4466 77.2863
162100 77.6658 77.2865
162200 77.131 77.2864
162300 77.212 77.2864
162400 77.1004 77.2863
162500 77.5446 77.2864
162600 77.9351 77.2868
162700 77.7897 77.2871
162800 78.0844 77.2876
162900 78.5568 77.2884
163000 79.0475 77.2895
163100 78.9262 77.2905
163200 77.7041 77.2908
163300 78.2108 77.2913
163400 79.0296 77.2924
163500 78.5231 77.2931
163600 78.0464 77.2936
163700 78.3131 77.2942
163800 78.2516 77.2948
163900 78.6417 77.2956
164000 78.696 77.2965
164100 78.1088 77.297
164200 77.8802 77.2973
164300 77.3172 77.2973
164400 76.3917 77.2968
164500 76.3738 77.2962
164600 76.2303 77.2956
164700 76.6079 77.2952
164800 76.6991 77.2948
164900 77.234 77.2948
165000 76.6675 77.2944
165100 77.1874 77.2943
165200 77.1405 77.2942
165300 77.3471 77.2943
165400 77.1409 77.2942
165500 76.8941 77.2939
165600 76.6331 77.2935
165700 76.9025 77.2933
165800 77.0057 77.2931
165900 77.464 77.2932
166000 76.9311 77.293
166100 77.137 77.2929
166200 77.2889 77.2929
166300 76.823 77.2926
166400 77.0209 77.2925
166500 76.5415 77.292
166600 76.4989 77.2915
166700 76.8578 77.2913
166800 76.817 77.291
166900 76.6399 77.2906
167000 76.9984 77.2904
167100 76.1912 77.2898
167200 76.0972 77.289
167300 76.734 77.2887
167400 76.3952 77.2882
167500 76.8955 77.2879
167600 76.3886 77.2874
167700 75.8928 77.2866
167800 76.4889 77.2861
167900 76.2168 77.2855
168000 76.3041 77.2849
168100 77.103 77.2848
168200 76.795 77.2845
168300 76.7958 77.2842
168400 76.6981 77.2838
168500 76.1117 77.2832
168600 76.6825 77.2828
168700 76.8821 77.2826
168800 76.3997 77.282
168900 76.7163 77.2817
169000 76.2886 77.2811
169100 76.3972 77.2806
169200 76.4426 77.2801
169300 76.4194 77.2796
169400 76.5561 77.2792
169500 76.8598 77.2789
169600 76.8142 77.2786
169700 77.3121 77.2787
169800 77.0488 77.2785
169900 76.8378 77.2783
170000 76.2925 77.2777
170100 76.5251 77.2772
170200 76.7418 77.2769
170300 76.8979 77.2767
170400 77.5164 77.2768
170500 77.3712 77.2769
170600 78.4789 77.2776
170700 78.0813 77.2781
170800 77.7815 77.2784
170900 78.4722 77.2791
171000 77.5206 77.2792
171100 78.0188 77.2796
171200 78.9335 77.2806
171300 78.2115 77.2812
171400 77.7421 77.2814
171500 77.7668 77.2817
171600 77.4324 77.2818
171700 77.0824 77.2817
171800 76.3923 77.2812
171900 76.6344 77.2808
172000 76.3537 77.2802
172100 76.545 77.2798
172200 76.9603 77.2796
172300 77.0597 77.2795
172400 77.4157 77.2796
172500 77.4045 77.2797
172600 77.5064 77.2798
172700 77.5862 77.28
172800 76.7248 77.2796
172900 76.723 77.2793
173000 76.5769 77.2789
173100 76.282 77.2783
173200 76.2713 77.2778
173300 77.0623 77.2776
173400 77.5925 77.2778
173500 77.9049 77.2782
173600 77.8015 77.2785
173700 77.0549 77.2783
173800 77.8271 77.2787
173900 76.8301 77.2784
174000 76.5927 77.278
174100 77.5508 77.2782
174200 77.0705 77.278
174300 77.667 77.2783
174400 77.2113 77.2782
174500 77.4748 77.2783
174600 76.7594 77.278
174700 77.0652 77.2779
174800 77.3453 77.278
174900 77.0924 77.2779
175000 76.6494 77.2775
175100 76.3348 77.277
175200 77.2619 77.277
175300 76.3842 77.2764
175400 76.625 77.2761
175500 76.4633 77.2756
175600 76.2002 77.275
175700 76.0891 77.2743
175800 76.5834 77.2739
175900 77.5974 77.2741
176000 76.5516 77.2737
176100 77.1161 77.2736
176200 77.2412 77.2736
176300 77.3304 77.2736
176400 77.5507 77.2738
176500 77.9334 77.2742
176600 77.5913 77.2743
176700 77.1718 77.2743
176800 76.8393 77.274
176900 76.8826 77.2738
177000 76.5366 77.2734
177100 76.5306 77.273
177200 76.6351 77.2726
177300 77.902 77.273
177400 77.2554 77.273
177500 77.1636 77.2729
177600 77.1171 77.2728
177700 77.3621 77.2729
177800 77.0957 77.2728
177900 77.1122 77.2727
178000 76.6255 77.2723
178100 76.6661 77.272
178200 77.1681 77.2719
178300 76.8493 77.2717
178400 76.3874 77.2712
178500 76.4083 77.2707
178600 76.3973 77.2702
178700 76.9629 77.27
178800 76.8013 77.2698
178900 76.5945 77.2694
179000 76.512 77.269
179100 77.0333 77.2688
179200 77.0854 77.2687
179300 77.0721 77.2686
179400 77.3972 77.2687
179500 77.2283 77.2687
179600 77.3741 77.2687
179700 77.8731 77.2691
179800 77.4489 77.2692
179900 77.0522 77.269
180000 76.5816 77.2687
180100 77.1424 77.2686
180200 76.9321 77.2684
180300 76.5078 77.268
180400 76.8829 77.2678
180500 76.7619 77.2675
180600 76.1285 77.2669
180700 76.1066 77.2662
180800 76.0772 77.2656
180900 76.9491 77.2654
181000 76.9096 77.2652
181100 76.2186 77.2646
181200 77.1653 77.2646
181300 77.0638 77.2644
181400 76.9376 77.2643
181500 77.201 77.2642
181600 77.0953 77.2641
181700 76.725 77.2638
181800 76.7102 77.2635
181900 76.7431 77.2633
182000 77.7088 77.2635
182100 77.164 77.2634
182200 76.9474 77.2633
182300 77.3457 77.2633
182400 77.4253 77.2634
182500 78.0679 77.2638
182600 77.5431 77.264
182700 77.9013 77.2643
182800 76.768 77.2641
182900 76.7787 77.2638
183000 77.0725 77.2637
183100 77.4613 77.2638
183200 76.913 77.2636
183300 76.0085 77.2629
183400 77.0379 77.2628
183500 76.4402 77.2624
183600 76.7014 77.2621
183700 76.3864 77.2616
183800 77.0202 77.2615
183900 77.6712 77.2617
184000 76.7773 77.2614
184100 76.7707 77.2611
184200 76.7469 77.2609
184300 76.7378 77.2606
184400 76.2556 77.26
184500 76.9296 77.2599
184600 76.9829 77.2597
184700 77.0632 77.2596
184800 77.0423 77.2595
184900 76.6911 77.2592
185000 76.4498 77.2587
185100 76.4539 77.2583
185200 77.0243 77.2582
185300 76.7241 77.2579
185400 77.5226 77.258
185500 77.7284 77.2583
185600 77.6622 77.2585
185700 77.5272 77.2586
185800 77.463 77.2588
185900 77.9595 77.2591
186000 78.055 77.2596
186100 78.3926 77.2602
186200 77.3302 77.2602
186300 77.5827 77.2604
186400 76.9706 77.2602
186500 77.437 77.2603
186600 77.6781 77.2605
186700 77.0937 77.2605
186800 76.779 77.2602
186900 76.417 77.2597
187000 76.5381 77.2594
187100 76.6829 77.2591
187200 76.5718 77.2587
187300 76.3468 77.2582
187400 76.9424 77.258
187500 76.4981 77.2576
187600 76.1904 77.2571
187700 77.0038 77.2569
187800 76.7949 77.2567
187900 76.5001 77.2563
188000 76.2157 77.2557
188100 76.7677 77.2555
188200 77.4033 77.2555
188300 77.2454 77.2555
188400 77.2768 77.2555
188500 77.4524 77.2556
188600 77.302 77.2557
188700 77.3611 77.2557
188800 77.874 77.2561
188900 76.7713 77.2558
189000 77.362 77.2559
189100 77.2186 77.2558
189200 77.4225 77.2559
189300 77.6007 77.2561
189400 77.5938 77.2563
189500 76.9936 77.2561
189600 76.3654 77.2557
189700 77.2792 77.2557
189800 76.8252 77.2555
189900 77.4448 77.2556
190000 76.4871 77.2552
190100 76.9257 77.255
190200 76.1314 77.2544
190300 76.1251 77.2538
190400 77.0194 77.2537
190500 76.5226 77.2533
190600 76.8471 77.2531
190700 77.6636 77.2533
190800 76.9239 77.2531
190900 75.8247 77.2524
191000 76.3337 77.2519
191100 76.5264 77.2515
191200 76.0705 77.2509
191300 76.5348 77.2505
191400 76.5135 77.2501
191500 75.9451 77.2495
191600 76.41 77.249
191700 76.3679 77.2486
191800 76.1943 77.248
191900 76.6398 77.2477
192000 76.9802 77.2476
192100 77.1742 77.2475
192200 76.7897 77.2473
192300 77.4064 77.2474
192400 76.8689 77.2472
192500 76.3661 77.2467
192600 76.4687 77.2463
192700 77.1612 77.2463
192800 76.3807 77.2458
192900 76.5179 77.2454
193000 76.6395 77.2451
193100 76.6251 77.2448
193200 76.174 77.2442
193300 76.3988 77.2438
193400 77.1239 77.2437
193500 76.8141 77.2435
193600 77.6073 77.2437
193700 77.3023 77.2437
193800 78.0422 77.2441
193900 77.4937 77.2443
194000 77.045 77.2442
194100 76.8376 77.244
194200 77.7146 77.2442
194300 77.5311 77.2444
194400 77.5066 77.2445
194500 77.6934 77.2447
194600 78.9933 77.2456
194700 78.2793 77.2462
194800 77.775 77.2464
194900 77.8698 77.2467
195000 78.034 77.2471
195100 78.1181 77.2476
195200 78.3747 77.2482
195300 78.6423 77.2489
195400 77.8431 77.2492
195500 77.2538 77.2492
195600 77.8377 77.2495
195700 77.5083 77.2496
195800 77.3017 77.2496
195900 77.2699 77.2497
196000 77.4115 77.2497
196100 77.389 77.2498
196200 77.8459 77.2501
196300 77.4494 77.2502
196400 77.667 77.2504
196500 77.1472 77.2504
196600 77.3224 77.2504
196700 77.0374 77.2503
196800 77.3476 77.2504
196900 77.915 77.2507
197000 77.7799 77.251
197100 77.452 77.2511
197200 77.1285 77.251
197300 77.5368 77.2511
197400 77.7657 77.2514
197500 77.4452 77.2515
197600 76.8731 77.2513
197700 77.5559 77.2515
197800 77.7744 77.2517
197900 77.3273 77.2518
198000 77.0848 77.2517
198100 77.0607 77.2516
198200 77.8982 77.2519
198300 78.2327 77.2524
198400 78.6106 77.2531
198500 77.6469 77.2533
198600 77.3754 77.2534
198700 77.6342 77.2535
198800 77.4525 77.2536
198900 77.8656 77.254
199000 78.2627 77.2545
199100 77.5315 77.2546
199200 77.2298 77.2546
199300 76.7905 77.2544
199400 76.7574 77.2541
199500 76.7609 77.2539
199600 77.323 77.2539
199700 77.5399 77.254
199800 77.7857 77.2543
199900 77.0094 77.2542
200000 77.0681 77.2541
200100 76.8512 77.2539
200200 76.6061 77.2536
200300 76.6504 77.2533
200400 76.6718 77.253
200500 76.7423 77.2527
200600 76.6556 77.2524
200700 77.1663 77.2524
200800 77.6332 77.2526
200900 77.4471 77.2527
201000 77.3777 77.2527
201100 78.0011 77.2531
201200 78.3416 77.2536
201300 77.8027 77.2539
201400 77.204 77.2539
201500 76.7586 77.2536
201600 77.0828 77.2536
201700 76.9956 77.2534
201800 77.1043 77.2534
201900 78.2264 77.2538
202000 77.6674 77.254
202100 78.1089 77.2545
202200 77.33 77.2545
202300 78.6454 77.2552
202400 78.634 77.2559
202500 77.5465 77.256
202600 77.4777 77.2561
202700 78.0561 77.2565
202800 77.9787 77.2569
202900 77.0931 77.2568
203000 76.584 77.2565
203100 76.6038 77.2561
203200 77.1174 77.2561
203300 77.492 77.2562
203400 77.2302 77.2562
203500 76.5463 77.2558
203600 76.7414 77.2556
203700 76.5709 77.2552
203800 77.4388 77.2553
203900 77.5889 77.2555
204000 77.7738 77.2557
204100 77.9222 77.2561
204200 77.8942 77.2564
204300 78.4454 77.257
204400 78.024 77.2573
204500 77.4553 77.2574
204600 77.2993 77.2575
204700 76.6645 77.2572
204800 76.8339 77.257
204900 76.6756 77.2567
205000 76.2049 77.2562
205100 76.5179 77.2558
205200 76.4202 77.2554
205300 77.7593 77.2556
205400 76.6428 77.2553
205500 77.2191 77.2553
205600 77.0484 77.2552
205700 77.3532 77.2553
205800 77.811 77.2555
205900 76.7976 77.2553
206000 77.4594 77.2554
206100 77.3067 77.2554
206200 77.6868 77.2557
206300 77.5795 77.2558
206400 77.3588 77.2559
206500 77.9777 77.2562
206600 77.6541 77.2564
206700 77.5067 77.2565
206800 78.0156 77.2569
206900 77.1047 77.2568
207000 76.7143 77.2566
207100 77.1986 77.2565
207200 77.8175 77.2568
207300 77.3663 77.2569
207400 77.4877 77.257
207500 77.738 77.2572
207600 78.1355 77.2576
207700 78.079 77.258
207800 78.0664 77.2584
207900 77.5746 77.2586
208000 78.1715 77.259
208100 78.177 77.2594
208200 78.5709 77.2601
208300 78.3527 77.2606
208400 77.2425 77.2606
208500 76.1323 77.26
208600 76.9193 77.2599
208700 76.8833 77.2597
208800 77.5844 77.2599
208900 76.8944 77.2597
209000 77.5124 77.2598
209100 77.34 77.2598
209200 76.9417 77.2597
209300 76.5183 77.2593
209400 76.717 77.2591
209500 75.9044 77.2584
209600 76.0071 77.2578
209700 76.2113 77.2573
209800 75.8283 77.2566
209900 75.332 77.2557
210000 75.8341 77.2551
210100 76.8142 77.2548
210200 76.7123 77.2546
210300 76.8739 77.2544
210400 77.5393 77.2545
210500 78.2599 77.255
210600 77.8921 77.2553
210700 77.6558 77.2555
210800 77.3025 77.2555
210900 77.8097 77.2558
211000 78.2779 77.2563
211100 78.2653 77.2568
211200 77.7821 77.257
211300 77.9323 77.2573
211400 77.851 77.2576
211500 77.5899 77.2578
211600 77.5698 77.2579
211700 76.8384 77.2577
211800 76.5899 77.2574
211900 76.8558 77.2572
212000 77.1985 77.2572
212100 77.283 77.2572
212200 76.7629 77.257
212300 76.8616 77.2568
212400 76.659 77.2565
212500 76.7201 77.2562
212600 76.793 77.256
212700 76.4617 77.2556
212800 77.1332 77.2556
212900 77.0522 77.2555
213000 76.9535 77.2554
213100 77.5801 77.2555
213200 76.4065 77.2551
213300 76.7162 77.2549
213400 76.7554 77.2546
213500 77.7015 77.2548
213600 77.8513 77.2551
213700 77.2934 77.2551
213800 77.2069 77.2551
213900 78.1892 77.2555
214000 77.6943 77.2557
214100 77.2185 77.2557
214200 76.7615 77.2555
214300 77.3544 77.2555
214400 77.2066 77.2555
214500 77.1514 77.2555
214600 77.4458 77.2556
214700 77.3308 77.2556
214800 77.619 77.2558
214900 77.9119 77.2561
215000 77.4358 77.2562
215100 77.0451 77.2561
215200 77.2359 77.256
215300 77.0537 77.256
215400 77.1762 77.2559
215500 77.1087 77.2558
215600 77.6225 77.256
215700 78.1648 77.2564
215800 77.4291 77.2565
215900 78.3395 77.257
216000 78.3725 77.2575
216100 77.9712 77.2579
216200 77.8033 77.2581
216300 77.6333 77.2583
216400 78.0995 77.2587
216500 77.2151 77.2587
216600 77.1823 77.2586
216700 77.222 77.2586
216800 77.6782 77.2588
216900 77.9394 77.2591
217000 78.4519 77.2597
217100 79.0765 77.2605
217200 78.0988 77.2609
217300 78.293 77.2614
217400 78.1854 77.2618
217500 77.8384 77.2621
217600 77.5398 77.2622
217700 78.0863 77.2626
217800 78.2897 77.263
217900 78.3059 77.2635
218000 78.6772 77.2642
218100 78.1709 77.2646
218200 77.7978 77.2648
218300 78.9172 77.2656
218400 78.4544 77.2661
218500 78.8935 77.2669
218600 79.111 77.2677
218700 79.1538 77.2686
218800 78.2132 77.269
218900 78.3239 77.2695
219000 78.8575 77.2702
219100 78.3639 77.2707
219200 78.0407 77.2711
219300 78.4349 77.2716
219400 78.0683 77.272
219500 77.6933 77.2721
219600 77.1715 77.2721
219700 77.5669 77.2722
219800 77.8855 77.2725
219900 77.9752 77.2728
220000 78.3234 77.2733
220100 78.3688 77.2738
220200 78.4912 77.2744
220300 78.071 77.2747
220400 78.2648 77.2752
220500 78.3807 77.2757
220600 77.3437 77.2757
220700 77.394 77.2758
220800 77.4444 77.2758
220900 76.6673 77.2756
221000 76.0758 77.275
221100 77.0433 77.2749
221200 76.3988 77.2745
221300 77.3043 77.2745
221400 77.7969 77.2748
221500 78.4912 77.2753
221600 77.355 77.2753
221700 76.7411 77.2751
221800 76.0191 77.2745
221900 76.5296 77.2742
222000 76.6138 77.2739
222100 76.5324 77.2736
222200 76.6961 77.2733
222300 76.8132 77.2731
222400 77.3915 77.2732
222500 76.6065 77.2729
222600 76.3595 77.2725
222700 76.406 77.2721
222800 76.8321 77.2719
222900 76.848 77.2717
223000 77.1876 77.2716
223100 77.6184 77.2718
223200 77.5529 77.2719
223300 77.3819 77.272
223400 77.4115 77.272
223500 77.3865 77.2721
223600 76.8554 77.2719
223700 77.3724 77.2719
223800 77.3529 77.272
223900 77.9044 77.2723
224000 77.0541 77.2722
224100 77.3774 77.2722
224200 77.2531 77.2722
224300 78.3642 77.2727
224400 78.1696 77.2731
224500 77.9954 77.2734
224600 77.8388 77.2737
224700 77.6959 77.2738
224800 77.6146 77.274
224900 77.7041 77.2742
225000 77.5886 77.2743
225100 77.2466 77.2743
225200 77.6125 77.2745
225300 77.6973 77.2747
225400 78.1536 77.275
225500 76.8241 77.2748
225600 76.8971 77.2747
225700 76.6019 77.2744
225800 76.7586 77.2742
225900 76.7742 77.2739
226000 76.9087 77.2738
226100 77.3706 77.2738
226200 77.2141 77.2738
226300 76.303 77.2734
226400 76.2091 77.2729
226500 75.3596 77.272
226600 75.6957 77.2713
226700 76.2786 77.2709
226800 76.3652 77.2705
226900 76.851 77.2703
227000 76.2303 77.2699
227100 76.2634 77.2694
227200 76.3237 77.269
227300 76.0599 77.2685
227400 76.3418 77.2681
227500 76.1605 77.2676
227600 76.2018 77.2671
227700 76.1102 77.2666
227800 76.3556 77.2662
227900 76.7196 77.266
228000 77.1181 77.2659
228100 76.6512 77.2656
228200 76.2255 77.2652
228300 75.7453 77.2645
228400 75.9514 77.2639
228500 76.9247 77.2638
228600 76.4012 77.2634
228700 76.4077 77.263
228800 76.8203 77.2628
228900 76.3189 77.2624
229000 76.3854 77.262
229100 76.8728 77.2619
229200 76.6542 77.2616
229300 75.7751 77.261
229400 76.4094 77.2606
229500 76.4403 77.2602
229600 75.9886 77.2597
229700 76.4819 77.2593
229800 76.2515 77.2589
229900 76.7173 77.2587
230000 76.8264 77.2585
230100 76.4959 77.2581
230200 76.9284 77.258
230300 76.2072 77.2575
230400 75.7332 77.2569
230500 75.595 77.2562
230600 76.3933 77.2558
230700 75.8702 77.2552
230800 76.4019 77.2548
230900 76.7664 77.2546
231000 76.3144 77.2542
231100 75.9608 77.2536
231200 76.2265 77.2532
231300 76.0895 77.2527
231400 76.2485 77.2523
231500 75.4015 77.2515
231600 75.2195 77.2506
231700 75.1505 77.2497
231800 75.2336 77.2488
231900 75.9095 77.2482
232000 75.8667 77.2476
232100 76.0185 77.2471
232200 76.5934 77.2468
232300 76.5912 77.2465
232400 76.2495 77.2461
232500 75.5122 77.2454
232600 75.5078 77.2446
232700 75.9428 77.2441
232800 76.3947 77.2437
232900 76.4194 77.2433
233000 76.1453 77.2429
233100 77.1757 77.2428
233200 76.7853 77.2426
233300 76.3534 77.2423
233400 77.2752 77.2423
233500 77.7212 77.2425
233600 78.3635 77.243
233700 78.0967 77.2433
233800 78.0657 77.2437
233900 77.9577 77.244
234000 78.5537 77.2445
234100 78.7091 77.2452
234200 79.1376 77.246
234300 78.2394 77.2464
234400 78.923 77.2471
234500 78.2168 77.2475
234600 78.1887 77.2479
234700 78.0011 77.2483
234800 77.7034 77.2484
234900 77.9965 77.2488
235000 77.3385 77.2488
235100 77.3459 77.2488
235200 78.0412 77.2492
235300 77.399 77.2492
235400 77.7763 77.2495
235500 77.832 77.2497
235600 77.8263 77.25
235700 77.6866 77.2501
235800 77.1251 77.2501
235900 77.3268 77.2501
236000 78.1528 77.2505
236100 78.0875 77.2509
236200 78.5736 77.2514
236300 78.2773 77.2519
236400 77.7997 77.2521
236500 77.7092 77.2523
236600 77.7814 77.2525
236700 77.7881 77.2527
236800 77.3389 77.2528
236900 77.067 77.2527
237000 77.1642 77.2527
237100 77.9459 77.2529
237200 77.8565 77.2532
237300 78.4529 77.2537
237400 77.6263 77.2539
237500 77.3142 77.2539
237600 77.367 77.2539
237700 77.1266 77.2539
237800 77.8208 77.2541
237900 77.1456 77.2541
238000 76.5638 77.2538
238100 76.8783 77.2536
238200 76.892 77.2535
238300 77.3852 77.2535
238400 77.9896 77.2538
238500 77.311 77.2539
238600 77.3744 77.2539
238700 76.7983 77.2537
238800 77.6492 77.2539
238900 77.9475 77.2542
239000 77.7268 77.2544
239100 77.9374 77.2547
239200 77.8311 77.2549
239300 78.3945 77.2554
239400 78.4962 77.2559
239500 78.4789 77.2564
239600 77.7739 77.2566
239700 78.6463 77.2572
239800 77.9662 77.2575
239900 77.4871 77.2576
240000 77.9392 77.2579
240100 77.3478 77.2579
240200 77.9161 77.2582
240300 77.4389 77.2583
240400 77.921 77.2585
240500 77.4484 77.2586
240600 77.1883 77.2586
240700 77.0211 77.2585
240800 77.6435 77.2587
240900 77.6774 77.2588
241000 76.7484 77.2586
241100 76.4658 77.2583
241200 76.9009 77.2581
241300 77.0516 77.2581
241400 77.5295 77.2582
241500 78.2469 77.2586
241600 77.11 77.2585
241700 76.8687 77.2584
241800 76.9992 77.2582
241900 77.3338 77.2583
242000 77.2619 77.2583
242100 76.8464 77.2581
242200 76.64 77.2579
242300 76.2702 77.2574
242400 76.4523 77.2571
242500 75.9349 77.2566
242600 76.4816 77.2562
242700 75.7889 77.2556
242800 76.5194 77.2553
242900 76.1978 77.2549
243000 76.2344 77.2545
243100 77.4348 77.2546
243200 76.5189 77.2543
243300 77.7718 77.2545
243400 77.3086 77.2545
243500 77.3211 77.2545
243600 76.9368 77.2544
243700 76.7612 77.2542
243800 77.0394 77.2541
243900 77.233 77.2541
244000 77.8551 77.2543
244100 77.9855 77.2546
244200 78.1305 77.255
244300 78.0155 77.2553
244400 77.1749 77.2553
244500 77.9093 77.2555
244600 77.0686 77.2555
244700 77.4422 77.2555
244800 76.4827 77.2552
244900 77.6896 77.2554
245000 77.8412 77.2556
245100 78.0564 77.256
245200 77.8439 77.2562
245300 77.7433 77.2564
245400 77.268 77.2564
245500 77.0585 77.2563
245600 77.6075 77.2565
245700 77.61 77.2566
245800 77.2392 77.2566
245900 77.9868 77.2569
246000 77.0616 77.2568
246100 77.2034 77.2568
246200 77.5772 77.2569
246300 77.6743 77.2571
246400 77.9915 77.2574
246500 78.5057 77.2579
246600 79.05 77.2586
246700 78.991 77.2593
246800 79.4133 77.2602
246900 78.7437 77.2608
247000 78.3109 77.2612
247100 77.8118 77.2615
247200 76.8584 77.2613
247300 77.381 77.2613
247400 77.7613 77.2615
247500 76.4455 77.2612
247600 76.6587 77.261
247700 77.2044 77.261
247800 77.1807 77.2609
247900 76.8162 77.2607
248000 77.2298 77.2607
248100 76.9252 77.2606
248200 77.3761 77.2606
248300 77.4082 77.2607
248400 77.0552 77.2606
248500 76.5747 77.2603
248600 77.2414 77.2603
248700 76.7316 77.2601
248800 76.2412 77.2597
248900 76.596 77.2594
249000 77.006 77.2593
249100 76.899 77.2592
249200 76.8468 77.259
249300 76.7091 77.2588
249400 76.8638 77.2587
249500 76.8545 77.2585
249600 77.702 77.2587
249700 77.9985 77.259
249800 77.6564 77.2591
249900 77.2399 77.2591
250000 77.9006 77.2594
250100 77.5384 77.2595
250200 77.7279 77.2597
250300 77.4436 77.2597
250400 77.5218 77.2598
250500 77.4753 77.2599
250600 77.7444 77.2601
250700 77.6034 77.2603
250800 76.7186 77.26
250900 77.3607 77.2601
251000 76.7607 77.2599
251100 77.2745 77.2599
251200 78.1288 77.2602
251300 78.2206 77.2606
251400 77.9266 77.2609
251500 77.6652 77.261
251600 77.4966 77.2611
251700 77.3719 77.2612
251800 77.4403 77.2613
251900 76.9775 77.2611
252000 77.4386 77.2612
252100 76.8122 77.261
252200 76.7098 77.2608
252300 77.0748 77.2607
252400 76.9676 77.2606
252500 77.1052 77.2606
252600 77.3226 77.2606
252700 77.0513 77.2605
252800 77.286 77.2605
252900 77.2892 77.2605
253000 77.0662 77.2605
253100 77.6018 77.2606
253200 77.7552 77.2608
253300 77.3979 77.2608
253400 77.46 77.2609
253500 78.557 77.2614
253600 77.6829 77.2616
253700 77.2341 77.2616
253800 77.1393 77.2615
253900 76.9218 77.2614
254000 76.4217 77.2611
254100 77.1249 77.261
254200 76.8149 77.2608
254300 76.6945 77.2606
254400 77.318 77.2606
254500 78.0731 77.261
254600 78.3636 77.2614
254700 77.5717 77.2615
254800 77.9113 77.2618
254900 78.2262 77.2621
255000 77.6565 77.2623
255100 78.1485 77.2627
255200 77.6372 77.2628
255300 77.594 77.2629
255400 78.2869 77.2633
255500 77.9953 77.2636
255600 77.5578 77.2637
255700 77.1162 77.2637
255800 76.9359 77.2635
255900 77.1052 77.2635
256000 76.7695 77.2633
256100 76.9272 77.2632
256200 77.2778 77.2632
256300 76.7056 77.2629
256400 76.8844 77.2628
256500 76.1929 77.2624
256600 76.6623 77.2621
256700 75.8232 77.2616
256800 76.3033 77.2612
256900 76.9698 77.2611
257000 77.59 77.2612
257100 77.2951 77.2612
257200 76.9478 77.2611
257300 77.5943 77.2612
257400 76.767 77.2611
257500 76.9494 77.2609
257600 76.8433 77.2608
257700 76.444 77.2605
257800 77.0262 77.2604
257900 77.2483 77.2604
258000 77.0036 77.2603
258100 77.298 77.2603
258200 76.9055 77.2601
258300 76.4814 77.2598
258400 76.9274 77.2597
258500 76.9525 77.2596
258600 76.0708 77.2591
258700 75.9836 77.2586
258800 76.6519 77.2584
258900 77.3877 77.2585
259000 76.9238 77.2583
259100 76.6207 77.2581
259200 76.2791 77.2577
259300 77.2619 77.2577
259400 77.2277 77.2577
259500 77.4806 77.2578
259600 76.4829 77.2575
259700 76.5532 77.2572
259800 77.1506 77.2572
259900 77.2879 77.2572
260000 76.8323 77.257
260100 76.448 77.2567
260200 76.3564 77.2564
260300 76.9509 77.2562
260400 76.7127 77.256
260500 76.3349 77.2557
260600 76.8672 77.2555
260700 76.3735 77.2552
260800 76.4707 77.2549
260900 76.8288 77.2547
261000 76.8031 77.2546
261100 76.9593 77.2544
261200 77.2702 77.2544
261300 77.6246 77.2546
261400 77.881 77.2548
261500 77.4833 77.2549
261600 77.5413 77.255
261700 77.0549 77.2549
261800 77.0495 77.2549
261900 77.2912 77.2549
262000 77.3601 77.2549
262100 77.253 77.2549
262200 77.5673 77.255
262300 77.3657 77.2551
262400 76.7431 77.2549
262500 77.0886 77.2548
262600 76.4143 77.2545
262700 76.6865 77.2543
262800 77.1963 77.2543
262900 76.5636 77.254
263000 77.1906 77.254
263100 76.9034 77.2538
263200 76.2542 77.2535
263300 77.045 77.2534
263400 76.9025 77.2533
263500 76.6492 77.253
263600 77.1103 77.253
263700 77.7032 77.2531
263800 77.3194 77.2532
263900 77.5979 77.2533
264000 77.4366 77.2534
264100 77.3746 77.2534
264200 77.063 77.2533
264300 76.9041 77.2532
264400 75.9588 77.2527
264500 76.0744 77.2523
264600 76.2111 77.2519
264700 76.227 77.2515
264800 77.5253 77.2516
264900 77.3878 77.2516
265000 77.2145 77.2516
265100 77.905 77.2519
265200 77.3656 77.2519
265300 76.9624 77.2518
265400 76.4639 77.2515
265500 76.8855 77.2514
265600 76.8157 77.2512
265700 76.3695 77.2509
265800 75.8202 77.2503
265900 76.0059 77.2499
266000 76.5656 77.2496
266100 77.2311 77.2496
266200 77.0989 77.2496
266300 77.118 77.2495
266400 76.9129 77.2494
266500 77.218 77.2494
266600 76.8455 77.2492
266700 76.3755 77.2489
266800 76.1365 77.2485
266900 76.102 77.248
267000 76.6251 77.2478
267100 77.1847 77.2478
267200 76.7389 77.2476
267300 77.1395 77.2476
267400 77.5492 77.2477
267500 76.8899 77.2475
267600 77.0717 77.2475
267700 77.0031 77.2474
267800 76.9119 77.2473
267900 76.4661 77.247
268000 76.3928 77.2466
268100 76.2741 77.2463
268200 76.9679 77.2462
268300 76.9704 77.2461
268400 76.4991 77.2458
268500 76.6523 77.2456
268600 77.444 77.2456
268700 76.8704 77.2455
268800 77.2181 77.2455
268900 77.0264 77.2454
269000 76.8993 77.2453
269100 77.4384 77.2454
269200 76.7556 77.2452
269300 76.4737 77.2449
269400 76.5113 77.2446
269500 76.161 77.2442
269600 76.6652 77.244
269700 77.1365 77.244
269800 77.2168 77.244
269900 76.8961 77.2438
270000 76.9992 77.2437
270100 77.1348 77.2437
270200 76.6948 77.2435
270300 76.6546 77.2433
270400 76.4006 77.243
270500 76.5714 77.2427
270600 76.694 77.2425
270700 76.591 77.2423
270800 76.6158 77.242
270900 76.6197 77.2418
271000 76.0785 77.2414
271100 76.4545 77.2411
271200 77.186 77.2411
271300 76.6545 77.2408
271400 76.555 77.2406
271500 76.4869 77.2403
271600 76.9408 77.2402
271700 77.259 77.2402
271800 76.829 77.2401
271900 76.1797 77.2397
272000 77.2036 77.2397
272100 76.5508 77.2394
272200 76.2798 77.2391
272300 76.3463 77.2387
272400 76.3203 77.2384
272500 76.6796 77.2382
272600 76.4924 77.2379
272700 76.8612 77.2378
272800 75.938 77.2373
272900 76.1044 77.2369
273000 76.3107 77.2365
273100 76.4445 77.2363
273200 76.5396 77.236
273300 76.8112 77.2358
273400 76.6209 77.2356
273500 77.2391 77.2356
273600 76.757 77.2354
273700 76.766 77.2353
273800 76.6149 77.235
273900 76.5962 77.2348
274000 75.7079 77.2343
274100 76.2146 77.2339
274200 76.5992 77.2337
274300 77.0361 77.2336
274400 76.9114 77.2335
274500 76.8178 77.2333
274600 76.5375 77.2331
274700 76.087 77.2326
274800 76.7332 77.2325
274900 76.6169 77.2322
275000 76.2457 77.2319
275100 76.3901 77.2316
275200 76.8829 77.2314
275300 77.2843 77.2315
275400 78.2822 77.2318
275500 77.9468 77.2321
275600 77.5917 77.2322
275700 77.0951 77.2322
275800 76.9892 77.2321
275900 77.4615 77.2322
276000 77.6212 77.2323
276100 78.5617 77.2328
276200 77.8597 77.233
276300 77.2003 77.233
276400 76.5984 77.2328
276500 76.813 77.2326
276600 76.5406 77.2324
276700 76.1845 77.232
276800 76.7391 77.2318
276900 77.0095 77.2317
277000 76.4126 77.2315
277100 76.8047 77.2313
277200 76.5844 77.2311
277300 77.3461 77.2311
277400 77.4906 77.2312
277500 77.3216 77.2312
277600 76.9901 77.2311
277700 76.6083 77.2309
277800 77.197 77.2309
277900 77.121 77.2309
278000 77.0738 77.2308
278100 77.9092 77.2311
278200 78.3958 77.2315
278300 77.1962 77.2315
278400 77.139 77.2314
278500 76.5344 77.2312
278600 77.2292 77.2312
278700 76.9639 77.2311
278800 76.4818 77.2308
278900 77.508 77.2309
279000 77.5024 77.231
279100 77.4142 77.2311
279200 76.8502 77.2309
279300 77.1002 77.2309
279400 76.7938 77.2307
279500 76.734 77.2306
279600 76.8801 77.2304
279700 77.1311 77.2304
279800 77.6149 77.2305
279900 76.94 77.2304
280000 76.8886 77.2303
280100 76.7633 77.2301
280200 76.6046 77.2299
280300 75.9204 77.2295
280400 76.4432 77.2292
280500 76.7236 77.229
280600 77.3614 77.229
280700 77.4268 77.2291
280800 77.1276 77.2291
280900 77.0905 77.229
281000 76.874 77.2289
281100 76.1274 77.2285
281200 76.9624 77.2284
281300 77.5185 77.2285
281400 76.3549 77.2282
281500 77.2135 77.2282
281600 77.9678 77.2285
281700 77.4615 77.2285
281800 77.1149 77.2285
281900 76.7943 77.2283
282000 77.6305 77.2285
282100 77.3548 77.2285
282200 76.9173 77.2284
282300 76.6224 77.2282
282400 76.2719 77.2279
282500 76.858 77.2277
282600 76.2093 77.2274
282700 77.4633 77.2275
282800 77.0729 77.2274
282900 77.9936 77.2277
283000 77.835 77.2279
283100 78.0358 77.2282
283200 77.0566 77.2281
283300 76.5533 77.2279
283400 77.021 77.2278
283500 76.6709 77.2276
283600 77.0737 77.2276
283700 77.1339 77.2275
283800 77.2969 77.2276
283900 77.4977 77.2276
284000 77.346 77.2277
284100 77.3589 77.2277
284200 77.5896 77.2279
284300 77.162 77.2278
284400 77.1591 77.2278
284500 78.2736 77.2282
284600 77.4428 77.2283
284700 77.9984 77.2285
284800 78.0005 77.2288
284900 77.6242 77.2289
285000 77.7365 77.2291
285100 78.4811 77.2296
285200 77.6748 77.2297
285300 78.035 77.23
285400 78.2071 77.2303
285500 77.8128 77.2305
285600 78.1705 77.2309
285700 78.1484 77.2312
285800 77.733 77.2314
285900 77.9053 77.2316
286000 78.2262 77.2319
286100 77.952 77.2322
286200 78.1532 77.2325
286300 77.3859 77.2326
286400 77.756 77.2328
286500 77.7921 77.233
286600 78.0166 77.2332
286700 78.3785 77.2336
286800 77.1865 77.2336
286900 77.1705 77.2336
287000 76.6857 77.2334
287100 76.2772 77.2331
287200 76.2062 77.2327
287300 75.4684 77.2321
287400 76.4304 77.2318
287500 76.2461 77.2315
287600 76.2649 77.2311
287700 76.2309 77.2308
287800 76.5085 77.2305
287900 75.8472 77.2301
288000 76.2066 77.2297
288100 76.7945 77.2295
288200 76.3826 77.2293
288300 76.0733 77.2289
288400 76.6206 77.2286
288500 76.2849 77.2283
288600 76.3109 77.228
288700 76.3781 77.2277
288800 76.9897 77.2276
288900 77.0688 77.2276
289000 77.2701 77.2276
289100 77.928 77.2278
289200 77.9178 77.2281
289300 78.0518 77.2283
289400 77.9562 77.2286
289500 78.3497 77.229
289600 78.4214 77.2294
289700 79.151 77.2301
289800 79.5465 77.2309
289900 78.6132 77.2313
290000 79.1782 77.232
290100 79.0443 77.2326
290200 79.335 77.2334
290300 79.0094 77.234
290400 78.9824 77.2346
290500 78.458 77.235
290600 78.5089 77.2354
290700 78.2916 77.2358
290800 78.2457 77.2361
290900 78.2204 77.2365
291000 77.8471 77.2367
291100 77.9984 77.237
291200 78.089 77.2372
291300 77.7421 77.2374
291400 77.7622 77.2376
291500 77.9173 77.2378
291600 78.0604 77.2381
291700 78.3763 77.2385
291800 78.2331 77.2388
291900 78.0344 77.2391
292000 77.2726 77.2391
292100 76.4776 77.2389
292200 76.1505 77.2385
292300 76.4411 77.2382
292400 76.9721 77.2381
292500 77.0937 77.2381
292600 76.5926 77.2379
292700 76.9807 77.2378
292800 77.0439 77.2377
292900 76.9205 77.2376
293000 77.3352 77.2376
293100 77.2404 77.2376
293200 77.0366 77.2376
293300 76.9418 77.2375
293400 76.9351 77.2374
293500 76.5135 77.2371
293600 76.9945 77.237
293700 77.248 77.237
293800 77.2042 77.237
293900 76.716 77.2368
294000 76.5925 77.2366
294100 76.6024 77.2364
294200 76.2949 77.2361
294300 76.9088 77.236
294400 76.7895 77.2358
294500 76.9104 77.2357
294600 78.1638 77.236
294700 77.2681 77.236
294800 77.5657 77.2362
294900 77.5038 77.2362
295000 77.3695 77.2363
295100 76.8395 77.2362
295200 77.3853 77.2362
295300 77.9905 77.2365
295400 78.2534 77.2368
295500 77.9671 77.2371
295600 77.2381 77.2371
295700 76.9482 77.237
295800 76.4232 77.2367
295900 77.2711 77.2367
296000 76.8292 77.2366
296100 76.8374 77.2364
296200 76.4354 77.2362
296300 76.7096 77.236
296400 77.2167 77.236
296500 76.9282 77.2359
296600 77.123 77.2358
296700 76.9867 77.2357
296800 77.2651 77.2358
296900 76.4914 77.2355
297000 76.928 77.2354
297100 76.1279 77.235
297200 76.2426 77.2347
297300 76.42 77.2344
297400 76.4692 77.2342
297500 75.9698 77.2337
297600 76.0923 77.2333
297700 76.04 77.2329
297800 76.0981 77.2326
297900 76.4635 77.2323
298000 76.3478 77.232
298100 76.7686 77.2319
298200 77.0356 77.2318
298300 76.0894 77.2314
298400 76.8205 77.2313
298500 76.8823 77.2312
298600 76.8596 77.231
298700 77.111 77.231
298800 77.866 77.2312
298900 77.3819 77.2313
299000 77.3187 77.2313
299100 77.7288 77.2314
299200 76.9772 77.2314
299300 76.4681 77.2311
299400 76.5596 77.2309
299500 77.0679 77.2308
299600 78.164 77.2311
299700 77.6775 77.2313
299800 77.8935 77.2315
299900 77.4558 77.2316
300000 76.9115 77.2315
300100 76.2776 77.2312
300200 76.346 77.2309
300300 76.0022 77.2305
300400 75.9893 77.23
300500 76.1316 77.2297
300600 76.1496 77.2293
300700 76.2556 77.229
300800 76.6517 77.2288
300900 76.2118 77.2285
301000 76.5091 77.2282
301100 76.7222 77.2281
301200 75.8012 77.2276
301300 76.3367 77.2273
301400 75.9259 77.2269
301500 75.487 77.2263
301600 76.2192 77.2259
301700 76.1578 77.2256
301800 75.5731 77.225
301900 74.6857 77.2242
302000 74.5862 77.2233
302100 74.6904 77.2225
302200 75.0153 77.2218
302300 75.018 77.221
302400 75.4812 77.2205
302500 76.4297 77.2202
302600 76.7271 77.22
302700 77.2665 77.22
302800 76.761 77.2199
302900 77.1529 77.2199
303000 76.9577 77.2198
303100 77.0637 77.2197
303200 76.8019 77.2196
303300 76.5668 77.2194
303400 77.961 77.2196
303500 78.2833 77.22
303600 77.2609 77.22
303700 77.5394 77.2201
303800 77.6211 77.2202
303900 77.2507 77.2202
304000 77.1193 77.2202
304100 76.9776 77.2201
304200 77.2257 77.2201
304300 77.8932 77.2203
304400 77.8142 77.2205
304500 77.75 77.2207
304600 77.6567 77.2209
304700 76.6047 77.2207
304800 76.0037 77.2203
304900 76.1002 77.2199
305000 77.4333 77.22
305100 76.8079 77.2198
305200 76.543 77.2196
305300 77.228 77.2196
305400 77.0067 77.2195
305500 77.0333 77.2195
305600 76.416 77.2192
305700 76.6595 77.219
305800 76.2167 77.2187
305900 75.5584 77.2182
306000 76.1068 77.2178
306100 76.2838 77.2175
306200 76.7266 77.2173
306300 76.5709 77.2171
306400 76.7547 77.217
306500 76.8369 77.2168
306600 77.3458 77.2169
306700 78.2723 77.2172
306800 78.0567 77.2175
306900 76.9075 77.2174
307000 77.0805 77.2174
307100 76.8767 77.2172
307200 77.3063 77.2173
307300 76.9806 77.2172
307400 77.5231 77.2173
307500 77.0848 77.2173
307600 76.9523 77.2172
307700 76.9957 77.2171
307800 76.6651 77.2169
307900 76.5998 77.2167
308000 76.9761 77.2166
308100 77.0244 77.2166
308200 76.5012 77.2163
308300 76.2714 77.216
308400 76.4087 77.2158
308500 76.2114 77.2155
308600 76.6101 77.2153
308700 76.2683 77.2149
308800 76.2038 77.2146
308900 76.6641 77.2144
309000 76.5865 77.2142
309100 77.1432 77.2142
309200 76.6235 77.214
309300 77.058 77.214
309400 76.6222 77.2138
309500 76.8812 77.2137
309600 76.3423 77.2134
309700 76.2792 77.2131
309800 76.6175 77.2129
309900 76.4946 77.2127
310000 76.5032 77.2124
310100 76.6142 77.2122
310200 76.2515 77.2119
310300 76.033 77.2116
310400 76.1298 77.2112
310500 75.9422 77.2108
310600 76.369 77.2105
310700 76.8718 77.2104
310800 76.5927 77.2102
310900 76.1352 77.2099
311000 76.5714 77.2097
311100 77.0728 77.2096
311200 75.8815 77.2092
311300 75.0659 77.2085
311400 74.8378 77.2078
311500 75.7201 77.2073
311600 74.9808 77.2066
311700 75.0638 77.2059
311800 76.0954 77.2055
311900 75.8295 77.2051
312000 76.9281 77.205
312100 77.3212 77.205
312200 77.021 77.205
312300 76.5379 77.2048
312400 76.1031 77.2044
312500 76.1838 77.2041
312600 76.61 77.2039
312700 76.0921 77.2035
312800 75.8082 77.2031
312900 75.8988 77.2027
313000 76.1543 77.2023
313100 76.4967 77.2021
313200 76.5497 77.2019
313300 77.2096 77.2019
313400 77.084 77.2019
313500 77.5315 77.202
313600 77.7927 77.2022
313700 78.1159 77.2024
313800 77.8151 77.2026
313900 78.1533 77.2029
314000 78.0813 77.2032
314100 78.3299 77.2036
314200 78.0053 77.2038
314300 77.2987 77.2039
314400 77.0747 77.2038
314500 77.4909 77.2039
314600 77.3814 77.204
314700 77.3253 77.204
314800 77.1048 77.204
314900 77.3344 77.204
315000 78.4423 77.2044
315100 77.2943 77.2044
315200 77.4246 77.2045
315300 77.044 77.2045
315400 76.4918 77.2042
315500 76.8189 77.2041
315600 76.9821 77.204
315700 76.8652 77.2039
315800 77.2273 77.2039
315900 78.407 77.2043
316000 78.3651 77.2047
316100 77.8836 77.2049
316200 77.8848 77.2051
316300 77.6999 77.2053
316400 77.5362 77.2054
316500 77.6925 77.2055
316600 77.7786 77.2057
316700 77.6785 77.2059
316800 77.2175 77.2059
316900 77.1051 77.2058
317000 77.1322 77.2058
317100 77.2593 77.2058
317200 77.1345 77.2058
317300 77.0272 77.2058
317400 77.1634 77.2057
317500 75.8671 77.2053
317600 76.8235 77.2052
317700 77.4893 77.2053
317800 77.2303 77.2053
317900 77.2337 77.2053
318000 76.6805 77.2051
318100 76.5148 77.2049
318200 76.6182 77.2047
318300 76.9511 77.2047
318400 76.7547 77.2045
318500 76.7184 77.2044
318600 76.8122 77.2042
318700 77.1629 77.2042
318800 76.9595 77.2042
318900 77.6756 77.2043
319000 77.5152 77.2044
319100 77.1329 77.2044
319200 77.1389 77.2044
319300 77.8988 77.2046
319400 77.7728 77.2047
319500 77.5802 77.2049
319600 77.1818 77.2049
319700 76.7815 77.2047
319800 76.2589 77.2044
319900 76.4937 77.2042
320000 76.7019 77.2041
320100 77.0892 77.204
320200 76.9812 77.2039
320300 77.5546 77.2041
320400 77.2825 77.2041
320500 77.1436 77.2041
320600 77.199 77.2041
320700 77.2936 77.2041
320800 77.511 77.2042
320900 77.2961 77.2042
321000 76.746 77.2041
321100 75.9959 77.2037
321200 75.2426 77.2031
321300 76.4941 77.2029
321400 76.3634 77.2026
321500 75.6355 77.2021
321600 75.759 77.2017
321700 75.9782 77.2013
321800 76.3923 77.201
321900 76.4315 77.2008
322000 76.6663 77.2006
322100 75.7959 77.2002
322200 76.3137 77.1999
322300 76.3679 77.1997
322400 75.6921 77.1992
322500 75.8838 77.1988
322600 75.8098 77.1984
322700 75.5532 77.1978
322800 74.9936 77.1972
322900 74.9597 77.1965
323000 74.6274 77.1957
323100 75.629 77.1952
323200 76.3813 77.1949
323300 76.2558 77.1946
323400 76.093 77.1943
323500 76.1154 77.194
323600 76.5397 77.1938
323700 76.3029 77.1935
323800 76.6558 77.1933
323900 76.7261 77.1932
324000 76.7386 77.193
324100 76.5515 77.1928
324200 75.9885 77.1925
324300 75.9298 77.1921
324400 75.7898 77.1917
324500 76.0037 77.1913
324600 75.066 77.1906
324700 75.0575 77.19
324800 75.3988 77.1894
324900 76.1931 77.1891
325000 76.3087 77.1888
325100 75.8351 77.1884
325200 75.1359 77.1878
325300 75.4118 77.1873
325400 75.7755 77.1868
325500 75.4633 77.1863
325600 75.8318 77.1859
325700 76.5768 77.1857
325800 76.4797 77.1855
325900 75.7877 77.185
326000 75.8893 77.1846
326100 75.6565 77.1842
326200 75.0707 77.1835
326300 74.772 77.1828
326400 75.428 77.1822
326500 75.5977 77.1818
326600 76.5228 77.1816
326700 76.3831 77.1813
326800 76.4688 77.1811
326900 76.5977 77.1809
327000 76.408 77.1807
327100 76.4864 77.1805
327200 76.9024 77.1804
327300 76.8897 77.1803
327400 77.5603 77.1804
327500 77.5452 77.1805
327600 77.5724 77.1806
327700 77.6877 77.1808
327800 77.126 77.1808
327900 76.7406 77.1806
328000 76.7734 77.1805
328100 77.0792 77.1805
328200 76.7752 77.1804
328300 76.2714 77.1801
328400 76.0458 77.1797
328500 76.5977 77.1796
328600 76.9464 77.1795
328700 76.7505 77.1794
328800 76.9901 77.1793
328900 76.7142 77.1792
329000 77.6443 77.1793
329100 77.8976 77.1795
329200 78.146 77.1798
329300 78.4009 77.1802
329400 78.0432 77.1805
329500 78.3584 77.1808
329600 78.7927 77.1813
329700 78.6402 77.1817
329800 78.1928 77.1821
329900 78.5171 77.1825
330000 78.7505 77.1829
330100 78.0692 77.1832
330200 78.5485 77.1836
330300 78.0899 77.1839
330400 77.9625 77.1841
330500 77.5506 77.1842
330600 77.133 77.1842
330700 77.9015 77.1844
330800 77.8495 77.1846
330900 77.103 77.1846
331000 77.2569 77.1846
331100 76.5866 77.1845
331200 77.3248 77.1845
331300 76.8161 77.1844
331400 77.158 77.1844
331500 77.6374 77.1845
331600 77.8667 77.1847
331700 77.116 77.1847
331800 76.7777 77.1846
331900 77.0131 77.1845
332000 77.4751 77.1846
332100 76.5485 77.1844
332200 77.2484 77.1844
332300 75.8343 77.184
332400 76.2329 77.1837
332500 76.2094 77.1835
332600 76.0624 77.1831
332700 76.3468 77.1829
332800 76.7712 77.1827
332900 76.8044 77.1826
333000 76.4486 77.1824
333100 76.4722 77.1822
333200 76.3476 77.1819
333300 76.0226 77.1816
333400 76.7643 77.1815
333500 76.7959 77.1814
333600 77.1433 77.1813
333700 77.5165 77.1814
333800 77.4707 77.1815
333900 77.5537 77.1816
334000 77.293 77.1817
334100 77.2797 77.1817
334200 77.2919 77.1817
334300 76.8664 77.1816
334400 76.9509 77.1816
334500 76.6571 77.1814
334600 76.9073 77.1813
334700 76.8017 77.1812
334800 76.0485 77.1809
334900 76.5039 77.1807
335000 76.9221 77.1806
335100 76.2126 77.1803
335200 75.9327 77.1799
335300 76.3553 77.1797
335400 76.2992 77.1794
335500 77.1337 77.1794
335600 76.8342 77.1793
335700 76.6775 77.1792
335800 76.6586 77.179
335900 76.8004 77.1789
336000 77.2224 77.1789
336100 76.6802 77.1788
336200 76.2387 77.1785
336300 76.3693 77.1782
336400 77.183 77.1782
336500 76.6361 77.1781
336600 76.5 77.1779
336700 76.4707 77.1777
336800 77.2867 77.1777
336900 76.7615 77.1776
337000 77.0878 77.1776
337100 77.3025 77.1776
337200 77.9191 77.1778
337300 77.0189 77.1778
337400 77.0618 77.1777
337500 77.1745 77.1777
337600 76.4807 77.1775
337700 77.0194 77.1775
337800 76.4177 77.1773
337900 76.4414 77.177
338000 75.8985 77.1767
338100 75.975 77.1763
338200 76.7949 77.1762
338300 77.394 77.1763
338400 76.9943 77.1762
338500 76.8988 77.1761
338600 75.857 77.1757
338700 76.1565 77.1754
338800 76.4221 77.1752
338900 76.485 77.175
339000 76.7568 77.1749
339100 76.8184 77.1748
339200 76.3063 77.1745
339300 75.8395 77.1741
339400 76.3971 77.1739
339500 76.6297 77.1737
339600 76.2867 77.1735
339700 77.2909 77.1735
339800 76.8186 77.1734
339900 76.0197 77.1731
340000 75.7811 77.1727
340100 75.3615 77.1721
340200 75.9073 77.1717
340300 76.0054 77.1714
340400 76.256 77.1711
340500 76.3895 77.1709
340600 76.6675 77.1708
340700 77.0179 77.1707
340800 76.1264 77.1704
340900 76.9436 77.1703
341000 77.4257 77.1704
341100 78.2935 77.1707
341200 77.5718 77.1709
341300 77.2743 77.1709
341400 77.4567 77.171
341500 77.3779 77.171
341600 76.4357 77.1708
341700 77.5182 77.1709
341800 77.0947 77.1709
341900 77.1885 77.1709
342000 77.0105 77.1709
342100 77.2381 77.1709
342200 77.0162 77.1708
342300 77.2952 77.1709
342400 77.7238 77.171
342500 77.9481 77.1713
342600 77.8056 77.1714
342700 77.6377 77.1716
342800 78.0182 77.1718
342900 77.5032 77.1719
343000 78.1506 77.1722
343100 77.1995 77.1722
343200 77.4957 77.1723
343300 77.2205 77.1723
343400 77.4096 77.1724
343500 76.9981 77.1723
343600 76.7326 77.1722
343700 76.4644 77.172
343800 76.4915 77.1718
343900 76.5441 77.1716
344000 76.5744 77.1715
344100 76.5979 77.1713
344200 76.5994 77.1711
344300 76.3475 77.1709
344400 76.8092 77.1708
344500 77.5627 77.1709
344600 76.601 77.1707
344700 76.652 77.1706
344800 77.1079 77.1706
344900 77.5675 77.1707
345000 76.6543 77.1705
345100 76.7545 77.1704
345200 77.4146 77.1705
345300 77.0784 77.1704
345400 76.7414 77.1703
345500 77.3121 77.1704
345600 77.0508 77.1703
345700 77.3283 77.1704
345800 76.9853 77.1703
345900 76.7495 77.1702
346000 75.8444 77.1698
346100 76.3689 77.1696
346200 77.3361 77.1696
346300 76.6077 77.1695
346400 76.7859 77.1694
346500 76.0567 77.169
346600 76.57 77.1689
346700 75.7053 77.1684
346800 76.065 77.1681
346900 76.0199 77.1678
347000 76.1651 77.1675
347100 76.2468 77.1672
347200 75.951 77.1669
347300 75.9496 77.1665
347400 76.6476 77.1664
347500 77.6871 77.1665
347600 77.0979 77.1665
347700 76.892 77.1664
347800 77.0998 77.1664
347900 76.8359 77.1663
348000 77.2152 77.1663
348100 76.7418 77.1662
348200 76.6507 77.1661
348300 76.495 77.1659
348400 76.5303 77.1657
348500 76.9561 77.1656
348600 76.7869 77.1655
348700 76.6245 77.1654
348800 76.478 77.1652
348900 76.1073 77.1649
349000 76.3723 77.1646
349100 76.7222 77.1645
349200 76.145 77.1642
349300 76.8812 77.1641
349400 77.1967 77.1642
349500 76.8965 77.1641
349600 77.302 77.1641
349700 77.7567 77.1643
349800 77.1571 77.1643
349900 77.1115 77.1643
350000 77.664 77.1644
350100 76.5712 77.1642
350200 75.7945 77.1639
350300 76.1513 77.1636
350400 76.1009 77.1633
350500 76.4272 77.1631
350600 76.7926 77.1629
350700 76.3965 77.1627
350800 76.7545 77.1626
350900 76.3674 77.1624
351000 76.3193 77.1621
351100 76.1585 77.1619
351200 76.7557 77.1617
351300 76.6538 77.1616
351400 77.1768 77.1616
351500 77.8278 77.1618
351600 76.885 77.1617
351700 76.4289 77.1615
351800 76.5977 77.1613
351900 76.114 77.161
352000 75.7895 77.1607
352100 75.7369 77.1603
352200 75.387 77.1597
352300 75.8992 77.1594
352400 75.5187 77.1589
352500 75.6505 77.1585
352600 75.5134 77.158
352700 76.2323 77.1578
352800 76.8956 77.1577
352900 76.9697 77.1576
353000 77.1213 77.1576
353100 76.3046 77.1574
353200 76.0653 77.1571
353300 75.2282 77.1565
353400 75.7604 77.1561
353500 75.4674 77.1557
353600 75.7318 77.1553
353700 76.3921 77.155
353800 76.2356 77.1548
353900 75.5871 77.1543
354000 76.0746 77.154
354100 76.6387 77.1539
354200 76.239 77.1536
354300 76.2282 77.1534
354400 75.5781 77.1529
354500 75.7116 77.1525
354600 75.3627 77.152
354700 76.1985 77.1517
354800 75.9917 77.1514
354900 76.4203 77.1512
355000 76.3417 77.151
355100 76.3383 77.1508
355200 76.1967 77.1505
355300 75.7019 77.1501
355400 75.4029 77.1496
355500 75.7808 77.1492
355600 76.0551 77.1489
355700 76.1627 77.1486
355800 75.362 77.1481
355900 76.0057 77.1478
356000 75.5485 77.1473
356100 75.7965 77.147
356200 75.8041 77.1466
356300 76.1211 77.1463
356400 75.9854 77.146
356500 75.7034 77.1456
356600 76.4886 77.1454
356700 76.2903 77.1451
356800 75.8475 77.1448
356900 76.6364 77.1446
357000 77.0742 77.1446
357100 76.9415 77.1446
357200 77.1579 77.1446
357300 75.848 77.1442
357400 76.552 77.144
357500 76.7169 77.1439
357600 76.4711 77.1437
357700 76.6475 77.1436
357800 77.1129 77.1436
357900 77.6701 77.1437
358000 77.32 77.1438
358100 76.6623 77.1436
358200 76.0375 77.1433
358300 76.2761 77.1431
358400 76.0581 77.1428
358500 75.6673 77.1424
358600 76.3787 77.1422
358700 76.763 77.1421
358800 76.2396 77.1418
358900 76.3627 77.1416
359000 76.311 77.1414
359100 77.1373 77.1414
359200 77.1028 77.1414
359300 76.2039 77.1411
359400 76.2494 77.1408
359500 76.9375 77.1408
359600 76.8402 77.1407
359700 76.9021 77.1406
359800 77.4563 77.1407
359900 77.0923 77.1407
360000 76.8315 77.1406
360100 76.9162 77.1406
360200 76.5532 77.1404
360300 77.0861 77.1404
360400 77.7983 77.1406
360500 77.5758 77.1407
360600 77.6228 77.1408
360700 77.4374 77.1409
360800 77.3049 77.1409
360900 77.3195 77.141
361000 77.5593 77.1411
361100 76.5679 77.141
361200 76.361 77.1407
361300 76.5474 77.1406
361400 77.0018 77.1405
361500 77.3283 77.1406
361600 76.7539 77.1405
361700 77.7657 77.1407
361800 77.7505 77.1408
361900 78.1944 77.1411
362000 78.4138 77.1415
362100 78.0828 77.1417
362200 77.5809 77.1418
362300 77.817 77.142
362400 77.6592 77.1422
362500 77.6378 77.1423
362600 77.7707 77.1425
362700 77.9989 77.1427
362800 77.7389 77.1429
362900 77.3044 77.1429
363000 77.8693 77.1431
363100 78.0957 77.1434
363200 78.1227 77.1437
363300 78.1658 77.1439
363400 78.5825 77.1443
363500 78.0853 77.1446
363600 77.9777 77.1448
363700 78.0964 77.1451
363800 77.3264 77.1451
363900 77.5013 77.1452
364000 77.5978 77.1454
364100 77.7094 77.1455
364200 77.9911 77.1457
364300 77.7543 77.1459
364400 78.0562 77.1462
364500 77.08 77.1461
364600 76.7316 77.146
364700 76.9455 77.146
364800 77.4963 77.1461
364900 77.2942 77.1461
365000 77.4974 77.1462
365100 77.7986 77.1464
365200 77.6595 77.1465
365300 77.016 77.1465
365400 76.6624 77.1464
365500 77.6203 77.1465
365600 77.2129 77.1465
365700 77.5047 77.1466
365800 76.6831 77.1465
365900 77.8256 77.1467
366000 77.8812 77.1469
366100 77.8797 77.1471
366200 78.0702 77.1473
366300 78.1885 77.1476
366400 77.6862 77.1478
366500 76.7182 77.1476
366600 76.4888 77.1475
366700 77.2263 77.1475
366800 77.2418 77.1475
366900 77.2875 77.1475
367000 76.8753 77.1475
367100 76.9189 77.1474
367200 77.2646 77.1474
367300 76.5731 77.1473
367400 76.5537 77.1471
367500 76.8502 77.147
367600 77.5338 77.1471
367700 78.1701 77.1474
367800 77.385 77.1475
367900 77.38 77.1475
368000 76.7817 77.1474
368100 76.6809 77.1473
368200 76.9504 77.1473
368300 76.977 77.1472
368400 76.4775 77.147
368500 76.6829 77.1469
368600 76.8531 77.1468
368700 76.9629 77.1468
368800 77.1371 77.1468
368900 77.7161 77.1469
369000 77.8904 77.1471
369100 77.7821 77.1473
369200 78.3594 77.1476
369300 78.2098 77.1479
369400 78.4538 77.1483
369500 79.0532 77.1488
369600 78.3069 77.1491
369700 78.2207 77.1494
369800 77.5755 77.1495
369900 78.0033 77.1497
370000 77.9638 77.15
370100 77.4398 77.15
370200 77.8602 77.1502
370300 77.7944 77.1504
370400 78.199 77.1507
370500 77.8674 77.1509
370600 77.1545 77.1509
370700 77.3652 77.1509
370800 77.1535 77.1509
370900 76.6647 77.1508
371000 77.0998 77.1508
371100 76.7653 77.1507
371200 76.6631 77.1506
371300 76.1366 77.1503
371400 76.823 77.1502
371500 76.5463 77.15
371600 77.1198 77.15
371700 76.0005 77.1497
371800 76.56 77.1496
371900 77.1782 77.1496
372000 77.2598 77.1496
372100 77.864 77.1498
372200 77.4735 77.1499
372300 76.9921 77.1498
372400 76.6773 77.1497
372500 77.0049 77.1497
372600 76.4438 77.1495
372700 77.2405 77.1495
372800 77.3043 77.1495
372900 76.7189 77.1494
373000 76.4602 77.1492
373100 76.9451 77.1492
373200 76.7843 77.1491
373300 76.821 77.149
373400 76.3663 77.1488
373500 76.8091 77.1487
373600 76.4262 77.1485
373700 76.9797 77.1485
373800 75.9203 77.1481
373900 76.4563 77.148
374000 77.0905 77.1479
374100 77.654 77.1481
374200 77.2835 77.1481
374300 76.6776 77.148
374400 77.009 77.1479
374500 76.9114 77.1479
374600 77.1758 77.1479
374700 77.1482 77.1479
374800 76.3344 77.1477
374900 76.1919 77.1474
375000 75.5667 77.147
375100 75.9288 77.1467
375200 75.1883 77.1462
375300 75.7479 77.1458
375400 75.7887 77.1454
375500 75.7243 77.145
375600 76.1685 77.1448
375700 75.4651 77.1443
375800 76.0784 77.144
375900 76.1574 77.1438
376000 75.7348 77.1434
376100 77.1821 77.1434
376200 76.349 77.1432
376300 76.5487 77.1431
376400 76.6618 77.1429
376500 76.6421 77.1428
376600 76.9829 77.1428
376700 77.4712 77.1428
376800 76.8142 77.1428
376900 76.6658 77.1426
377000 77.0066 77.1426
377100 77.0667 77.1426
377200 78.2796 77.1429
377300 77.3781 77.1429
377400 77.2503 77.143
377500 77.7412 77.1431
377600 77.7886 77.1433
377700 78.5711 77.1437
377800 78.5428 77.144
377900 78.0182 77.1443
378000 77.734 77.1444
378100 77.9279 77.1446
378200 77.6294 77.1448
378300 76.9654 77.1447
378400 77.4452 77.1448
378500 78.0906 77.145
378600 78.0122 77.1453
378700 77.7684 77.1454
378800 77.405 77.1455
378900 78.1966 77.1458
379000 77.7301 77.1459
379100 77.7946 77.1461
379200 77.4068 77.1462
379300 76.4043 77.146
379400 77.1808 77.146
379500 77.2447 77.146
379600 76.937 77.146
379700 77.3771 77.146
379800 77.5243 77.1461
379900 76.9658 77.1461
380000 77.0371 77.146
380100 76.6992 77.1459
380200 77.3886 77.146
380300 77.4023 77.1461
380400 78.3468 77.1464
380500 78.5509 77.1467
380600 78.2207 77.147
380700 77.5277 77.1471
380800 76.9972 77.1471
380900 76.7483 77.147
381000 76.6875 77.1469
381100 76.5363 77.1467
381200 77.4451 77.1468
381300 77.2797 77.1468
381400 77.8141 77.147
381500 77.8681 77.1472
381600 77.8193 77.1474
381700 77.8926 77.1475
381800 77.8148 77.1477
381900 77.9527 77.1479
382000 77.8569 77.1481
382100 77.9605 77.1483
382200 77.8077 77.1485
382300 77.2988 77.1485
382400 78.3833 77.1489
382500 78.197 77.1491
382600 78.4812 77.1495
382700 77.2688 77.1495
382800 77.2462 77.1495
382900 77.1512 77.1495
383000 77.5405 77.1496
383100 77.0305 77.1496
383200 76.6702 77.1495
383300 76.7991 77.1494
383400 77.0665 77.1494
383500 77.1111 77.1494
383600 76.7999 77.1493
383700 77.1733 77.1493
383800 77.4098 77.1494
383900 77.3819 77.1494
384000 77.8774 77.1496
384100 77.1661 77.1496
384200 76.7109 77.1495
384300 77.6599 77.1496
384400 77.973 77.1498
384500 76.9963 77.1498
384600 76.7859 77.1497
384700 76.9804 77.1497
384800 76.6831 77.1495
384900 77.1181 77.1495
385000 77.0464 77.1495
385100 76.7403 77.1494
385200 76.2852 77.1492
385300 76.3528 77.149
385400 76.2397 77.1487
385500 76.9088 77.1487
385600 76.8736 77.1486
385700 77.4382 77.1487
385800 76.7269 77.1486
385900 76.8688 77.1485
386000 76.8439 77.1484
386100 76.8085 77.1483
386200 75.6766 77.1479
386300 76.4902 77.1478
386400 76.5789 77.1476
386500 76.4906 77.1475
386600 76.3635 77.1473
386700 76.4548 77.1471
386800 76.802 77.147
386900 76.9751 77.1469
387000 76.818 77.1469
387100 77.1878 77.1469
387200 77.034 77.1468
387300 77.7957 77.147
387400 77.4196 77.1471
387500 77.4541 77.1472
387600 77.2784 77.1472
387700 76.3833 77.147
387800 76.6119 77.1469
387900 76.5761 77.1467
388000 76.1865 77.1465
388100 75.9174 77.1461
388200 75.7041 77.1458
388300 75.6692 77.1454
388400 75.7788 77.145
388500 75.8565 77.1447
388600 76.1503 77.1445
388700 76.5954 77.1443
388800 76.6752 77.1442
388900 77.0924 77.1442
389000 77.109 77.1442
389100 76.6819 77.144
389200 75.9573 77.1437
389300 75.96 77.1434
389400 76.4545 77.1433
389500 76.8801 77.1432
389600 76.2498 77.143
389700 76.5981 77.1428
389800 76.123 77.1426
389900 75.5017 77.1421
390000 76.2017 77.1419
390100 76.3792 77.1417
390200 76.114 77.1414
390300 76.3454 77.1412
390400 75.9968 77.1409
390500 75.8966 77.1406
390600 76.0189 77.1403
390700 75.8445 77.14
390800 75.6674 77.1396
390900 76.0291 77.1393
391000 76.0185 77.1391
391100 76.2782 77.1388
391200 76.2033 77.1386
391300 77.0135 77.1386
391400 76.6371 77.1384
391500 76.9574 77.1384
391600 77.1867 77.1384
391700 76.653 77.1383
391800 77.1258 77.1383
391900 77.29 77.1383
392000 77.0224 77.1383
392100 76.2897 77.1381
392200 76.3164 77.1379
392300 77.2629 77.1379
392400 77.0179 77.1379
392500 75.8958 77.1375
392600 76.3577 77.1373
392700 76.6898 77.1372
392800 76.7901 77.1371
392900 77.2844 77.1372
393000 77.4712 77.1373
393100 77.8158 77.1374
393200 76.691 77.1373
393300 76.7571 77.1372
393400 77.1164 77.1372
393500 77.242 77.1373
393600 77.5114 77.1373
393700 77.0635 77.1373
393800 77.4155 77.1374
393900 78.2015 77.1377
394000 78.9405 77.1381
394100 78.2893 77.1384
394200 78.6495 77.1388
394300 79.1807 77.1393
394400 78.7841 77.1397
394500 78.6159 77.1401
394600 78.6007 77.1405
394700 78.195 77.1407
394800 77.6166 77.1409
394900 77.1041 77.1409
395000 76.8148 77.1408
395100 76.7565 77.1407
395200 77.6259 77.1408
395300 77.2431 77.1408
395400 76.4678 77.1407
395500 76.9815 77.1406
395600 76.8618 77.1405
395700 77.5112 77.1406
395800 77.0491 77.1406
395900 77.19 77.1406
396000 77.2038 77.1406
396100 76.5057 77.1405
396200 76.2351 77.1403
396300 76.1245 77.14
396400 76.2494 77.1398
396500 76.2584 77.1396
396600 76.0038 77.1393
396700 76.2048 77.139
396800 75.7815 77.1387
396900 76.2308 77.1385
397000 75.7244 77.1381
397100 75.8649 77.1378
397200 75.9435 77.1375
397300 76.408 77.1373
397400 76.7511 77.1372
397500 76.9904 77.1372
397600 77.1378 77.1372
397700 77.252 77.1372
397800 76.1331 77.1369
397900 76.4278 77.1368
398000 76.3965 77.1366
398100 76.6949 77.1365
398200 75.6368 77.1361
398300 75.953 77.1358
398400 75.5642 77.1354
398500 75.7785 77.1351
398600 76.1028 77.1348
398700 75.9743 77.1345
398800 76.5314 77.1344
398900 75.9046 77.1341
399000 76.7163 77.1339
399100 76.5714 77.1338
399200 75.9417 77.1335
399300 76.4267 77.1333
399400 75.5082 77.1329
399500 76.1326 77.1327
399600 76.1424 77.1324
399700 76.2105 77.1322
399800 77.0276 77.1322
399900 77.3209 77.1322
400000 77.4674 77.1323
