100 74.6373 74.6373
200 74.2519 74.4446
300 74.1942 74.3611
400 73.5989 74.1706
500 73.6992 74.0763
600 73.5343 73.986
700 73.4994 73.9165
800 73.3955 73.8513
900 73.8352 73.8495
1000 73.8046 73.845
1100 74.7552 73.9278
1200 73.9338 73.9283
1300 72.9268 73.8513
1400 73.1645 73.8022
1500 73.3723 73.7735
1600 73.0499 73.7283
1700 72.2826 73.6433
1800 72.6328 73.5871
1900 71.9399 73.5004
2000 72.4881 73.4498
2100 72.7451 73.4163
2200 72.4985 73.3745
2300 72.9125 73.3545
2400 72.8199 73.3322
2500 72.2359 73.2883
2600 72.1862 73.2459
2700 74.0957 73.2774
2800 73.8356 73.2973
2900 73.0769 73.2897
3000 71.6163 73.234
3100 71.5912 73.181
3200 71.5969 73.1315
3300 71.5157 73.0825
3400 71.6521 73.0404
3500 72.1576 73.0152
3600 72.0996 72.9898
3700 71.967 72.9621
3800 72.1372 72.9404
3900 72.1536 72.9203
4000 72.6999 72.9147
4100 71.436 72.8787
4200 71.4579 72.8448
4300 71.4737 72.813
4400 71.0432 72.7727
4500 70.9707 72.7327
4600 70.607 72.6865
4700 70.7488 72.6453
4800 71.1677 72.6145
4900 71.5198 72.5921
5000 71.88 72.5779
5100 72.7096 72.5805
5200 72.5722 72.5803
5300 72.7432 72.5834
5400 72.7885 72.5872
5500 72.7247 72.5897
5600 72.2238 72.5832
5700 72.2536 72.5774
5800 72.1836 72.5706
5900 72.5437 72.5701
6000 72.9906 72.5771
6100 72.4772 72.5755
6200 72.6271 72.5763
6300 73.2744 72.5874
6400 73.8256 72.6068
6500 74.3926 72.6342
6600 74.2489 72.6587
6700 74.7609 72.6901
6800 73.9636 72.7088
6900 73.7426 72.7238
7000 73.7348 72.7382
7100 74.7557 72.7666
7200 73.8328 72.7814
7300 74.4814 72.8047
7400 73.2689 72.811
7500 73.646 72.8221
7600 72.5963 72.8192
7700 72.8871 72.8201
7800 73.3638 72.827
7900 73.0139 72.8294
8000 74.0623 72.8448
8100 72.8257 72.8446
8200 72.6331 72.842
8300 73.8209 72.8538
8400 74.9419 72.8786
8500 74.0205 72.8921
8600 74.154 72.9067
8700 74.2894 72.9226
8800 74.3355 72.9387
8900 74.0274 72.9509
9000 73.3018 72.9548
9100 72.2202 72.9468
9200 72.2213 72.9389
9300 71.6373 72.9249
9400 71.1131 72.9056
9500 71.0914 72.8865
9600 71.0163 72.867
9700 69.5903 72.8332
9800 70.1261 72.8056
9900 70.9413 72.7868
10000 71.4016 72.7729
10100 72.0623 72.7659
10200 72.1946 72.7603
10300 73.7971 72.7704
10400 73.3539 72.776
10500 74.2879 72.7904
10600 73.3122 72.7953
10700 73.2719 72.7998
10800 72.709 72.7989
10900 72.981 72.8006
11000 72.4393 72.7973
11100 72.8685 72.7979
11200 72.3299 72.7938
11300 73.3682 72.7988
11400 72.7728 72.7986
11500 72.4715 72.7958
11600 72.0706 72.7895
11700 72.2717 72.7851
11800 72.2522 72.7806
11900 73.1179 72.7834
12000 72.6151 72.782
12100 72.4683 72.7794
12200 72.2483 72.7751
12300 72.6406 72.774
12400 72.4356 72.7712
12500 72.0414 72.7654
12600 72.9863 72.7672
12700 72.3481 72.7639
12800 72.235 72.7597
12900 72.1755 72.7552
13000 71.3674 72.7445
13100 71.4698 72.7348
13200 71.4876 72.7253
13300 72.0796 72.7205
13400 72.3082 72.7174
13500 72.1156 72.713
13600 71.9608 72.7074
13700 72.169 72.7035
13800 72.5545 72.7024
13900 72.3103 72.6996
14000 72.815 72.7004
14100 72.5008 72.699
14200 73.047 72.7014
14300 72.7849 72.702
14400 72.7722 72.7025
14500 72.2357 72.6993
14600 71.7759 72.693
14700 72.7014 72.693
14800 71.4265 72.6845
14900 72.0589 72.6803
15000 71.6257 72.6732
15100 71.5553 72.6658
15200 72.0154 72.6616
15300 71.2653 72.6524
15400 71.8258 72.6471
15500 71.0194 72.6366
15600 71.7277 72.6307
15700 71.022 72.6205
15800 70.7643 72.6087
15900 70.3381 72.5945
16000 70.6429 72.5823
16100 70.597 72.5699
16200 71.2982 72.5621
16300 71.2632 72.5541
16400 70.6987 72.5428
16500 70.782 72.5321
16600 71.4014 72.5253
16700 72.2948 72.5239
16800 72.1264 72.5216
16900 72.0286 72.5187
17000 71.9905 72.5156
17100 72.0188 72.5126
17200 72.3206 72.5115
17300 72.5759 72.5119
17400 72.4722 72.5117
17500 71.2199 72.5043
17600 70.69 72.494
17700 71.0726 72.486
17800 69.882 72.4713
17900 69.8796 72.4568
18000 70.3561 72.4452
18100 69.677 72.4299
18200 70.1977 72.4176
18300 70.0122 72.4045
18400 69.9368 72.3911
18500 69.6717 72.3764
18600 69.6499 72.3617
18700 69.3487 72.3456
18800 70.1529 72.3339
18900 71.3419 72.3287
19000 70.3213 72.3181
19100 70.0378 72.3062
19200 70.903 72.2989
19300 70.9697 72.292
19400 70.8732 72.2847
19500 71.1643 72.2789
19600 70.9867 72.2723
19700 71.0323 72.266
19800 70.6542 72.2579
19900 70.4358 72.2487
20000 71.0544 72.2428
20100 71.5318 72.2392
20200 71.1685 72.2339
20300 70.5075 72.2254
20400 71.3489 72.2211
20500 71.3092 72.2167
20600 70.8659 72.2101
20700 70.2795 72.2008
20800 71.1853 72.1959
20900 71.4994 72.1926
21000 71.7597 72.1905
21100 70.808 72.184
21200 70.8493 72.1777
21300 70.9571 72.1719
21400 70.4402 72.1638
21500 70.5539 72.1564
21600 70.2274 72.1474
21700 70.1544 72.1382
21800 70.2672 72.1297
21900 70.4971 72.1222
22000 70.6207 72.1154
22100 70.1826 72.1066
22200 70.7557 72.1006
22300 70.3591 72.0927
22400 70.6481 72.0863
22500 70.4646 72.0791
22600 71.2484 72.0754
22700 71.2547 72.0718
22800 70.6138 72.0654
22900 70.5107 72.0586
23000 71.1761 72.0548
23100 70.9796 72.0501
23200 70.3655 72.0429
23300 70.756 72.0373
23400 71.4661 72.0349
23500 71.9651 72.0346
23600 72.0234 72.0345
23700 71.697 72.0331
23800 71.0356 72.0289
23900 71.3951 72.0263
24000 70.9875 72.022
24100 70.6331 72.0162
24200 71.6403 72.0146
24300 72.3896 72.0162
24400 72.8759 72.0197
24500 73.6019 72.0262
24600 73.2031 72.0309
24700 72.6555 72.0335
24800 73.4887 72.0393
24900 73.8114 72.0465
25000 74.249 72.0553
25100 73.6706 72.0617
25200 73.1155 72.0659
25300 73.8468 72.0729
25400 73.0566 72.0768
25500 74.3644 72.0858
25600 74.3232 72.0945
25700 74.0494 72.1021
25800 73.6747 72.1082
25900 74.5336 72.1176
26000 74.3728 72.1262
26100 74.4131 72.135
26200 75.4689 72.1477
26300 75.3555 72.1599
26400 76.2669 72.1755
26500 76.1312 72.1904
26600 76.2335 72.2056
26700 76.1738 72.2205
26800 75.1886 72.2316
26900 76.0079 72.2456
27000 75.5718 72.2579
27100 75.7624 72.2708
27200 75.752 72.2836
27300 75.4733 72.2953
27400 75.3719 72.3066
27500 75.1291 72.3168
27600 73.9952 72.3229
27700 74.0009 72.329
27800 74.274 72.336
27900 74.4539 72.3435
28000 73.841 72.3489
28100 73.5079 72.353
28200 72.8061 72.3546
28300 73.7411 72.3595
28400 74.7594 72.368
28500 74.7218 72.3762
28600 75.2955 72.3864
28700 74.2574 72.393
28800 74.2347 72.3994
28900 74.0268 72.405
29000 74.0975 72.4108
29100 74.877 72.4193
29200 74.2101 72.4254
29300 74.0808 72.4311
29400 73.014 72.4331
29500 72.5565 72.4335
29600 72.8214 72.4348
29700 72.9313 72.4365
29800 73.2948 72.4393
29900 74.4384 72.446
30000 74.2363 72.452
30100 74.8557 72.46
30200 75.259 72.4692
30300 75.0787 72.4779
30400 74.6626 72.485
30500 74.2479 72.4908
30600 73.3899 72.4938
30700 73.8974 72.4983
30800 73.9456 72.503
30900 74.5968 72.5098
31000 73.7287 72.5137
31100 73.2699 72.5162
31200 73.2794 72.5186
31300 73.4273 72.5215
31400 73.5365 72.5248
31500 72.0131 72.5231
31600 72.3739 72.5227
31700 71.8497 72.5205
31800 72.2155 72.5196
31900 72.9604 72.521
32000 73.7692 72.5249
32100 73.8143 72.5289
32200 73.6815 72.5325
32300 73.4232 72.5352
32400 73.2861 72.5375
32500 73.1653 72.5395
32600 72.4762 72.5393
32700 72.5649 72.5393
32800 73.1001 72.5411
32900 72.5196 72.541
33000 73.2591 72.5432
33100 73.0447 72.5447
33200 72.7934 72.5454
33300 72.8098 72.5462
33400 72.5624 72.5463
33500 73.1036 72.5479
33600 73.0696 72.5495
33700 73.5998 72.5526
33800 72.9176 72.5537
33900 72.9634 72.5549
34000 73.9565 72.559
34100 74.1042 72.5636
34200 74.483 72.5692
34300 74.3992 72.5745
34400 74.5854 72.5803
34500 74.9724 72.5873
34600 75.03 72.5943
34700 75.5725 72.6029
34800 75.4218 72.611
34900 75.6841 72.6198
35000 75.9083 72.6292
35100 74.5499 72.6347
35200 73.3983 72.6369
35300 73.6248 72.6397
35400 73.107 72.641
35500 72.9316 72.6418
35600 74.2704 72.6464
35700 73.186 72.6479
35800 73.5153 72.6503
35900 72.7557 72.6506
36000 73.4945 72.6529
36100 73.1756 72.6544
36200 72.3972 72.6537
36300 72.4214 72.653
36400 72.6537 72.653
36500 73.4512 72.6552
36600 73.1931 72.6567
36700 73.9814 72.6603
36800 74.2263 72.6646
36900 74.2555 72.6689
37000 73.6322 72.6715
37100 73.4791 72.6737
37200 74.0445 72.6773
37300 72.9935 72.6782
37400 73.105 72.6793
37500 74.011 72.6829
37600 73.3676 72.6847
37700 73.9257 72.688
37800 72.957 72.6887
37900 72.6304 72.6886
38000 72.8211 72.6889
38100 72.2458 72.6877
38200 73.0252 72.6886
38300 73.5283 72.6908
38400 74.0247 72.6943
38500 73.8048 72.6972
38600 73.2288 72.6986
38700 73.6528 72.701
38800 73.8257 72.7039
38900 74.4142 72.7083
39000 74.557 72.7131
39100 74.7082 72.7182
39200 75.2416 72.7246
39300 74.6748 72.7296
39400 75.3204 72.7361
39500 74.7447 72.7412
39600 74.4857 72.7456
39700 74.0081 72.7488
39800 74.3047 72.7527
39900 74.6414 72.7574
40000 74.2318 72.7611
40100 73.6694 72.7634
40200 74.669 72.7681
40300 74.2749 72.7719
40400 74.543 72.7763
40500 74.8201 72.7813
40600 75.2669 72.7874
40700 76.4168 72.7963
40800 76.3091 72.805
40900 76.519 72.814
41000 76.7159 72.8236
41100 76.6472 72.8329
41200 75.4618 72.8392
41300 75.373 72.8454
41400 76.5454 72.8543
41500 76.0185 72.8619
41600 75.8738 72.8692
41700 75.4551 72.8754
41800 76.3434 72.8837
41900 76.2701 72.8918
42000 76.4928 72.9003
42100 76.7637 72.9095
42200 76.9074 72.919
42300 76.1096 72.9265
42400 75.5676 72.9327
42500 75.6204 72.9391
42600 75.677 72.9455
42700 75.0695 72.9505
42800 75.0152 72.9553
42900 75.6535 72.9616
43000 74.1284 72.9643
43100 74.928 72.9689
43200 75.317 72.9743
43300 75.1742 72.9794
43400 74.1508 72.9821
43500 74.6077 72.9858
43600 74.9134 72.9902
43700 74.8328 72.9944
43800 74.6612 72.9983
43900 74.3486 73.0013
44000 74.9866 73.0058
44100 75.5734 73.0117
44200 74.5104 73.0151
44300 74.3236 73.018
44400 75.3235 73.0232
44500 75.4115 73.0286
44600 75.2709 73.0336
44700 75.8714 73.0399
44800 75.774 73.046
44900 76.3429 73.0534
45000 76.8492 73.0618
45100 77.2288 73.0711
45200 77.2323 73.0803
45300 77.7488 73.0906
45400 76.5415 73.0982
45500 77.5825 73.108
45600 77.8727 73.1185
45700 78.3135 73.1298
45800 79.2855 73.1433
45900 78.1757 73.1543
46000 77.8218 73.1644
46100 78.4253 73.1758
46200 78.7286 73.1878
46300 77.8651 73.1979
46400 78.1321 73.2086
46500 78.1657 73.2192
46600 78.2898 73.2301
46700 77.9646 73.2402
46800 77.2941 73.2489
46900 77.1215 73.2572
47000 77.8105 73.2669
47100 77.5309 73.2759
47200 77.9825 73.2859
47300 77.0693 73.2939
47400 76.8842 73.3015
47500 76.8806 73.309
47600 76.858 73.3164
47700 77.1127 73.3244
47800 77.2237 73.3326
47900 77.6544 73.3416
48000 77.9843 73.3513
48100 77.2893 73.3594
48200 77.2188 73.3674
48300 76.7276 73.3744
48400 76.9329 73.3818
48500 77.2825 73.3898
48600 77.1463 73.3975
48700 77.5861 73.4061
48800 77.422 73.4144
48900 77.36 73.4224
49000 77.6999 73.4312
49100 78.3921 73.4413
49200 78.384 73.4513
49300 78.7851 73.4621
49400 78.3566 73.472
49500 78.2852 73.4818
49600 77.5183 73.4899
49700 77.0955 73.4972
49800 76.7822 73.5037
49900 77.2691 73.5113
50000 76.6381 73.5175
50100 77.3938 73.5253
50200 77.2985 73.5328
50300 77.7855 73.5413
50400 77.4667 73.549
50500 78.0452 73.5579
50600 78.1963 73.5671
50700 77.4757 73.5748
50800 78.2535 73.584
50900 78.1552 73.593
51000 78.9531 73.6035
51100 79.2848 73.6146
51200 79.4916 73.6261
51300 79.5804 73.6377
51400 79.8791 73.6499
51500 80.1478 73.6625
51600 79.2212 73.6733
51700 79.0837 73.6837
51800 78.7982 73.6936
51900 77.9496 73.7018
52000 78.1857 73.7104
52100 77.5993 73.7179
52200 77.9 73.7259
52300 78.6663 73.7353
52400 78.8577 73.7451
52500 79.0481 73.7552
52600 79.4824 73.7661
52700 78.9799 73.776
52800 79.3623 73.7866
52900 79.7602 73.7979
53000 80.1858 73.8099
53100 80.1787 73.8219
53200 79.2402 73.8321
53300 79.3033 73.8424
53400 79.1374 73.8523
53500 79.5241 73.8629
53600 79.4621 73.8733
53700 80.1224 73.885
53800 79.6631 73.8957
53900 78.9692 73.9051
54000 78.9969 73.9146
54100 78.7129 73.9234
54200 78.3897 73.9317
54300 78.775 73.9406
54400 78.5162 73.949
54500 78.7995 73.9579
54600 79.1021 73.9673
54700 78.1518 73.975
54800 78.1161 73.9825
54900 78.1134 73.99
55000 77.4298 73.9963
55100 78.29 74.0041
55200 78.2841 74.0118
55300 78.2725 74.0196
55400 77.8977 74.0266
55500 78.2336 74.0341
55600 78.3362 74.0419
55700 78.9069 74.0506
55800 78.6443 74.0588
55900 78.4968 74.0668
56000 78.9763 74.0755
56100 79.0184 74.0844
56200 78.7321 74.0926
56300 78.1919 74.0999
56400 78.2955 74.1073
56500 78.5095 74.1151
56600 79.3681 74.1244
56700 79.1847 74.1333
56800 78.3087 74.1407
56900 78.3283 74.1481
57000 77.7775 74.1544
57100 78.4714 74.162
57200 78.7509 74.17
57300 78.5479 74.1776
57400 77.1615 74.1828
57500 77.4849 74.1886
57600 77.4287 74.1942
57700 77.7538 74.2004
57800 77.5606 74.2062
57900 77.8292 74.2124
58000 78.7185 74.2202
58100 78.6294 74.2278
58200 78.7432 74.2356
58300 79.0119 74.2438
58400 78.8606 74.2517
58500 78.8506 74.2595
58600 78.837 74.2673
58700 79.0985 74.2756
58800 78.1999 74.2822
58900 77.612 74.2879
59000 77.6851 74.2937
59100 77.6284 74.2993
59200 76.4808 74.303
59300 77.6203 74.3086
59400 78.0697 74.3149
59500 77.4924 74.3202
59600 77.1734 74.325
59700 77.1798 74.3298
59800 78.3689 74.3366
59900 77.3954 74.3417
60000 76.7976 74.3458
60100 77.492 74.351
60200 76.1978 74.3541
60300 75.8741 74.3566
60400 75.9734 74.3593
60500 76.5145 74.3628
60600 77.216 74.3675
60700 77.011 74.3719
60800 77.0484 74.3763
60900 76.8224 74.3803
61000 76.7641 74.3842
61100 76.5038 74.3877
61200 76.7214 74.3915
61300 76.9916 74.3957
61400 77.141 74.4002
61500 76.8755 74.4042
61600 77.2907 74.4089
61700 77.2625 74.4136
61800 78.3524 74.4199
61900 77.2285 74.4245
62000 77.7657 74.4299
62100 78.7076 74.4367
62200 78.7639 74.4437
62300 78.5624 74.4503
62400 78.6112 74.457
62500 78.936 74.4641
62600 78.5689 74.4707
62700 77.9916 74.4763
62800 78.262 74.4823
62900 78.6392 74.489
63000 78.1353 74.4947
63100 78.7786 74.5015
63200 79.1862 74.5089
63300 77.8895 74.5143
63400 76.8599 74.518
63500 77.7058 74.523
63600 78.4501 74.5292
63700 78.0097 74.5346
63800 77.0486 74.5386
63900 77.1315 74.5426
64000 77.4178 74.5471
64100 77.9417 74.5524
64200 78.3107 74.5583
64300 78.2868 74.5641
64400 78.1951 74.5697
64500 77.815 74.5747
64600 77.9655 74.58
64700 78.4131 74.5859
64800 77.0587 74.5897
64900 77.3 74.5939
65000 78.0866 74.5993
65100 77.7902 74.6042
65200 78.1366 74.6096
65300 77.5622 74.6141
65400 78.2273 74.6197
65500 77.2108 74.6236
65600 76.9986 74.6272
65700 77.1089 74.631
65800 77.3904 74.6352
65900 77.7707 74.64
66000 77.4353 74.6442
66100 77.7501 74.6489
66200 78.5228 74.6547
66300 78.2139 74.6601
66400 77.9803 74.6651
66500 77.2054 74.6689
66600 77.8761 74.6737
66700 78.5441 74.6796
66800 78.4242 74.6852
66900 78.4473 74.6908
67000 78.1603 74.696
67100 78.0866 74.701
67200 77.77 74.7056
67300 78.5775 74.7113
67400 78.2708 74.7166
67500 78.6359 74.7224
67600 78.8413 74.7285
67700 79.1781 74.7351
67800 77.8784 74.7397
67900 78.0709 74.7446
68000 77.935 74.7493
68100 77.702 74.7537
68200 78.0263 74.7585
68300 77.037 74.7618
68400 76.7886 74.7648
68500 76.8564 74.7678
68600 77.4085 74.7717
68700 76.8366 74.7747
68800 77.7805 74.779
68900 77.2071 74.7826
69000 77.437 74.7864
69100 77.1063 74.7898
69200 77.3342 74.7934
69300 76.9644 74.7966
69400 76.9033 74.7996
69500 77.1039 74.8029
69600 77.0959 74.8062
69700 76.9953 74.8094
69800 76.5227 74.8118
69900 76.7291 74.8146
70000 76.3359 74.8167
70100 77.2818 74.8202
70200 77.1513 74.8236
70300 77.4056 74.8272
70400 77.5216 74.8311
70500 76.8082 74.8339
70600 76.7635 74.8366
70700 76.6336 74.8391
70800 76.3196 74.8412
70900 76.4173 74.8435
71000 76.2137 74.8454
71100 76.5067 74.8477
71200 76.6758 74.8503
71300 77.2758 74.8537
71400 76.6576 74.8562
71500 76.7598 74.8589
71600 77.137 74.8621
71700 77.5623 74.8658
71800 77.5068 74.8695
71900 77.1417 74.8727
72000 77.5594 74.8764
72100 77.3231 74.8798
72200 76.9208 74.8826
72300 76.894 74.8854
72400 75.7742 74.8866
72500 76.3164 74.8886
72600 77.071 74.8916
72700 76.9317 74.8944
72800 77.2979 74.8977
72900 77.0774 74.9007
73000 77.9603 74.9049
73100 78.3437 74.9096
73200 77.0615 74.9125
73300 77.6589 74.9163
73400 77.783 74.9202
73500 76.8596 74.9228
73600 77.1788 74.9259
73700 78.5108 74.9308
73800 78.4367 74.9355
73900 77.4844 74.939
74000 77.8643 74.9429
74100 77.711 74.9466
74200 77.0294 74.9495
74300 77.3314 74.9527
74400 76.8996 74.9553
74500 77.0779 74.9581
74600 77.586 74.9616
74700 77.8205 74.9655
74800 78.6965 74.9705
74900 79.2706 74.9762
75000 78.6714 74.9811
75100 77.7833 74.9849
75200 77.7966 74.9886
75300 77.0481 74.9913
75400 76.9182 74.9939
75500 76.489 74.9959
75600 76.093 74.9973
75700 77.3272 75.0004
75800 76.8522 75.0028
75900 77.1763 75.0057
76000 77.4928 75.009
76100 78.0493 75.013
76200 77.1781 75.0158
76300 77.1837 75.0187
76400 77.5559 75.022
76500 77.1994 75.0248
76600 77.0614 75.0275
76700 77.2595 75.0304
76800 77.8594 75.0341
76900 77.8301 75.0377
77000 77.4225 75.0408
77100 77.2 75.0436
77200 76.8053 75.0459
77300 75.8666 75.047
77400 77.0915 75.0496
77500 77.2554 75.0524
77600 77.3946 75.0555
77700 78.0393 75.0593
77800 77.6491 75.0626
77900 77.7549 75.0661
78000 77.5314 75.0692
78100 77.7093 75.0726
78200 77.6528 75.0759
78300 77.23 75.0787
78400 77.1032 75.0813
78500 77.1552 75.0839
78600 77.2776 75.0867
78700 77.41 75.0896
78800 77.1724 75.0923
78900 77.8069 75.0957
79000 78.2389 75.0997
79100 78.7047 75.1043
79200 78.6761 75.1088
79300 78.0714 75.1125
79400 78.0295 75.1162
79500 77.8435 75.1196
79600 77.4955 75.1226
79700 77.0545 75.125
79800 76.9797 75.1273
79900 77.3865 75.1302
80000 77.9843 75.1337
80100 78.4589 75.1379
80200 79.3533 75.1432
80300 78.2743 75.1471
80400 78.2333 75.1509
80500 78.2117 75.1547
80600 77.5254 75.1576
80700 77.2678 75.1602
80800 76.7607 75.1622
80900 77.1952 75.1647
81000 77.3603 75.1675
81100 77.2136 75.17
81200 77.2214 75.1725
81300 76.8717 75.1746
81400 77.2616 75.1772
81500 77.5248 75.18
81600 77.6501 75.1831
81700 77.1203 75.1854
81800 77.4383 75.1882
81900 77.235 75.1907
82000 77.1085 75.193
82100 76.9497 75.1952
82200 77.3997 75.1978
82300 77.1572 75.2002
82400 78.0253 75.2037
82500 78.7129 75.2079
82600 78.8112 75.2123
82700 78.4539 75.2162
82800 78.5111 75.2202
82900 77.9297 75.2234
83000 77.4346 75.2261
83100 78.3077 75.2298
83200 78.2993 75.2335
83300 78.0044 75.2368
83400 77.4499 75.2395
83500 77.2686 75.2419
83600 77.6445 75.2448
83700 78.0043 75.2481
83800 78.5773 75.2521
83900 78.6058 75.2561
84000 78.8285 75.2603
84100 78.1014 75.2637
84200 78.0299 75.267
84300 77.6641 75.2698
84400 78.0523 75.2731
84500 78.0521 75.2764
84600 78.2792 75.2799
84700 78.4324 75.2837
84800 78.9183 75.288
84900 79.0077 75.2923
85000 77.9286 75.2954
85100 78.0975 75.2987
85200 78.7732 75.3028
85300 78.1148 75.3061
85400 78.1402 75.3094
85500 78.1638 75.3128
85600 77.8146 75.3157
85700 78.4814 75.3194
85800 78.4944 75.3231
85900 78.4645 75.3267
86000 78.255 75.3301
86100 79.0019 75.3344
86200 79.4753 75.3392
86300 78.4439 75.3428
86400 79.4196 75.3475
86500 78.5792 75.3513
86600 79.0299 75.3555
86700 78.1057 75.3587
86800 78.7676 75.3626
86900 78.0627 75.3657
87000 79.2463 75.3702
87100 78.4816 75.3738
87200 79.2036 75.3781
87300 79.3168 75.3827
87400 79.8355 75.3877
87500 78.6252 75.3914
87600 78.0678 75.3945
87700 78.0205 75.3975
87800 78.0326 75.4005
87900 77.0314 75.4024
88000 76.784 75.4039
88100 77.3151 75.4061
88200 78.0444 75.4091
88300 77.4825 75.4114
88400 77.7216 75.414
88500 78.1481 75.4171
88600 77.8453 75.4199
88700 77.8366 75.4226
88800 77.6609 75.4251
88900 77.8451 75.4278
89000 77.9637 75.4307
89100 77.9205 75.4335
89200 77.5673 75.4359
89300 77.6334 75.4383
89400 77.5653 75.4407
89500 77.8957 75.4435
89600 77.5627 75.4458
89700 77.9033 75.4486
89800 78.4752 75.4519
89900 78.8765 75.4557
90000 78.6008 75.4592
90100 78.2946 75.4624
90200 78.3637 75.4656
90300 77.9881 75.4684
90400 77.9545 75.4711
90500 77.8004 75.4737
90600 78.0887 75.4766
90700 78.0816 75.4795
90800 78.6394 75.483
90900 78.161 75.4859
91000 78.2908 75.489
91100 78.4217 75.4922
91200 78.1659 75.4951
91300 77.5725 75.4974
91400 77.5058 75.4996
91500 77.9265 75.5023
91600 77.539 75.5045
91700 77.5697 75.5067
91800 78.0216 75.5095
91900 77.317 75.5114
92000 77.4023 75.5135
92100 77.4416 75.5156
92200 77.4581 75.5177
92300 77.8727 75.5203
92400 78.4162 75.5234
92500 77.8479 75.5259
92600 77.0501 75.5275
92700 76.489 75.5286
92800 77.2191 75.5304
92900 77.2289 75.5322
93000 77.7117 75.5346
93100 77.2824 75.5365
93200 76.5234 75.5375
93300 76.8042 75.5389
93400 76.8309 75.5403
93500 76.7016 75.5415
93600 77.035 75.5431
93700 76.1318 75.5437
93800 76.5804 75.5448
93900 76.686 75.546
94000 76.1866 75.5467
94100 76.3709 75.5476
94200 76.3299 75.5484
94300 76.6535 75.5496
94400 78.1225 75.5523
94500 77.9317 75.5548
94600 77.6902 75.5571
94700 77.5354 75.5592
94800 77.087 75.5608
94900 77.3602 75.5627
95000 77.2315 75.5645
95100 77.6381 75.5666
95200 77.4968 75.5687
95300 76.8736 75.57
95400 77.0034 75.5715
95500 76.6315 75.5726
95600 76.1854 75.5733
95700 76.6126 75.5744
95800 76.5844 75.5754
95900 76.8778 75.5768
96000 76.8607 75.5781
96100 76.9899 75.5796
96200 76.4442 75.5805
96300 76.1079 75.581
96400 75.9964 75.5815
96500 76.0031 75.5819
96600 76.6771 75.583
96700 76.9489 75.5845
96800 77.1056 75.586
96900 77.2769 75.5878
97000 76.7361 75.589
97100 77.723 75.5911
97200 78.296 75.5939
97300 77.7412 75.5961
97400 77.5472 75.5981
97500 78.0343 75.6006
97600 78.4195 75.6035
97700 78.7875 75.6068
97800 79.1305 75.6104
97900 78.8244 75.6137
98000 78.9703 75.6171
98100 78.4294 75.62
98200 78.7894 75.6232
98300 78.6874 75.6263
98400 78.0117 75.6287
98500 78.4199 75.6316
98600 79.6116 75.6356
98700 78.5114 75.6385
98800 78.5584 75.6415
98900 78.0546 75.6439
99000 77.863 75.6462
99100 77.702 75.6482
99200 76.9274 75.6495
99300 76.8914 75.6508
99400 76.2464 75.6514
99500 77.3413 75.6531
99600 77.5348 75.655
99700 78.1861 75.6575
99800 77.8314 75.6597
99900 77.5041 75.6615
100000 78.0483 75.6639
100100 77.9016 75.6661
100200 78.1254 75.6686
100300 77.739 75.6707
100400 77.3507 75.6723
100500 77.3064 75.674
100600 78.1353 75.6764
100700 78.3578 75.6791
100800 78.6407 75.682
100900 77.5892 75.6839
101000 77.4394 75.6856
101100 77.4435 75.6874
101200 77.4309 75.6891
101300 77.6772 75.6911
101400 76.9941 75.6923
101500 77.2146 75.6938
101600 77.3111 75.6954
101700 76.166 75.6959
101800 76.071 75.6963
101900 76.3496 75.6969
102000 76.0301 75.6972
102100 76.851 75.6984
102200 77.2962 75.6999
102300 77.3251 75.7015
102400 77.5206 75.7033
102500 77.4352 75.705
102600 77.4366 75.7067
102700 76.9043 75.7078
102800 76.6411 75.7087
102900 76.9485 75.71
103000 77.5066 75.7117
103100 76.892 75.7128
103200 77.1118 75.7142
103300 75.9399 75.7144
103400 76.9222 75.7156
103500 77.3713 75.7172
103600 77.681 75.7191
103700 77.6101 75.7209
103800 77.2712 75.7224
103900 77.4293 75.724
104000 77.0048 75.7253
104100 77.3708 75.7268
104200 77.3215 75.7284
104300 77.331 75.7299
104400 77.5803 75.7317
104500 76.6592 75.7326
104600 76.8074 75.7336
104700 76.2728 75.7341
104800 75.9109 75.7343
104900 76.0561 75.7346
105000 76.7273 75.7355
105100 77.3702 75.7371
105200 77.1087 75.7384
105300 76.9212 75.7395
105400 76.7932 75.7405
105500 76.2175 75.741
105600 76.5654 75.7418
105700 76.1967 75.7422
105800 77.2093 75.7436
105900 78.1125 75.7458
106000 77.9805 75.7479
106100 76.8332 75.7489
106200 77.7531 75.7508
106300 77.9037 75.7529
106400 78.6933 75.7556
106500 77.8666 75.7576
106600 77.5394 75.7593
106700 77.7716 75.7612
106800 77.6957 75.763
106900 77.7849 75.7649
107000 77.5896 75.7666
107100 77.5838 75.7683
107200 77.1661 75.7696
107300 76.8503 75.7706
107400 76.751 75.7715
107500 77.0569 75.7727
107600 76.5248 75.7734
107700 76.9629 75.7745
107800 76.4491 75.7751
107900 75.6533 75.775
108000 76.1917 75.7754
108100 77.3918 75.7769
108200 77.556 75.7785
108300 78.5038 75.781
108400 78.472 75.7835
108500 78.3183 75.7859
108600 77.3867 75.7873
108700 77.9441 75.7893
108800 77.8513 75.7912
108900 78.4628 75.7937
109000 78.3504 75.796
109100 78.1217 75.7981
109200 78.5053 75.8006
109300 77.5978 75.8023
109400 77.5315 75.8038
109500 77.0463 75.805
109600 76.6723 75.8058
109700 76.9362 75.8068
109800 76.706 75.8076
109900 76.9557 75.8087
110000 77.4235 75.8101
110100 78.5156 75.8126
110200 77.6141 75.8142
110300 77.7217 75.816
110400 77.8573 75.8178
110500 77.7914 75.8196
110600 78.0032 75.8216
110700 77.8454 75.8234
110800 76.9011 75.8244
110900 76.9384 75.8254
111000 77.0642 75.8265
111100 77.2443 75.8278
111200 77.4265 75.8292
111300 77.2165 75.8304
111400 78.1802 75.8326
111500 78.5979 75.835
111600 78.1676 75.8371
111700 77.5138 75.8386
111800 77.6683 75.8403
111900 77.5541 75.8418
112000 76.8984 75.8427
112100 76.6222 75.8434
112200 76.2453 75.8438
112300 76.8473 75.8447
112400 77.3528 75.846
112500 78.0616 75.848
112600 77.349 75.8493
112700 77.7564 75.851
112800 77.397 75.8524
112900 76.3151 75.8528
113000 76.824 75.8537
113100 76.6952 75.8544
113200 76.8237 75.8553
113300 77.2685 75.8565
113400 76.9379 75.8575
113500 77.0309 75.8585
113600 76.7928 75.8593
113700 77.4738 75.8607
113800 78.8681 75.8634
113900 78.1365 75.8654
114000 78.1899 75.8674
114100 77.6626 75.869
114200 78.0431 75.8709
114300 78.0286 75.8728
114400 77.9331 75.8746
114500 77.4389 75.8759
114600 77.8904 75.8777
114700 78.521 75.88
114800 78.0454 75.8819
114900 78.8682 75.8845
115000 78.0327 75.8864
115100 78.5124 75.8886
115200 77.6143 75.8901
115300 77.9499 75.8919
115400 78.106 75.8938
115500 78.1789 75.8958
115600 77.1563 75.8969
115700 77.1917 75.898
115800 77.3967 75.8993
115900 77.77 75.9009
116000 78.3033 75.903
116100 77.811 75.9047
116200 78.5607 75.9069
116300 78.4701 75.9091
116400 78.3792 75.9113
116500 77.4732 75.9126
116600 77.6442 75.9141
116700 76.7432 75.9148
116800 76.5008 75.9153
116900 76.089 75.9155
117000 76.5989 75.916
117100 76.5718 75.9166
117200 76.9906 75.9175
117300 77.5941 75.9189
117400 77.8356 75.9206
117500 77.4846 75.9219
117600 77.5223 75.9233
117700 77.4025 75.9245
117800 78.2807 75.9265
117900 78.0911 75.9284
118000 77.1915 75.9294
118100 77.103 75.9304
118200 76.3669 75.9308
118300 76.5475 75.9313
118400 76.3984 75.9317
118500 76.6059 75.9323
118600 76.5538 75.9328
118700 76.867 75.9336
118800 76.9247 75.9344
118900 77.0439 75.9354
119000 76.1871 75.9356
119100 76.7489 75.9363
119200 76.739 75.9369
119300 76.3155 75.9372
119400 75.9948 75.9373
119500 76.3214 75.9376
119600 76.7348 75.9383
119700 76.1313 75.9384
119800 76.3204 75.9388
119900 76.1934 75.939
120000 76.814 75.9397
120100 76.6296 75.9403
120200 76.7632 75.941
120300 77.1983 75.942
120400 76.539 75.9425
120500 76.8436 75.9433
120600 77.2248 75.9443
120700 76.8768 75.9451
120800 77.5882 75.9464
120900 77.1952 75.9475
121000 77.4531 75.9487
121100 77.2021 75.9498
121200 77.5784 75.9511
121300 77.5565 75.9524
121400 77.4896 75.9537
121500 76.7313 75.9543
121600 77.0413 75.9552
121700 77.1059 75.9562
121800 77.4267 75.9574
121900 76.8929 75.9581
122000 76.6119 75.9587
122100 76.52 75.9591
122200 76.8198 75.9598
122300 76.6603 75.9604
122400 76.6293 75.961
122500 77.4433 75.9622
122600 76.871 75.9629
122700 76.6527 75.9635
122800 76.7561 75.9641
122900 76.9749 75.9649
123000 76.4259 75.9653
123100 76.9135 75.9661
123200 76.9569 75.9669
123300 78.1524 75.9687
123400 77.7277 75.9701
123500 77.5229 75.9714
123600 76.9535 75.9721
123700 77.2456 75.9732
123800 77.1192 75.9741
123900 77.9821 75.9757
124000 78.3729 75.9777
124100 77.3769 75.9788
124200 77.1688 75.9797
124300 77.4674 75.9809
124400 77.2182 75.9819
124500 77.7062 75.9833
124600 77.5755 75.9846
124700 77.8306 75.9861
124800 77.2006 75.987
124900 78.0009 75.9887
125000 78.7092 75.9908
125100 78.7104 75.993
125200 78.4411 75.995
125300 78.7063 75.9971
125400 78.7914 75.9994
125500 77.8217 76.0008
125600 78.3106 76.0027
125700 78.6172 76.0047
125800 78.2776 76.0065
125900 79.0327 76.0089
126000 78.9074 76.0112
126100 79.0336 76.0136
126200 78.9541 76.016
126300 79.2404 76.0185
126400 79.2885 76.0211
126500 79.1634 76.0236
126600 78.4135 76.0255
126700 77.9115 76.027
126800 77.6329 76.0282
126900 76.8207 76.0289
127000 77.2263 76.0298
127100 77.5049 76.031
127200 77.3669 76.032
127300 76.8939 76.0327
127400 77.4316 76.0338
127500 77.3483 76.0348
127600 77.9277 76.0363
127700 77.4397 76.0374
127800 77.5565 76.0386
127900 76.8669 76.0392
128000 76.1808 76.0393
128100 76.1665 76.0394
128200 75.8202 76.0393
128300 74.9097 76.0384
128400 75.7937 76.0382
128500 75.7769 76.038
128600 76.231 76.0382
128700 76.5802 76.0386
128800 77.0906 76.0394
128900 75.9479 76.0393
129000 77.3129 76.0403
129100 77.6351 76.0415
129200 77.0302 76.0423
129300 76.6949 76.0428
129400 76.1473 76.0429
129500 76.2734 76.0431
129600 76.285 76.0433
129700 76.1207 76.0433
129800 75.798 76.0431
129900 76.2581 76.0433
130000 75.5197 76.0429
130100 76.6622 76.0434
130200 76.2632 76.0435
130300 76.1096 76.0436
130400 76.0477 76.0436
130500 75.259 76.043
130600 75.746 76.0428
130700 76.0145 76.0427
130800 76.0843 76.0428
130900 76.1011 76.0428
131000 77.2678 76.0438
131100 77.3416 76.0447
131200 77.3566 76.0457
131300 76.663 76.0462
131400 76.9853 76.0469
131500 76.2606 76.0471
131600 77.2098 76.048
131700 77.8944 76.0494
131800 77.2053 76.0503
131900 77.4865 76.0513
132000 77.9329 76.0528
132100 77.6134 76.0539
132200 77.9107 76.0554
132300 78.6006 76.0573
132400 77.7735 76.0586
132500 78.2124 76.0602
132600 77.8942 76.0616
132700 77.3443 76.0625
132800 77.8867 76.0639
132900 77.1893 76.0648
133000 77.576 76.0659
133100 77.4772 76.067
133200 77.1993 76.0678
133300 77.2683 76.0687
133400 77.5995 76.0699
133500 76.9401 76.0705
133600 76.4634 76.0708
133700 77.0985 76.0716
133800 76.6901 76.072
133900 76.6807 76.0725
134000 76.8671 76.0731
134100 77.0889 76.0738
134200 77.6241 76.075
134300 76.5781 76.0754
134400 77.14 76.0762
134500 76.9459 76.0768
134600 77.0738 76.0776
134700 76.9379 76.0782
134800 76.9973 76.0789
134900 76.6106 76.0793
135000 76.4193 76.0795
135100 76.0647 76.0795
135200 75.7926 76.0793
135300 75.885 76.0792
135400 76.269 76.0793
135500 76.0099 76.0792
135600 76.8745 76.0798
135700 76.6688 76.0803
135800 76.1723 76.0803
135900 75.7702 76.0801
136000 76.2945 76.0803
136100 76.8175 76.0808
136200 76.9946 76.0815
136300 77.0396 76.0822
136400 76.9017 76.0828
136500 77.6329 76.0839
136600 78.0401 76.0853
136700 78.0054 76.0867
136800 78.4364 76.0885
136900 78.1638 76.09
137000 78.8961 76.092
137100 78.4327 76.0937
137200 77.8446 76.095
137300 77.7269 76.0962
137400 77.1914 76.097
137500 77.9027 76.0983
137600 77.3456 76.0992
137700 76.8176 76.0997
137800 76.778 76.1002
137900 77.4071 76.1012
138000 77.5296 76.1022
138100 78.5127 76.104
138200 77.528 76.105
138300 77.3211 76.1059
138400 77.514 76.1069
138500 76.7526 76.1074
138600 77.2936 76.1082
138700 77.392 76.1091
138800 76.86 76.1097
138900 77.239 76.1105
139000 77.1005 76.1112
139100 77.0892 76.1119
139200 77.8899 76.1132
139300 78.1793 76.1147
139400 78.2135 76.1162
139500 78.1905 76.1177
139600 78.1049 76.1191
139700 78.1556 76.1205
139800 78.6256 76.1223
139900 78.6601 76.1241
140000 78.4054 76.1258
140100 78.9623 76.1278
140200 78.5908 76.1296
140300 78.2921 76.1311
140400 78.0101 76.1324
140500 78.1448 76.1339
140600 78.4114 76.1355
140700 78.1391 76.1369
140800 78.0529 76.1383
140900 77.7088 76.1394
141000 77.9991 76.1407
141100 78.1899 76.1422
141200 77.545 76.1432
141300 77.341 76.144
141400 77.4263 76.1449
141500 78.5023 76.1466
141600 78.2092 76.148
141700 78.0359 76.1494
141800 76.6604 76.1497
141900 76.201 76.1498
142000 76.4984 76.15
142100 76.7179 76.1504
142200 76.6856 76.1508
142300 76.6906 76.1512
142400 77.5373 76.1521
142500 76.8989 76.1527
142600 77.3944 76.1535
142700 77.5399 76.1545
142800 76.7429 76.1549
142900 77.2271 76.1557
143000 76.7862 76.1561
143100 76.8496 76.1566
143200 77.6966 76.1577
143300 78.1206 76.159
143400 77.7684 76.1602
143500 77.2596 76.1609
143600 77.5793 76.1619
143700 77.2647 76.1627
143800 77.2736 76.1634
143900 76.8749 76.1639
144000 77.0166 76.1645
144100 77.5867 76.1655
144200 77.3152 76.1663
144300 77.0908 76.167
144400 77.0349 76.1676
144500 76.4104 76.1677
144600 77.0597 76.1683
144700 77.558 76.1693
144800 77.3436 76.1701
144900 77.3211 76.1709
145000 76.4632 76.1711
145100 76.3361 76.1712
145200 75.3413 76.1707
145300 76.2448 76.1707
145400 76.0851 76.1706
145500 76.4634 76.1708
145600 76.0222 76.1707
145700 76.5435 76.171
145800 75.7037 76.1707
145900 75.9922 76.1706
146000 76.1042 76.1705
146100 76.1527 76.1705
146200 75.8559 76.1703
146300 75.8639 76.1701
146400 75.487 76.1696
146500 76.1863 76.1696
146600 75.8181 76.1694
146700 75.8006 76.1691
146800 76.0133 76.169
146900 76.7424 76.1694
147000 76.3141 76.1695
147100 76.7895 76.1699
147200 77.539 76.1709
147300 77.6882 76.1719
147400 77.5181 76.1728
147500 77.7663 76.1739
147600 78.1745 76.1752
147700 78.4749 76.1768
147800 78.9151 76.1787
147900 78.7374 76.1804
148000 78.7421 76.1821
148100 77.7012 76.1831
148200 78.6109 76.1848
148300 78.3474 76.1862
148400 78.1126 76.1875
148500 78.1148 76.1888
148600 78.3672 76.1903
148700 77.8965 76.1914
148800 77.0817 76.192
148900 77.2311 76.1927
149000 77.4059 76.1936
149100 77.6244 76.1945
149200 76.5456 76.1948
149300 76.3454 76.1949
149400 75.884 76.1946
149500 77.1009 76.1952
149600 77.056 76.1958
149700 77.032 76.1964
149800 77.6118 76.1973
149900 76.904 76.1978
150000 77.5753 76.1987
150100 77.6034 76.1997
150200 77.7203 76.2007
150300 78.5773 76.2022
150400 78.0759 76.2035
150500 77.7778 76.2045
150600 77.9918 76.2057
150700 78.4663 76.2072
150800 77.8343 76.2083
150900 78.1084 76.2096
151000 77.6246 76.2105
151100 77.3333 76.2112
151200 77.4522 76.2121
151300 77.178 76.2127
151400 77.5827 76.2136
151500 77.7961 76.2147
151600 77.151 76.2153
151700 77.36 76.216
151800 77.892 76.2171
151900 77.7503 76.2181
152000 76.8394 76.2185
152100 77.1763 76.2192
152200 77.9716 76.2203
152300 77.5386 76.2212
152400 77.382 76.222
152500 76.9635 76.2224
152600 76.8513 76.2229
152700 76.7789 76.2232
152800 77.047 76.2238
152900 76.813 76.2241
153000 76.9243 76.2246
153100 76.5744 76.2248
153200 77.0035 76.2253
153300 76.552 76.2256
153400 77.0526 76.2261
153500 77.9004 76.2272
153600 77.8246 76.2282
153700 77.6209 76.2291
153800 78.1167 76.2304
153900 78.002 76.2315
154000 78.262 76.2328
154100 78.2108 76.2341
154200 78.176 76.2354
154300 78.4592 76.2368
154400 78.4691 76.2383
154500 77.4199 76.239
154600 77.3138 76.2397
154700 77.4977 76.2405
154800 77.3471 76.2412
154900 78.4678 76.2427
155000 77.9488 76.2438
155100 77.3953 76.2445
155200 77.5958 76.2454
155300 77.6845 76.2463
155400 77.3603 76.247
155500 77.2252 76.2477
155600 77.6376 76.2486
155700 76.8976 76.249
155800 76.9611 76.2494
155900 77.1657 76.25
156000 77.5109 76.2508
156100 77.0199 76.2513
156200 76.7941 76.2517
156300 76.5579 76.2519
156400 76.6017 76.2521
156500 76.3844 76.2522
156600 75.6909 76.2518
156700 76.104 76.2517
156800 75.9324 76.2515
156900 76.3207 76.2516
157000 75.7617 76.2512
157100 76.7861 76.2516
157200 77.0303 76.2521
157300 76.7133 76.2524
157400 76.1986 76.2523
157500 75.2361 76.2517
157600 75.2765 76.2511
157700 75.4233 76.2506
157800 76.2108 76.2505
157900 75.7973 76.2502
158000 76.8678 76.2506
158100 76.7349 76.2509
158200 77.1386 76.2515
158300 77.7861 76.2525
158400 77.905 76.2535
158500 77.1165 76.2541
158600 77.618 76.2549
158700 76.996 76.2554
158800 76.7872 76.2557
158900 76.6906 76.256
159000 76.642 76.2562
159100 76.9677 76.2567
159200 76.899 76.2571
159300 77.5995 76.2579
159400 77.548 76.2587
159500 77.0915 76.2593
159600 77.5895 76.2601
159700 78.0713 76.2612
159800 78.3356 76.2625
159900 78.6243 76.264
160000 77.8275 76.265
160100 76.7227 76.2653
160200 77.712 76.2662
160300 77.5045 76.2669
160400 77.4687 76.2677
160500 78.0593 76.2688
160600 77.834 76.2698
160700 77.8876 76.2708
160800 77.1857 76.2714
160900 77.1172 76.2719
161000 77.0955 76.2724
161100 76.5738 76.2726
161200 77.5519 76.2734
161300 77.0238 76.2738
161400 77.2275 76.2744
161500 77.5509 76.2752
161600 77.174 76.2758
161700 77.0319 76.2762
161800 76.594 76.2764
161900 77.5521 76.2772
162000 77.6599 76.2781
162100 77.6226 76.2789
162200 77.6138 76.2797
162300 77.3432 76.2804
162400 77.4198 76.2811
162500 77.4344 76.2818
162600 77.8074 76.2827
162700 78.0506 76.2838
162800 78.169 76.285
162900 77.946 76.286
163000 77.8753 76.287
163100 78.1038 76.2881
163200 77.7664 76.289
163300 77.221 76.2896
163400 77.9682 76.2906
163500 78.1517 76.2917
163600 77.6265 76.2926
163700 77.7918 76.2935
163800 77.7054 76.2943
163900 77.9427 76.2953
164000 78.117 76.2964
164100 77.8624 76.2974
164200 77.9969 76.2984
164300 77.042 76.2989
164400 76.9714 76.2993
164500 77.8103 76.3002
164600 77.0926 76.3007
164700 76.9241 76.3011
164800 77.5962 76.3019
164900 77.6144 76.3027
165000 76.6647 76.3029
165100 76.177 76.3028
165200 75.8523 76.3025
165300 75.3314 76.3019
165400 76.1806 76.3019
165500 75.9878 76.3017
165600 75.809 76.3014
165700 75.6046 76.301
165800 75.3698 76.3004
165900 75.842 76.3001
166000 76.2447 76.3001
166100 76.4238 76.3002
166200 76.766 76.3004
166300 76.2678 76.3004
166400 76.4746 76.3005
166500 76.5011 76.3006
166600 76.5803 76.3008
166700 76.2514 76.3008
166800 76.7375 76.301
166900 77.1492 76.3016
167000 77.3581 76.3022
167100 76.3881 76.3022
167200 76.8757 76.3026
167300 76.8796 76.3029
167400 76.9178 76.3033
167500 76.6474 76.3035
167600 76.9176 76.3039
167700 77.7745 76.3047
167800 77.9192 76.3057
167900 77.9402 76.3067
168000 78.0704 76.3077
168100 77.4189 76.3084
168200 77.3527 76.309
168300 77.0683 76.3095
168400 77.5003 76.3102
168500 78.2546 76.3113
168600 78.5084 76.3126
168700 77.7006 76.3135
168800 77.0665 76.3139
168900 77.406 76.3145
169000 77.4595 76.3152
169100 77.3229 76.3158
169200 76.8519 76.3161
169300 76.7783 76.3164
169400 77.2469 76.317
169500 76.823 76.3173
169600 76.8149 76.3175
169700 76.4385 76.3176
169800 76.6429 76.3178
169900 76.902 76.3182
170000 77.4571 76.3188
170100 77.0096 76.3192
170200 77.2226 76.3198
170300 77.2343 76.3203
170400 77.3579 76.3209
170500 76.6818 76.3211
170600 75.9933 76.3209
170700 75.792 76.3206
170800 75.986 76.3204
170900 76.5164 76.3205
171000 76.3683 76.3206
171100 77.2617 76.3211
171200 77.0822 76.3216
171300 76.8185 76.3218
171400 76.5698 76.322
171500 76.4752 76.3221
171600 76.9846 76.3225
171700 77.2732 76.323
171800 76.4556 76.3231
171900 77.4438 76.3238
172000 76.5049 76.3239
172100 76.8275 76.3241
172200 77.401 76.3248
172300 75.901 76.3245
172400 77.2479 76.3251
172500 77.8874 76.326
172600 78.2685 76.3271
172700 78.1416 76.3281
172800 77.6321 76.3289
172900 77.193 76.3294
173000 76.1828 76.3293
173100 76.5642 76.3295
173200 77.6666 76.3302
173300 77.4863 76.3309
173400 77.1035 76.3313
173500 76.885 76.3317
173600 77.1776 76.3321
173700 77.1097 76.3326
173800 76.4917 76.3327
173900 76.6391 76.3329
174000 76.6411 76.333
174100 77.5241 76.3337
174200 78.246 76.3348
174300 78.5716 76.3361
174400 78.3962 76.3373
174500 78.9227 76.3388
174600 78.6543 76.3401
174700 78.2713 76.3412
174800 78.1651 76.3422
174900 78.4627 76.3434
175000 78.603 76.3447
175100 78.9093 76.3462
175200 78.359 76.3474
175300 78.1531 76.3484
175400 78.1941 76.3494
175500 78.0935 76.3504
175600 78.3378 76.3516
175700 77.9979 76.3525
175800 77.9726 76.3534
175900 78.4415 76.3546
176000 78.5316 76.3558
176100 77.8937 76.3567
176200 78.0635 76.3577
176300 78.0207 76.3586
176400 78.586 76.3599
176500 79.3177 76.3616
176600 78.3897 76.3627
176700 78.2608 76.3638
176800 77.2907 76.3643
176900 78.2546 76.3654
177000 77.797 76.3662
177100 78.1206 76.3672
177200 78.5841 76.3684
177300 78.1875 76.3695
177400 78.4287 76.3706
177500 77.7333 76.3714
177600 77.8169 76.3722
177700 77.7609 76.373
177800 77.5935 76.3737
177900 77.0661 76.3741
178000 77.2632 76.3746
178100 77.5099 76.3752
178200 77.3648 76.3758
178300 78.1262 76.3767
178400 77.8124 76.3775
178500 77.7112 76.3783
178600 77.4006 76.3789
178700 77.5534 76.3795
178800 76.7431 76.3797
178900 77.193 76.3802
179000 77.0229 76.3805
179100 77.5817 76.3812
179200 77.7235 76.382
179300 78.8092 76.3833
179400 78.7057 76.3846
179500 78.6443 76.3859
179600 78.7159 76.3872
179700 78.2509 76.3882
179800 78.3411 76.3893
179900 77.8803 76.3901
180000 77.577 76.3908
180100 78.0282 76.3917
180200 77.5501 76.3923
180300 78.0486 76.3932
180400 78.1836 76.3942
180500 78.0322 76.3951
180600 77.4375 76.3957
180700 77.9696 76.3966
180800 77.7477 76.3973
180900 76.2799 76.3973
181000 76.4092 76.3973
181100 76.5028 76.3973
181200 76.7847 76.3975
181300 77.1505 76.398
181400 77.71 76.3987
181500 77.3493 76.3992
181600 78.0504 76.4001
181700 77.2309 76.4006
181800 78.0477 76.4015
181900 77.8986 76.4023
182000 77.4817 76.4029
182100 76.7717 76.4031
182200 76.6647 76.4032
182300 76.8584 76.4035
182400 77.3294 76.404
182500 77.2968 76.4045
182600 77.5502 76.4051
182700 76.923 76.4054
182800 77.0579 76.4058
182900 76.7639 76.406
183000 76.6638 76.4061
183100 76.8218 76.4063
183200 76.0392 76.4061
183300 76.1355 76.406
183400 76.0107 76.4058
183500 75.917 76.4055
183600 76.2443 76.4054
183700 76.4386 76.4054
183800 77.04 76.4058
183900 76.2238 76.4057
184000 77.0575 76.406
184100 77.3101 76.4065
184200 77.2846 76.407
184300 76.8172 76.4072
184400 76.4602 76.4072
184500 76.909 76.4075
184600 77.3445 76.408
184700 77.9381 76.4089
184800 77.7735 76.4096
184900 77.3945 76.4101
185000 77.2057 76.4106
185100 76.8974 76.4108
185200 76.9781 76.4111
185300 77.6319 76.4118
185400 77.9824 76.4126
185500 78.0112 76.4135
185600 77.5835 76.4141
185700 77.6489 76.4148
185800 77.4893 76.4154
185900 77.2381 76.4158
186000 76.9847 76.4161
186100 78.0036 76.417
186200 77.517 76.4176
186300 77.206 76.418
186400 77.3 76.4185
186500 77.2094 76.4189
186600 77.8483 76.4196
186700 77.5964 76.4203
186800 76.861 76.4205
186900 78.2571 76.4215
187000 77.7326 76.4222
187100 77.9788 76.423
187200 78.0775 76.4239
187300 78.5865 76.4251
187400 77.6288 76.4257
187500 77.4233 76.4262
187600 76.4047 76.4262
187700 75.8824 76.4259
187800 76.2137 76.4258
187900 77.055 76.4262
188000 77.3937 76.4267
188100 76.9777 76.427
188200 77.5743 76.4276
188300 76.8424 76.4278
188400 76.5461 76.4279
188500 78.0554 76.4287
188600 78.3331 76.4297
188700 78.7599 76.431
188800 78.3282 76.432
188900 78.096 76.4329
189000 77.752 76.4335
189100 78.465 76.4346
189200 77.8286 76.4354
189300 77.8342 76.4361
189400 77.8257 76.4368
189500 77.4611 76.4374
189600 77.9425 76.4382
189700 77.927 76.439
189800 77.9253 76.4397
189900 78.0704 76.4406
190000 78.0675 76.4415
190100 77.8987 76.4422
190200 77.4834 76.4428
190300 77.7177 76.4434
190400 77.5259 76.444
190500 77.9051 76.4448
190600 78.21 76.4457
190700 76.5871 76.4458
190800 77.3761 76.4463
190900 76.9274 76.4465
191000 77.2356 76.4469
191100 76.6598 76.447
191200 76.4252 76.447
191300 77.1235 76.4474
191400 76.048 76.4472
191500 75.4873 76.4467
191600 76.0935 76.4465
191700 76.1302 76.4463
191800 75.7252 76.4459
191900 75.4693 76.4454
192000 75.4855 76.4449
192100 76.8274 76.4451
192200 76.7521 76.4453
192300 76.241 76.4452
192400 76.4691 76.4452
192500 76.3111 76.4451
192600 76.2917 76.445
192700 75.7074 76.4447
192800 76.6503 76.4448
192900 76.6847 76.4449
193000 77.035 76.4452
193100 78.0368 76.446
193200 77.6235 76.4466
193300 77.6968 76.4473
193400 77.5154 76.4478
193500 77.1151 76.4482
193600 75.9876 76.4479
193700 76.2327 76.4478
193800 76.7023 76.448
193900 76.5571 76.448
194000 76.4424 76.448
194100 76.3462 76.448
194200 76.3394 76.4479
194300 75.7364 76.4475
194400 75.8756 76.4472
194500 75.8351 76.4469
194600 74.9939 76.4462
194700 75.3541 76.4456
194800 75.6056 76.4452
194900 76.2954 76.4451
195000 76.0661 76.4449
195100 76.0113 76.4447
195200 75.5215 76.4442
195300 74.6653 76.4433
195400 74.8482 76.4425
195500 75.0938 76.4418
195600 75.0851 76.4411
195700 75.3234 76.4405
195800 75.6896 76.4402
195900 76.8402 76.4404
196000 76.9161 76.4406
196100 77.4143 76.4411
196200 76.665 76.4412
196300 76.7442 76.4414
196400 76.2582 76.4413
196500 76.5538 76.4413
196600 77.0744 76.4417
196700 77.0244 76.442
196800 76.7653 76.4421
196900 77.6108 76.4427
197000 77.1742 76.4431
197100 77.1013 76.4434
197200 77.251 76.4438
197300 76.764 76.444
197400 76.6054 76.4441
197500 76.7448 76.4442
197600 76.491 76.4442
197700 77.0408 76.4446
197800 76.6486 76.4447
197900 76.481 76.4447
198000 75.4324 76.4442
198100 75.8135 76.4438
198200 75.319 76.4433
198300 75.7 76.4429
198400 76.11 76.4427
198500 76.5853 76.4428
198600 76.8298 76.443
198700 77.2806 76.4434
198800 77.8454 76.4441
198900 77.8881 76.4449
199000 76.8181 76.445
199100 77.3037 76.4455
199200 77.2058 76.4459
199300 76.8383 76.446
199400 77.0601 76.4464
199500 77.3977 76.4468
199600 76.8793 76.4471
199700 77.5838 76.4476
199800 77.4416 76.4481
199900 76.9664 76.4484
200000 76.4298 76.4484
200100 76.3623 76.4483
200200 76.7374 76.4485
200300 76.7853 76.4486
200400 77.8316 76.4493
200500 78.296 76.4502
200600 78.0028 76.451
200700 77.3341 76.4515
200800 77.7022 76.4521
200900 77.7859 76.4527
201000 78.614 76.4538
201100 78.7066 76.4549
201200 78.4226 76.4559
201300 78.9024 76.4571
201400 78.2601 76.458
201500 77.785 76.4587
201600 78.0508 76.4595
201700 78.4579 76.4605
201800 78.1699 76.4613
201900 77.1158 76.4616
202000 77.467 76.4621
202100 76.8601 76.4623
202200 77.8632 76.463
202300 78.2262 76.4639
202400 78.2432 76.4648
202500 78.3871 76.4657
202600 78.7905 76.4669
202700 78.7715 76.468
202800 78.0242 76.4688
202900 77.5419 76.4693
203000 77.9562 76.47
203100 77.888 76.4707
203200 77.8191 76.4714
203300 77.8886 76.4721
203400 77.4231 76.4726
203500 77.7664 76.4732
203600 77.4928 76.4737
203700 76.9279 76.4739
203800 77.5193 76.4744
203900 77.407 76.4749
204000 77.8742 76.4756
204100 77.6378 76.4762
204200 77.7965 76.4768
204300 77.9075 76.4775
204400 77.4403 76.478
204500 78.2024 76.4788
204600 78.3786 76.4797
204700 78.021 76.4805
204800 78.1737 76.4813
204900 79.4756 76.4828
205000 78.9208 76.484
205100 78.9075 76.4852
205200 77.8051 76.4858
205300 77.7307 76.4864
205400 77.6321 76.487
205500 77.3963 76.4874
205600 77.8069 76.488
205700 77.7226 76.4886
205800 78.4325 76.4896
205900 79.0622 76.4908
206000 78.5192 76.4918
206100 78.586 76.4928
206200 79.0091 76.4941
206300 79.3937 76.4955
206400 78.7872 76.4966
206500 78.8329 76.4977
206600 79.0085 76.4989
206700 77.7567 76.4995
206800 76.3823 76.4995
206900 77.3689 76.4999
207000 77.4521 76.5004
207100 77.5664 76.5009
207200 77.4375 76.5013
207300 76.9439 76.5015
207400 76.8412 76.5017
207500 76.9184 76.5019
207600 76.9914 76.5021
207700 76.7722 76.5023
207800 77.1245 76.5026
207900 76.6326 76.5026
208000 76.4618 76.5026
208100 77.1083 76.5029
208200 76.5698 76.5029
208300 77.4392 76.5034
208400 77.472 76.5038
208500 76.9689 76.5041
208600 76.7869 76.5042
208700 76.648 76.5043
208800 76.8771 76.5045
208900 76.5159 76.5045
209000 75.6056 76.504
209100 77.2592 76.5044
209200 77.1476 76.5047
209300 77.1105 76.505
209400 77.566 76.5055
209500 77.0865 76.5058
209600 76.8883 76.506
209700 76.4712 76.5059
209800 76.2966 76.5058
209900 76.2672 76.5057
210000 76.0879 76.5055
210100 76.1984 76.5054
210200 76.5931 76.5054
210300 76.3365 76.5053
210400 76.7598 76.5055
210500 76.9028 76.5057
210600 77.2144 76.506
210700 78.0023 76.5067
210800 77.2501 76.507
210900 78.2782 76.5079
211000 78.7962 76.509
211100 78.1814 76.5098
211200 79.5511 76.5112
211300 78.8284 76.5123
211400 78.5141 76.5132
211500 77.8566 76.5139
211600 78.1642 76.5147
211700 78.4365 76.5156
211800 78.3587 76.5164
211900 78.1883 76.5172
212000 77.8165 76.5178
212100 77.9115 76.5185
212200 78.3258 76.5194
212300 77.5855 76.5199
212400 77.3924 76.5203
212500 77.0837 76.5205
212600 77.9921 76.5212
212700 77.318 76.5216
212800 77.0997 76.5219
212900 76.2842 76.5218
213000 76.0615 76.5215
213100 76.2852 76.5214
213200 76.6367 76.5215
213300 76.7324 76.5216
213400 76.3249 76.5215
213500 76.4786 76.5215
213600 76.7695 76.5216
213700 77.2403 76.5219
213800 77.5918 76.5224
213900 77.6742 76.523
214000 77.7476 76.5235
214100 78.1653 76.5243
214200 77.9656 76.525
214300 78.3493 76.5258
214400 77.6639 76.5264
214500 77.0424 76.5266
214600 76.9076 76.5268
214700 76.6537 76.5268
214800 77.3441 76.5272
214900 77.4916 76.5277
215000 77.6202 76.5282
215100 77.5428 76.5286
215200 77.9464 76.5293
215300 77.4466 76.5297
215400 77.7639 76.5303
215500 77.2954 76.5307
215600 77.4788 76.5311
215700 77.5622 76.5316
215800 77.2677 76.5319
215900 76.898 76.5321
216000 76.3877 76.532
216100 76.5404 76.532
216200 77.0013 76.5322
216300 77.2869 76.5326
216400 77.1541 76.5329
216500 77.6157 76.5334
216600 77.4909 76.5338
216700 76.8418 76.534
216800 76.5283 76.534
216900 76.7225 76.534
217000 76.9054 76.5342
217100 76.6761 76.5343
217200 76.7823 76.5344
217300 77.0783 76.5346
217400 77.2811 76.535
217500 76.7912 76.5351
217600 77.0667 76.5354
217700 77.4533 76.5358
217800 76.8004 76.5359
217900 76.7412 76.536
218000 77.1415 76.5363
218100 77.1022 76.5365
218200 76.2926 76.5364
218300 77.3227 76.5368
218400 77.1667 76.5371
218500 77.631 76.5376
218600 76.7661 76.5377
218700 76.8319 76.5378
218800 76.8911 76.538
218900 77.5333 76.5384
219000 77.3128 76.5388
219100 77.0878 76.539
219200 77.0192 76.5392
219300 77.0308 76.5395
219400 76.9157 76.5396
219500 76.7357 76.5397
219600 77.6415 76.5402
219700 77.3238 76.5406
219800 77.1867 76.5409
219900 76.6819 76.5409
220000 76.4267 76.5409
220100 76.5233 76.5409
220200 77.322 76.5412
220300 77.6174 76.5417
220400 77.4238 76.5421
220500 76.905 76.5423
220600 77.3388 76.5427
220700 76.9082 76.5428
220800 77.2535 76.5431
220900 76.6938 76.5432
221000 78.0897 76.5439
221100 77.5724 76.5444
221200 77.2568 76.5447
221300 77.0876 76.5449
221400 77.1762 76.5452
221500 77.2171 76.5455
221600 77.2186 76.5458
221700 77.0666 76.5461
221800 77.3666 76.5464
221900 77.7849 76.547
222000 78.5178 76.5479
222100 77.0395 76.5481
222200 77.3007 76.5484
222300 77.1848 76.5487
222400 77.5487 76.5492
222500 77.2808 76.5495
222600 77.5457 76.55
222700 77.563 76.5504
222800 77.9057 76.551
222900 77.2681 76.5513
223000 77.4948 76.5518
223100 77.2553 76.5521
223200 77.7496 76.5526
223300 77.3165 76.553
223400 77.5602 76.5534
223500 78.1372 76.5541
223600 77.858 76.5547
223700 78.7191 76.5557
223800 78.3559 76.5565
223900 78.4459 76.5573
224000 77.9772 76.5579
224100 78.1875 76.5587
224200 77.6147 76.5591
224300 78.054 76.5598
224400 78.8448 76.5608
224500 78.572 76.5617
224600 78.5431 76.5626
224700 78.0942 76.5633
224800 77.9638 76.5639
224900 78.7862 76.5649
225000 78.3942 76.5657
225100 78.2288 76.5665
225200 78.186 76.5672
225300 78.9764 76.5682
225400 79.038 76.5693
225500 78.8985 76.5704
225600 78.1669 76.5711
225700 78.6907 76.572
225800 78.1174 76.5727
225900 77.9255 76.5733
226000 78.0394 76.574
226100 78.1525 76.5746
226200 77.7019 76.5751
226300 77.5457 76.5756
226400 76.8512 76.5757
226500 76.4507 76.5756
226600 76.8014 76.5757
226700 77.0962 76.576
226800 77.0159 76.5762
226900 78.1789 76.5769
227000 77.0578 76.5771
227100 76.7678 76.5772
227200 76.8047 76.5773
227300 76.976 76.5774
227400 76.5321 76.5774
227500 76.3057 76.5773
227600 76.3345 76.5772
227700 76.1664 76.577
227800 76.8648 76.5771
227900 76.0137 76.5769
228000 76.9743 76.5771
228100 76.6176 76.5771
228200 76.8048 76.5772
228300 76.3309 76.5771
228400 76.635 76.5771
228500 76.4305 76.577
228600 76.2025 76.5769
228700 76.4795 76.5768
228800 76.8802 76.577
228900 76.7038 76.577
229000 76.546 76.577
229100 76.6616 76.577
229200 77.1158 76.5773
229300 77.4981 76.5777
229400 77.1862 76.5779
229500 77.4008 76.5783
229600 77.0745 76.5785
229700 76.6811 76.5786
229800 76.7492 76.5786
229900 76.677 76.5787
230000 77.0226 76.5789
230100 77.3517 76.5792
230200 78.3856 76.58
230300 77.5585 76.5804
230400 76.8727 76.5805
230500 77.5896 76.581
230600 76.6815 76.581
230700 76.6393 76.5811
230800 76.9316 76.5812
230900 77.1316 76.5814
231000 77.6297 76.5819
231100 78.1092 76.5826
231200 78.0101 76.5832
231300 77.862 76.5837
231400 77.4798 76.5841
231500 78.0666 76.5848
231600 78.2549 76.5855
231700 78.1015 76.5861
231800 78.1074 76.5868
231900 77.0123 76.587
232000 77.5044 76.5874
232100 77.645 76.5878
232200 77.6243 76.5883
232300 77.8322 76.5888
232400 77.9421 76.5894
232500 77.5974 76.5898
232600 76.9261 76.59
232700 77.2879 76.5903
232800 77.3198 76.5906
232900 77.5525 76.591
233000 77.5803 76.5914
233100 77.9167 76.592
233200 78.0432 76.5926
233300 78.7781 76.5935
233400 78.4844 76.5944
233500 78.4564 76.5952
233600 78.6274 76.596
233700 79.697 76.5974
233800 79.0103 76.5984
233900 78.5389 76.5992
234000 79.1373 76.6003
234100 79.1183 76.6014
234200 78.7091 76.6023
234300 78.0447 76.6029
234400 78.0544 76.6035
234500 77.6381 76.6039
234600 77.1782 76.6042
234700 77.6546 76.6046
234800 77.4083 76.605
234900 78.3015 76.6057
235000 77.8385 76.6062
235100 77.6207 76.6067
235200 77.4694 76.607
235300 76.8844 76.6071
235400 77.0911 76.6074
235500 77.3873 76.6077
235600 77.8893 76.6082
235700 77.5361 76.6086
235800 77.3963 76.609
235900 77.3248 76.6093
236000 77.0355 76.6094
236100 77.4547 76.6098
236200 77.5233 76.6102
236300 77.4282 76.6105
236400 77.8068 76.611
236500 78.0575 76.6116
236600 78.2466 76.6123
236700 77.3525 76.6127
236800 77.825 76.6132
236900 77.9844 76.6137
237000 77.5473 76.6141
237100 77.8989 76.6147
237200 78.354 76.6154
237300 78.2569 76.6161
237400 78.2511 76.6168
237500 77.5858 76.6172
237600 77.9503 76.6178
237700 78.3317 76.6185
237800 78.8893 76.6194
237900 78.2378 76.6201
238000 78.37 76.6209
238100 78.4931 76.6216
238200 78.149 76.6223
238300 77.8836 76.6228
238400 77.8791 76.6233
238500 77.7546 76.6238
238600 77.929 76.6244
238700 77.3917 76.6247
238800 77.5318 76.6251
238900 77.2225 76.6253
239000 77.5515 76.6257
239100 76.982 76.6258
239200 78.2194 76.6265
239300 77.375 76.6268
239400 77.5263 76.6272
239500 77.1942 76.6274
239600 77.7431 76.6279
239700 77.3077 76.6282
239800 77.9149 76.6287
239900 78.4679 76.6295
240000 78.3949 76.6302
240100 77.9302 76.6308
240200 78.4644 76.6315
240300 77.4484 76.6319
240400 77.0073 76.632
240500 77.4948 76.6324
240600 77.0434 76.6326
240700 76.9614 76.6327
240800 77.8537 76.6332
240900 77.7067 76.6336
241000 76.771 76.6337
241100 77.3151 76.634
241200 76.743 76.634
241300 76.7119 76.6341
241400 77.1439 76.6343
241500 77.9637 76.6348
241600 77.4258 76.6352
241700 77.0701 76.6353
241800 77.3993 76.6356
241900 77.3062 76.6359
242000 77.3316 76.6362
242100 77.1774 76.6364
242200 77.1609 76.6367
242300 77.665 76.6371
242400 77.7277 76.6375
242500 78.3444 76.6382
242600 78.1621 76.6389
242700 77.8156 76.6393
242800 77.6248 76.6397
242900 77.9526 76.6403
243000 78.1774 76.6409
243100 77.4031 76.6412
243200 77.5013 76.6416
243300 77.9259 76.6421
243400 76.8761 76.6422
243500 77.3121 76.6425
243600 77.5647 76.6429
243700 77.9458 76.6434
243800 76.9555 76.6435
243900 76.1776 76.6433
244000 76.8353 76.6434
244100 76.5454 76.6434
244200 76.3815 76.6433
244300 76.5302 76.6432
244400 75.9957 76.643
244500 75.9454 76.6427
244600 75.6626 76.6423
244700 76.8847 76.6424
244800 76.6641 76.6424
244900 76.3493 76.6423
245000 76.5097 76.6422
245100 77.2217 76.6424
245200 77.0568 76.6426
245300 77.2261 76.6428
245400 76.6443 76.6429
245500 76.7951 76.6429
245600 76.905 76.643
245700 77.5412 76.6434
245800 77.5644 76.6438
245900 77.2842 76.644
246000 76.705 76.644
246100 76.7205 76.6441
246200 76.5722 76.644
246300 76.2318 76.6439
246400 76.7313 76.6439
246500 77.5137 76.6443
246600 76.104 76.644
246700 76.9106 76.6442
246800 77.0934 76.6443
246900 76.988 76.6445
247000 77.228 76.6447
247100 77.3964 76.645
247200 75.9995 76.6448
247300 75.778 76.6444
247400 76.1504 76.6442
247500 76.603 76.6442
247600 76.5681 76.6442
247700 75.9109 76.6439
247800 76.375 76.6438
247900 76.5635 76.6437
248000 77.4903 76.6441
248100 77.3446 76.6443
248200 77.5965 76.6447
248300 77.4097 76.645
248400 76.8501 76.6451
248500 77.3171 76.6454
248600 77.0699 76.6456
248700 76.2531 76.6454
248800 76.1227 76.6452
248900 76.0627 76.645
249000 76.4154 76.6449
249100 76.2081 76.6447
249200 76.7093 76.6447
249300 76.4845 76.6447
249400 76.1375 76.6445
249500 75.9441 76.6442
249600 76.4183 76.6441
249700 76.2461 76.6439
249800 76.8767 76.644
249900 76.9233 76.6441
250000 76.3601 76.644
250100 76.4973 76.644
250200 76.3042 76.6438
250300 76.9997 76.644
250400 76.6265 76.644
250500 77.9396 76.6445
250600 78.1681 76.6451
250700 77.7156 76.6455
250800 77.356 76.6458
250900 76.249 76.6456
251000 76.6709 76.6456
251100 76.761 76.6457
251200 76.9954 76.6458
251300 77.2733 76.6461
251400 76.8904 76.6462
251500 76.8334 76.6462
251600 76.9404 76.6464
251700 77.5122 76.6467
251800 76.8748 76.6468
251900 77.1634 76.647
252000 77.5639 76.6474
252100 77.2904 76.6476
252200 77.257 76.6479
252300 77.768 76.6483
252400 77.5706 76.6487
252500 76.3266 76.6485
252600 76.012 76.6483
252700 76.8539 76.6484
252800 77.3495 76.6487
252900 77.556 76.649
253000 78.3451 76.6497
253100 78.1515 76.6503
253200 77.6184 76.6507
253300 77.586 76.651
253400 77.5861 76.6514
253500 77.4568 76.6517
253600 76.8361 76.6518
253700 76.506 76.6517
253800 76.8465 76.6518
253900 77.778 76.6522
254000 76.8268 76.6523
254100 76.6936 76.6523
254200 77.0481 76.6525
254300 77.4143 76.6528
254400 77.3944 76.6531
254500 76.4962 76.653
254600 77.0803 76.6532
254700 77.1891 76.6534
254800 76.7574 76.6534
254900 76.4509 76.6534
255000 76.129 76.6532
255100 76.9798 76.6533
255200 77.5536 76.6536
255300 77.7132 76.654
255400 76.6101 76.654
255500 76.6236 76.654
255600 76.8385 76.6541
255700 77.018 76.6542
255800 77.3398 76.6545
255900 77.0041 76.6546
256000 76.7759 76.6547
256100 76.6918 76.6547
256200 76.4559 76.6546
256300 76.2878 76.6545
256400 76.3767 76.6544
256500 76.9578 76.6545
256600 76.895 76.6546
256700 78.0556 76.6551
256800 77.86 76.6556
256900 77.4699 76.6559
257000 77.792 76.6564
257100 76.7067 76.6564
257200 76.2757 76.6562
257300 76.6582 76.6562
257400 76.0354 76.656
257500 76.9999 76.6561
257600 76.6272 76.6561
257700 76.0664 76.6559
257800 77.1646 76.6561
257900 75.9176 76.6558
258000 75.7555 76.6554
258100 76.2195 76.6553
258200 76.2123 76.6551
258300 75.7915 76.6548
258400 76.2613 76.6546
258500 77.2858 76.6549
258600 77.37 76.6551
258700 77.887 76.6556
258800 78.0449 76.6561
258900 78.1792 76.6567
259000 77.7141 76.6571
259100 77.4371 76.6574
259200 77.2137 76.6577
259300 77.6151 76.658
259400 77.3277 76.6583
259500 77.0806 76.6585
259600 77.4972 76.6588
259700 77.0618 76.6589
259800 77.0691 76.6591
259900 77.2521 76.6593
260000 77.6857 76.6597
260100 77.2638 76.6599
260200 78.2594 76.6606
260300 77.9714 76.6611
260400 77.5878 76.6614
260500 77.2092 76.6616
260600 77.4127 76.6619
260700 76.9619 76.662
260800 77.2111 76.6622
260900 76.4785 76.6622
261000 76.4122 76.6621
261100 76.3171 76.6619
261200 76.4108 76.6618
261300 76.7879 76.6619
261400 77.5027 76.6622
261500 77.0663 76.6624
261600 77.3817 76.6626
261700 77.7899 76.6631
261800 77.3202 76.6633
261900 77.5617 76.6637
262000 76.9801 76.6638
262100 76.8294 76.6639
262200 77.3409 76.6641
262300 76.9791 76.6642
262400 76.9335 76.6643
262500 77.0979 76.6645
262600 77.6774 76.6649
262700 77.503 76.6652
262800 78.1641 76.6658
262900 78.4962 76.6665
263000 78.0661 76.667
263100 77.7218 76.6674
263200 77.5007 76.6677
263300 78.1582 76.6683
263400 77.6539 76.6687
263500 76.5361 76.6686
263600 76.6706 76.6686
263700 77.4879 76.6689
263800 77.0834 76.6691
263900 78.0642 76.6696
264000 77.4627 76.6699
264100 77.5313 76.6702
264200 78.3994 76.6709
264300 77.7292 76.6713
264400 77.955 76.6718
264500 77.821 76.6722
264600 77.9797 76.6727
264700 78.0179 76.6732
264800 78.1916 76.6738
264900 78.6298 76.6745
265000 78.2879 76.6751
265100 78.8446 76.676
265200 78.5836 76.6767
265300 78.6146 76.6774
265400 77.789 76.6778
265500 77.5067 76.6781
265600 77.591 76.6785
265700 77.5707 76.6788
265800 77.3082 76.679
265900 77.4637 76.6793
266000 78.1724 76.6799
266100 77.7594 76.6803
266200 77.4194 76.6806
266300 77.1867 76.6808
266400 77.4063 76.6811
266500 77.2086 76.6812
266600 77.3403 76.6815
266700 77.6273 76.6819
266800 77.7926 76.6823
266900 77.9111 76.6827
267000 77.0467 76.6829
267100 77.743 76.6833
267200 77.2512 76.6835
267300 77.3572 76.6837
267400 77.0248 76.6839
267500 78.1592 76.6844
267600 78.1877 76.685
267700 77.8295 76.6854
267800 77.0333 76.6855
267900 77.8494 76.686
268000 77.2122 76.6862
268100 77.9329 76.6866
268200 78.3171 76.6872
268300 77.7701 76.6876
268400 77.8358 76.6881
268500 77.2184 76.6883
268600 77.2358 76.6885
268700 77.731 76.6888
268800 77.1723 76.689
268900 76.8759 76.6891
269000 77.6912 76.6895
269100 78.3028 76.6901
269200 78.0516 76.6906
269300 77.6903 76.6909
269400 77.4867 76.6912
269500 77.9384 76.6917
269600 77.8157 76.6921
269700 78.0632 76.6926
269800 77.279 76.6928
269900 77.508 76.6932
270000 77.9976 76.6936
270100 78.5711 76.6943
270200 78.4363 76.695
270300 77.9931 76.6955
270400 78.6942 76.6962
270500 78.4549 76.6968
270600 79.4699 76.6979
270700 78.9964 76.6987
270800 78.8996 76.6995
270900 79.2272 76.7005
271000 78.2682 76.701
271100 78.4689 76.7017
271200 77.9956 76.7022
271300 78.5954 76.7029
271400 78.1162 76.7034
271500 78.3965 76.704
271600 78.3306 76.7046
271700 78.1937 76.7052
271800 78.1546 76.7057
271900 77.948 76.7061
272000 77.9763 76.7066
272100 78.8275 76.7074
272200 79.1676 76.7083
272300 78.9096 76.7091
272400 78.3736 76.7097
272500 78.4949 76.7104
272600 78.2818 76.711
272700 79.0329 76.7118
272800 78.0238 76.7123
272900 78.0583 76.7128
273000 78.2274 76.7133
273100 77.2765 76.7135
273200 76.7963 76.7136
273300 76.721 76.7136
273400 76.7767 76.7136
273500 77.1185 76.7137
273600 77.6217 76.7141
273700 77.0353 76.7142
273800 77.3494 76.7144
273900 77.2258 76.7146
274000 77.8103 76.715
274100 76.1405 76.7148
274200 77.0732 76.7149
274300 76.5498 76.7149
274400 75.6088 76.7145
274500 75.9024 76.7142
274600 75.2786 76.7136
274700 76.6817 76.7136
274800 77.151 76.7138
274900 76.9443 76.7139
275000 77.5211 76.7142
275100 77.4336 76.7144
275200 76.9677 76.7145
275300 76.9697 76.7146
275400 77.0938 76.7148
275500 77.6087 76.7151
275600 77.4239 76.7153
275700 77.208 76.7155
275800 77.5589 76.7158
275900 77.8417 76.7162
276000 77.3946 76.7165
276100 77.2699 76.7167
276200 77.6922 76.717
276300 77.017 76.7171
276400 77.5366 76.7174
276500 77.2556 76.7176
276600 77.5536 76.7179
276700 77.2809 76.7181
276800 78.066 76.7186
276900 78.3249 76.7192
277000 78.3676 76.7198
277100 77.3047 76.72
277200 78.5175 76.7207
277300 78.4192 76.7213
277400 77.6599 76.7216
277500 77.8684 76.722
277600 77.3804 76.7223
277700 77.4169 76.7225
277800 78.8998 76.7233
277900 78.5514 76.724
278000 78.6034 76.7246
278100 78.6267 76.7253
278200 78.6978 76.726
278300 78.4011 76.7266
278400 79.0458 76.7275
278500 78.639 76.7281
278600 78.6955 76.7288
278700 78.5578 76.7295
278800 79.1063 76.7304
278900 79.3072 76.7313
279000 79.2356 76.7322
279100 78.7083 76.7329
279200 78.9224 76.7337
279300 79.1362 76.7345
279400 79.0703 76.7354
279500 78.0886 76.7359
279600 78.37 76.7364
279700 78.3099 76.737
279800 78.8546 76.7378
279900 77.6209 76.7381
280000 78.3552 76.7386
280100 78.2754 76.7392
280200 79.1556 76.7401
280300 79.649 76.7411
280400 79.0516 76.7419
280500 78.5744 76.7426
280600 78.1747 76.7431
280700 78.0501 76.7435
280800 78.0649 76.744
280900 77.8976 76.7444
281000 77.0964 76.7446
281100 77.5878 76.7449
281200 78.0891 76.7453
281300 77.8119 76.7457
281400 78.0674 76.7462
281500 78.6927 76.7469
281600 77.827 76.7473
281700 77.237 76.7474
281800 77.4792 76.7477
281900 77.5671 76.748
282000 77.118 76.7481
282100 76.9333 76.7482
282200 77.624 76.7485
282300 77.0735 76.7486
282400 76.7081 76.7486
282500 76.8747 76.7486
282600 76.4868 76.7485
282700 76.5786 76.7485
282800 76.5564 76.7484
282900 76.4595 76.7483
283000 76.3643 76.7482
283100 77.2401 76.7484
283200 76.583 76.7483
283300 77.0516 76.7484
283400 76.8128 76.7484
283500 76.8169 76.7484
283600 77.0377 76.7485
283700 76.5159 76.7485
283800 76.9669 76.7485
283900 76.2356 76.7484
284000 76.9006 76.7484
284100 76.8276 76.7484
284200 76.5414 76.7484
284300 76.0754 76.7481
284400 75.903 76.7478
284500 76.192 76.7476
284600 76.5067 76.7476
284700 76.8976 76.7476
284800 77.2168 76.7478
284900 77.4457 76.748
285000 76.7864 76.748
285100 76.4789 76.7479
285200 76.5886 76.7479
285300 76.3419 76.7477
285400 76.5911 76.7477
285500 76.6823 76.7477
285600 76.9157 76.7477
285700 76.4587 76.7476
285800 76.7646 76.7476
285900 77.7706 76.748
286000 78.0495 76.7484
286100 77.7438 76.7488
286200 77.1344 76.7489
286300 77.4186 76.7492
286400 76.7327 76.7491
286500 76.3057 76.749
286600 76.7759 76.749
286700 77.109 76.7491
286800 77.4096 76.7494
286900 76.824 76.7494
287000 76.5207 76.7493
287100 77.0686 76.7494
287200 76.5289 76.7493
287300 76.6153 76.7493
287400 76.1593 76.7491
287500 76.7185 76.7491
287600 76.4133 76.749
287700 76.1546 76.7488
287800 76.6882 76.7487
287900 76.7352 76.7487
288000 77.2694 76.7489
288100 76.8515 76.7489
288200 77.2283 76.7491
288300 77.3713 76.7493
288400 77.5782 76.7496
288500 77.8393 76.75
288600 77.8472 76.7504
288700 77.8194 76.7507
288800 77.3487 76.751
288900 76.3692 76.7508
289000 76.8862 76.7509
289100 76.4992 76.7508
289200 76.8395 76.7508
289300 76.3957 76.7507
289400 77.4461 76.7509
289500 76.8689 76.751
289600 77.0885 76.7511
289700 76.5867 76.751
289800 76.7329 76.751
289900 76.6514 76.751
290000 76.4121 76.7509
290100 77.0279 76.751
290200 76.5368 76.7509
290300 75.6208 76.7505
290400 76.0115 76.7502
290500 76.0002 76.75
290600 75.7174 76.7496
290700 75.9964 76.7494
290800 75.7874 76.749
290900 76.7671 76.749
291000 77.1027 76.7492
291100 77.1633 76.7493
291200 77.2936 76.7495
291300 77.4111 76.7497
291400 77.4274 76.75
291500 77.1286 76.7501
291600 77.6518 76.7504
291700 77.4277 76.7506
291800 77.5972 76.7509
291900 77.4361 76.7512
292000 77.1229 76.7513
292100 76.6332 76.7512
292200 77.2578 76.7514
292300 77.3248 76.7516
292400 77.0671 76.7517
292500 77.2792 76.7519
292600 77.4341 76.7521
292700 77.3915 76.7524
292800 77.5849 76.7526
292900 77.7336 76.753
293000 77.7319 76.7533
293100 78.271 76.7538
293200 78.0939 76.7543
293300 78.9797 76.755
293400 78.3123 76.7556
293500 78.6531 76.7562
293600 78.7922 76.7569
293700 78.4626 76.7575
293800 77.8229 76.7579
293900 77.5293 76.7581
294000 77.5855 76.7584
294100 77.5533 76.7587
294200 77.5296 76.7589
294300 77.191 76.7591
294400 77.391 76.7593
294500 76.9588 76.7594
294600 77.2513 76.7595
294700 77.6205 76.7598
294800 77.1754 76.76
294900 76.6382 76.7599
295000 77.4459 76.7602
295100 77.3416 76.7603
295200 77.1154 76.7605
295300 77.4189 76.7607
295400 77.2363 76.7609
295500 76.8868 76.7609
295600 77.152 76.761
295700 77.4769 76.7613
295800 77.1629 76.7614
295900 77.8237 76.7618
296000 77.7054 76.7621
296100 77.9883 76.7625
296200 77.6209 76.7628
296300 77.6429 76.7631
296400 77.7352 76.7634
296500 77.1351 76.7635
296600 76.736 76.7635
296700 77.2408 76.7637
296800 78.0432 76.7641
296900 78.1207 76.7646
297000 78.485 76.7652
297100 78.2872 76.7657
297200 79.0425 76.7664
297300 78.4467 76.767
297400 77.8727 76.7674
297500 77.5754 76.7676
297600 76.9777 76.7677
297700 77.0724 76.7678
297800 76.9693 76.7679
297900 78.0709 76.7683
298000 78.0776 76.7688
298100 78.2015 76.7692
298200 77.8722 76.7696
298300 77.6235 76.7699
298400 77.618 76.7702
298500 76.6446 76.7701
298600 77.0328 76.7702
298700 77.3706 76.7704
298800 77.962 76.7708
298900 77.7161 76.7711
299000 76.8367 76.7712
299100 76.5247 76.7711
299200 77.1267 76.7712
299300 77.1754 76.7713
299400 77.8652 76.7717
299500 77.7875 76.772
299600 77.1485 76.7722
299700 77.7051 76.7725
299800 76.9057 76.7725
299900 76.9846 76.7726
300000 77.5746 76.7729
300100 77.3058 76.773
300200 76.7381 76.773
300300 76.6794 76.773
300400 77.1521 76.7731
300500 77.6844 76.7734
300600 77.5064 76.7737
300700 77.1536 76.7738
300800 76.8752 76.7738
300900 76.9993 76.7739
301000 77.0208 76.774
301100 77.1459 76.7741
301200 77.4822 76.7743
301300 77.7481 76.7747
301400 77.8232 76.775
301500 77.5077 76.7753
301600 77.3134 76.7754
301700 77.3275 76.7756
301800 77.182 76.7758
301900 77.321 76.7759
302000 77.3075 76.7761
302100 77.9589 76.7765
302200 77.9123 76.7769
302300 77.2366 76.777
302400 77.4906 76.7773
302500 77.2573 76.7774
302600 77.3737 76.7776
302700 78.1207 76.7781
302800 78.0444 76.7785
302900 78.3434 76.779
303000 78.8256 76.7797
303100 78.4612 76.7802
303200 77.668 76.7805
303300 77.9484 76.7809
303400 77.6978 76.7812
303500 76.9239 76.7813
303600 77.9473 76.7816
303700 77.3694 76.7818
303800 77.596 76.7821
303900 77.1534 76.7822
304000 77.7362 76.7825
304100 76.6682 76.7825
304200 77.5137 76.7827
304300 77.4881 76.783
304400 77.2164 76.7831
304500 77.1426 76.7832
304600 76.6307 76.7832
304700 76.8194 76.7832
304800 76.6139 76.7831
304900 77.1497 76.7833
305000 77.2463 76.7834
305100 77.4679 76.7836
305200 77.3483 76.7838
305300 76.9964 76.7839
305400 77.1874 76.784
305500 77.1893 76.7842
305600 75.9986 76.7839
305700 76.7813 76.7839
305800 77.1708 76.784
305900 76.8376 76.784
306000 77.231 76.7842
306100 77.0828 76.7843
306200 77.0313 76.7844
306300 76.9276 76.7844
306400 77.4312 76.7846
306500 77.6126 76.7849
306600 78.1711 76.7853
306700 78.3637 76.7859
306800 77.6497 76.7861
306900 77.6825 76.7864
307000 77.6823 76.7867
307100 77.4847 76.787
307200 77.1077 76.7871
307300 76.4214 76.7869
307400 77.1565 76.7871
307500 78.3491 76.7876
307600 77.7431 76.7879
307700 77.9427 76.7883
307800 77.5883 76.7885
307900 77.3744 76.7887
308000 77.0477 76.7888
308100 77.485 76.789
308200 77.1846 76.7891
308300 77.4237 76.7893
308400 77.9974 76.7897
308500 77.2725 76.7899
308600 77.7826 76.7902
308700 77.6639 76.7905
308800 78.5043 76.7911
308900 77.7571 76.7914
309000 77.7612 76.7917
309100 78.5091 76.7922
309200 78.9326 76.7929
309300 77.4916 76.7932
309400 77.9541 76.7935
309500 78.5991 76.7941
309600 79.0814 76.7949
309700 78.3542 76.7954
309800 77.8311 76.7957
309900 77.6634 76.796
310000 78.0504 76.7964
310100 78.0779 76.7968
310200 77.9535 76.7972
310300 78.8749 76.7978
310400 78.9058 76.7985
310500 78.079 76.7989
310600 78.3192 76.7994
310700 78.3848 76.7999
310800 77.7182 76.8002
310900 78.4351 76.8007
311000 78.5021 76.8013
311100 78.2374 76.8018
311200 78.2416 76.8022
311300 78.4456 76.8027
311400 77.6961 76.803
311500 77.689 76.8033
311600 78.2973 76.8038
311700 77.7353 76.8041
311800 77.4568 76.8043
311900 77.4215 76.8045
312000 78.1018 76.8049
312100 77.6174 76.8052
312200 77.3369 76.8053
312300 77.6274 76.8056
312400 77.5623 76.8059
312500 76.8086 76.8059
312600 77.6421 76.8061
312700 76.8482 76.8061
312800 77.3186 76.8063
312900 77.3693 76.8065
313000 76.8685 76.8065
313100 77.579 76.8067
313200 77.5617 76.807
313300 78.1121 76.8074
313400 78.1557 76.8078
313500 77.9505 76.8082
313600 77.7123 76.8085
313700 77.1766 76.8086
313800 78.8773 76.8093
313900 77.4422 76.8095
314000 77.4601 76.8097
314100 78.3707 76.8102
314200 78.1859 76.8106
314300 78.4534 76.8111
314400 78.4007 76.8116
314500 77.8383 76.812
314600 78.341 76.8124
314700 77.1226 76.8125
314800 77.5357 76.8128
314900 76.9648 76.8128
315000 77.5644 76.8131
315100 77.9435 76.8134
315200 77.398 76.8136
315300 77.9731 76.814
315400 77.6292 76.8142
315500 76.8628 76.8142
315600 76.8943 76.8143
315700 75.8306 76.814
315800 75.6095 76.8136
315900 76.2752 76.8134
316000 75.9936 76.8131
316100 76.4656 76.813
316200 76.7715 76.813
316300 76.8373 76.813
316400 76.3879 76.8129
316500 76.0014 76.8126
316600 76.3306 76.8125
316700 76.7191 76.8125
316800 77.4997 76.8127
316900 77.5417 76.8129
317000 77.6172 76.8132
317100 77.2122 76.8133
317200 77.8206 76.8136
317300 77.5591 76.8138
317400 77.7396 76.8141
317500 78.2952 76.8146
317600 78.0633 76.815
317700 78.5237 76.8155
317800 77.9463 76.8159
317900 77.9598 76.8162
318000 77.6608 76.8165
318100 77.9854 76.8169
318200 78.5385 76.8174
318300 77.9384 76.8178
318400 78.3096 76.8182
318500 77.7609 76.8185
318600 77.8336 76.8189
318700 77.9601 76.8192
318800 77.7174 76.8195
318900 77.897 76.8198
319000 77.4507 76.82
319100 77.4601 76.8202
319200 77.621 76.8205
319300 77.9341 76.8208
319400 77.3691 76.821
319500 78.4334 76.8215
319600 77.7072 76.8218
319700 77.2101 76.8219
319800 76.5344 76.8218
319900 77.3444 76.822
320000 77.3518 76.8221
320100 77.4871 76.8224
320200 77.1348 76.8225
320300 77.2959 76.8226
320400 77.5528 76.8228
320500 78.1437 76.8232
320600 78.0813 76.8236
320700 77.3699 76.8238
320800 77.8351 76.8241
320900 77.7916 76.8244
321000 78.0882 76.8248
321100 77.4069 76.825
321200 77.7585 76.8253
321300 78.2526 76.8257
321400 78.26 76.8262
321500 79.177 76.8269
321600 78.3183 76.8274
321700 77.7043 76.8276
321800 78.1152 76.828
321900 77.7873 76.8283
322000 77.8509 76.8287
322100 78.124 76.8291
322200 78.1145 76.8295
322300 77.7427 76.8297
322400 77.5939 76.83
322500 77.4865 76.8302
322600 76.7637 76.8302
322700 76.4512 76.83
322800 76.3842 76.8299
322900 76.2163 76.8297
323000 76.2887 76.8295
323100 76.1531 76.8293
323200 76.8627 76.8293
323300 76.3637 76.8292
323400 76.4968 76.8291
323500 76.1543 76.8289
323600 76.6478 76.8288
323700 76.5794 76.8288
323800 75.8668 76.8285
323900 75.9246 76.8282
324000 76.1063 76.828
324100 76.9429 76.828
324200 76.3455 76.8278
324300 77.0938 76.8279
324400 77.2936 76.8281
324500 77.548 76.8283
324600 77.3036 76.8284
324700 77.3544 76.8286
324800 76.9119 76.8286
324900 76.6863 76.8286
325000 76.5773 76.8285
325100 77.3427 76.8287
325200 77.5359 76.8289
325300 77.3457 76.829
325400 77.8242 76.8293
325500 78.0787 76.8297
325600 77.9652 76.8301
325700 78.0001 76.8304
325800 78.0648 76.8308
325900 77.4731 76.831
326000 77.1933 76.8311
326100 77.9359 76.8315
326200 78.1917 76.8319
326300 77.9449 76.8322
326400 78.5197 76.8327
326500 78.4827 76.8332
326600 77.9516 76.8336
326700 78.0164 76.834
326800 78.2134 76.8344
326900 77.9638 76.8347
327000 77.8925 76.835
327100 77.3737 76.8352
327200 77.4112 76.8354
327300 77.2526 76.8355
327400 76.8085 76.8355
327500 76.7125 76.8355
327600 76.8003 76.8355
327700 76.9691 76.8355
327800 76.8849 76.8355
327900 77.1348 76.8356
328000 76.7127 76.8356
328100 76.7213 76.8355
328200 76.1444 76.8353
328300 75.8903 76.835
328400 75.3029 76.8346
328500 75.8589 76.8343
328600 75.7314 76.8339
328700 76.2108 76.8337
328800 76.2023 76.8335
328900 75.783 76.8332
329000 75.7307 76.8329
329100 75.4085 76.8325
329200 75.3768 76.832
329300 75.5418 76.8316
329400 75.2836 76.8312
329500 75.4856 76.8308
329600 75.8952 76.8305
329700 75.6093 76.8301
329800 76.4325 76.83
329900 76.8381 76.83
330000 77.5939 76.8302
330100 76.9359 76.8302
330200 77.3744 76.8304
330300 76.4466 76.8303
330400 76.3415 76.8301
330500 76.4396 76.83
330600 76.923 76.8301
330700 77.1497 76.8301
330800 76.8661 76.8302
330900 76.6366 76.8301
331000 76.9629 76.8301
331100 77.1289 76.8302
331200 77.3008 76.8304
331300 77.1607 76.8305
331400 76.873 76.8305
331500 77.0069 76.8305
331600 77.9238 76.8309
331700 77.1696 76.831
331800 77.736 76.8312
331900 77.9606 76.8316
332000 77.21 76.8317
332100 76.5379 76.8316
332200 76.8587 76.8316
332300 75.8321 76.8313
332400 75.7707 76.831
332500 75.6021 76.8306
332600 76.0701 76.8304
332700 76.8293 76.8304
332800 77.955 76.8307
332900 78.0775 76.8311
333000 77.4276 76.8313
333100 76.9901 76.8313
333200 76.9944 76.8314
333300 76.6853 76.8313
333400 76.997 76.8314
333500 76.9044 76.8314
333600 77.3966 76.8316
333700 77.6839 76.8318
333800 77.2254 76.832
333900 76.89 76.832
334000 77.443 76.8322
334100 77.1345 76.8322
334200 77.4187 76.8324
334300 77.9599 76.8328
334400 77.7682 76.833
334500 77.8569 76.8333
334600 78.1211 76.8337
334700 77.9151 76.8341
334800 77.856 76.8344
334900 77.2796 76.8345
335000 77.7774 76.8348
335100 77.6851 76.835
335200 77.9764 76.8354
335300 77.0079 76.8354
335400 77.1114 76.8355
335500 77.2292 76.8356
335600 77.2681 76.8357
335700 76.8612 76.8358
335800 76.643 76.8357
335900 77.4584 76.8359
336000 76.8627 76.8359
336100 77.4348 76.8361
336200 77.4525 76.8363
336300 77.3803 76.8364
336400 77.3353 76.8366
336500 77.1302 76.8367
336600 77.1455 76.8367
336700 78.386 76.8372
336800 77.6576 76.8374
336900 77.0211 76.8375
337000 77.7734 76.8378
337100 78.7021 76.8383
337200 77.5568 76.8385
337300 77.2686 76.8387
337400 77.1156 76.8388
337500 76.3432 76.8386
337600 76.9331 76.8386
337700 76.9111 76.8387
337800 76.824 76.8387
337900 77.1701 76.8388
338000 77.0682 76.8388
338100 76.5564 76.8387
338200 76.6005 76.8387
338300 77.1554 76.8388
338400 77.6224 76.839
338500 78.0403 76.8393
338600 77.4333 76.8395
338700 76.9101 76.8395
338800 76.7376 76.8395
338900 77.2508 76.8396
339000 76.8295 76.8396
339100 76.0804 76.8394
339200 76.0632 76.8392
339300 75.8757 76.8389
339400 76.4437 76.8388
339500 76.5096 76.8387
339600 76.4205 76.8386
339700 77.1841 76.8387
339800 76.0752 76.8384
339900 76.0395 76.8382
340000 76.2028 76.838
340100 75.4803 76.8376
340200 75.194 76.8371
340300 75.7047 76.8368
340400 75.5144 76.8364
340500 75.4464 76.836
340600 74.9266 76.8354
340700 75.9385 76.8352
340800 75.6657 76.8348
340900 75.8412 76.8345
341000 75.8526 76.8343
341100 77.1353 76.8343
341200 77.3903 76.8345
341300 77.2861 76.8346
341400 76.3651 76.8345
341500 76.2747 76.8343
341600 76.1707 76.8341
341700 75.672 76.8338
341800 75.9565 76.8335
341900 76.1132 76.8333
342000 76.2579 76.8332
342100 76.3009 76.833
342200 76.4358 76.8329
342300 76.6652 76.8328
342400 76.9854 76.8329
342500 77.3039 76.833
342600 77.8194 76.8333
342700 77.9642 76.8336
342800 77.7008 76.8339
342900 77.6273 76.8341
343000 76.8382 76.8341
343100 78.0197 76.8345
343200 77.6751 76.8347
343300 77.5754 76.8349
343400 77.0846 76.835
343500 78.1142 76.8354
343600 77.2217 76.8355
343700 77.3768 76.8357
343800 77.8022 76.8359
343900 77.3739 76.8361
344000 77.8777 76.8364
344100 76.7084 76.8364
344200 76.7241 76.8363
344300 76.7666 76.8363
344400 77.473 76.8365
344500 77.4118 76.8367
344600 77.4103 76.8368
344700 77.5765 76.837
344800 78.5407 76.8375
344900 77.9078 76.8378
345000 77.6761 76.8381
345100 77.6919 76.8383
345200 78.5035 76.8388
345300 77.6942 76.8391
345400 77.7708 76.8393
345500 78.3399 76.8398
345600 77.9926 76.8401
345700 77.9698 76.8404
345800 77.387 76.8406
345900 77.0134 76.8406
346000 76.3643 76.8405
346100 76.6297 76.8404
346200 76.5075 76.8403
346300 77.0541 76.8404
346400 77.6245 76.8406
346500 77.9664 76.841
346600 77.7661 76.8412
346700 77.2692 76.8413
346800 77.5648 76.8415
346900 77.2701 76.8417
347000 77.2417 76.8418
347100 77.2058 76.8419
347200 77.0521 76.842
347300 76.6188 76.8419
347400 76.1225 76.8417
347500 76.5611 76.8416
347600 76.3783 76.8415
347700 76.6619 76.8414
347800 77.1308 76.8415
347900 77.195 76.8416
348000 77.2077 76.8417
348100 78.0636 76.8421
348200 77.9708 76.8424
348300 77.8351 76.8427
348400 78.2104 76.8431
348500 77.456 76.8432
348600 77.1819 76.8433
348700 77.1327 76.8434
348800 76.5315 76.8433
348900 76.7578 76.8433
349000 77.0994 76.8434
349100 76.7175 76.8433
349200 76.7285 76.8433
349300 77.2677 76.8434
349400 77.6911 76.8437
349500 77.8325 76.844
349600 77.8271 76.8442
349700 76.8319 76.8442
349800 76.2542 76.8441
349900 75.8884 76.8438
350000 76.1914 76.8436
350100 75.7602 76.8433
350200 76.8478 76.8433
350300 76.6579 76.8432
350400 76.3019 76.8431
350500 76.3556 76.8429
350600 76.0975 76.8427
350700 76.3201 76.8426
350800 76.5423 76.8425
350900 76.6422 76.8424
351000 76.863 76.8424
351100 77.046 76.8425
351200 76.9554 76.8425
351300 76.8652 76.8425
351400 77.6228 76.8428
351500 76.1867 76.8426
351600 76.505 76.8425
351700 76.6666 76.8424
351800 77.1692 76.8425
351900 76.9442 76.8426
352000 76.8857 76.8426
352100 76.5899 76.8425
352200 76.3357 76.8424
352300 76.6974 76.8423
352400 77.317 76.8424
352500 77.403 76.8426
352600 77.7287 76.8429
352700 77.9011 76.8432
352800 77.1349 76.8432
352900 77.0621 76.8433
353000 76.8582 76.8433
353100 78.1536 76.8437
353200 77.9045 76.844
353300 77.8295 76.8443
353400 77.4446 76.8444
353500 77.4071 76.8446
353600 76.7886 76.8446
353700 76.0677 76.8444
353800 76.7773 76.8443
353900 76.727 76.8443
354000 76.7087 76.8443
354100 76.0545 76.844
354200 76.5822 76.844
354300 76.8793 76.844
354400 76.3923 76.8438
354500 75.8809 76.8436
354600 76.4171 76.8435
354700 75.6038 76.8431
354800 75.7892 76.8428
354900 76.9925 76.8428
355000 76.2044 76.8427
355100 77.4687 76.8428
355200 77.5817 76.8431
355300 76.4803 76.843
355400 76.0744 76.8427
355500 76.1731 76.8425
355600 76.8684 76.8426
355700 76.0115 76.8423
355800 76.7722 76.8423
355900 77.0434 76.8424
356000 76.4121 76.8422
356100 76.6466 76.8422
356200 75.9799 76.8419
356300 75.8927 76.8417
356400 76.4019 76.8416
356500 77.6156 76.8418
356600 77.4117 76.8419
356700 77.9538 76.8422
356800 77.7555 76.8425
356900 76.9208 76.8425
357000 77.0787 76.8426
357100 76.3761 76.8425
357200 75.8935 76.8422
357300 76.7235 76.8422
357400 76.4038 76.842
357500 76.6011 76.842
357600 76.4532 76.8419
357700 77.8033 76.8421
357800 77.0375 76.8422
357900 77.1926 76.8423
358000 76.5147 76.8422
358100 76.4341 76.8421
358200 76.0627 76.8419
358300 76.6231 76.8418
358400 76.4784 76.8417
358500 76.7877 76.8417
358600 76.9946 76.8417
358700 77.0065 76.8418
358800 76.9579 76.8418
358900 77.0411 76.8419
359000 77.4096 76.842
359100 77.8784 76.8423
359200 78.0228 76.8426
359300 77.7117 76.8429
359400 77.4867 76.843
359500 76.7919 76.843
359600 77.1951 76.8431
359700 77.1135 76.8432
359800 77.0889 76.8433
359900 77.452 76.8434
360000 77.1101 76.8435
360100 77.4408 76.8437
360200 77.9925 76.844
360300 77.3201 76.8441
360400 77.5662 76.8443
360500 76.9718 76.8444
360600 77.2595 76.8445
360700 77.2348 76.8446
360800 77.1829 76.8447
360900 77.4115 76.8448
361000 77.2497 76.845
361100 77.5681 76.8452
361200 77.1316 76.8452
361300 77.1297 76.8453
361400 77.4858 76.8455
361500 77.1767 76.8456
361600 77.6739 76.8458
361700 77.7123 76.8461
361800 78.187 76.8464
361900 78.5064 76.8469
362000 78.159 76.8472
362100 77.6704 76.8475
362200 77.4189 76.8476
362300 77.032 76.8477
362400 76.9014 76.8477
362500 77.3445 76.8478
362600 76.9277 76.8479
362700 76.7696 76.8478
362800 76.8598 76.8478
362900 77.4555 76.848
363000 76.8431 76.848
363100 77.0003 76.848
363200 76.9135 76.8481
363300 76.8749 76.8481
363400 77.3493 76.8482
363500 77.1093 76.8483
363600 76.7232 76.8482
363700 76.6957 76.8482
363800 78.0813 76.8485
363900 77.502 76.8487
364000 78.2277 76.8491
364100 78.0105 76.8494
364200 78.3268 76.8498
364300 78.7968 76.8504
364400 77.6227 76.8506
364500 77.261 76.8507
364600 77.433 76.8508
364700 77.9675 76.8512
364800 79.1055 76.8518
364900 78.1231 76.8521
365000 78.1043 76.8525
365100 78.1856 76.8528
365200 79.2916 76.8535
365300 79.206 76.8541
365400 79.3345 76.8548
365500 79.2411 76.8555
365600 78.9785 76.856
365700 79.6188 76.8568
365800 78.5925 76.8573
365900 79.1195 76.8579
366000 79.3624 76.8586
366100 78.4437 76.859
366200 78.8611 76.8596
366300 78.4494 76.86
366400 78.0199 76.8603
366500 77.4566 76.8605
366600 77.3468 76.8606
366700 77.6398 76.8608
366800 77.7496 76.8611
366900 77.7529 76.8613
367000 77.7625 76.8616
367100 78.944 76.8621
367200 77.8536 76.8624
367300 77.7676 76.8626
367400 78.0604 76.863
367500 77.3416 76.8631
367600 77.3955 76.8632
367700 77.8427 76.8635
367800 77.6667 76.8637
367900 78.0597 76.864
368000 78.4597 76.8645
368100 78.6257 76.865
368200 78.6868 76.8655
368300 78.4624 76.8659
368400 78.3001 76.8663
368500 77.6407 76.8665
368600 77.0423 76.8665
368700 77.2031 76.8666
368800 77.6205 76.8668
368900 77.8609 76.8671
369000 77.604 76.8673
369100 77.6572 76.8675
369200 77.7824 76.8678
369300 78.3717 76.8682
369400 77.953 76.8685
369500 77.648 76.8687
369600 78.3553 76.8691
369700 78.5945 76.8695
369800 77.9192 76.8698
369900 77.8867 76.8701
370000 77.4579 76.8703
370100 78.4069 76.8707
370200 77.6863 76.8709
370300 77.7835 76.8711
370400 78.2205 76.8715
370500 77.9935 76.8718
370600 78.1681 76.8722
370700 78.8283 76.8727
370800 78.2312 76.8731
370900 77.2942 76.8732
371000 77.3306 76.8733
371100 78.1156 76.8736
371200 78.096 76.874
371300 76.9888 76.874
371400 77.2017 76.8741
371500 77.0416 76.8741
371600 76.665 76.8741
371700 76.759 76.874
371800 76.0422 76.8738
371900 76.5408 76.8737
372000 76.2571 76.8735
372100 76.326 76.8734
372200 77.1414 76.8735
372300 76.5224 76.8734
372400 77.1892 76.8735
372500 78.3061 76.8738
372600 79.114 76.8745
372700 79.5534 76.8752
372800 78.7887 76.8757
372900 79.5005 76.8764
373000 79.2006 76.877
373100 79.1638 76.8776
373200 78.5077 76.8781
373300 78.5716 76.8785
373400 78.1518 76.8789
373500 78.6632 76.8793
373600 79.2225 76.88
373700 78.4087 76.8804
373800 78.081 76.8807
373900 77.5081 76.8809
374000 77.289 76.881
374100 77.6316 76.8812
374200 77.5564 76.8813
374300 78.0963 76.8817
374400 77.9063 76.8819
374500 77.7341 76.8822
374600 77.8806 76.8824
374700 77.7712 76.8827
374800 77.7763 76.8829
374900 78.0033 76.8832
375000 77.0005 76.8832
375100 77.1434 76.8833
375200 77.0254 76.8834
375300 77.1977 76.8834
375400 77.3604 76.8836
375500 76.8898 76.8836
375600 77.2824 76.8837
375700 76.9667 76.8837
375800 77.9598 76.884
375900 77.2614 76.8841
376000 77.0808 76.8841
376100 76.4939 76.884
376200 76.624 76.884
376300 76.7161 76.8839
376400 76.869 76.8839
376500 76.5683 76.8838
376600 77.8849 76.8841
376700 76.7971 76.8841
376800 76.9107 76.8841
376900 76.4734 76.884
377000 77.3094 76.8841
377100 76.8841 76.8841
377200 77.5374 76.8843
377300 78.3775 76.8847
377400 78.2219 76.885
377500 77.8768 76.8853
377600 77.3801 76.8854
377700 77.1833 76.8855
377800 76.5096 76.8854
377900 76.3222 76.8852
378000 75.795 76.8849
378100 76.3275 76.8848
378200 76.9185 76.8848
378300 76.8119 76.8848
378400 76.8196 76.8848
378500 76.5466 76.8847
378600 76.9795 76.8847
378700 76.8618 76.8847
378800 76.3379 76.8846
378900 76.9314 76.8846
379000 76.7371 76.8845
379100 76.8391 76.8845
379200 77.5934 76.8847
379300 76.8888 76.8847
379400 76.4113 76.8846
379500 76.1426 76.8844
379600 76.0898 76.8842
379700 76.1233 76.884
379800 76.1191 76.8838
379900 75.7464 76.8835
380000 76.0293 76.8832
380100 75.6657 76.8829
380200 76.2793 76.8828
380300 76.2042 76.8826
380400 76.3259 76.8824
380500 76.0888 76.8822
380600 76.4823 76.8821
380700 77.0917 76.8822
380800 77.0937 76.8822
380900 77.6215 76.8824
381000 76.8724 76.8824
381100 76.7599 76.8824
381200 77.2417 76.8825
381300 77.8109 76.8827
381400 77.6912 76.8829
381500 76.916 76.883
381600 76.6379 76.8829
381700 76.5282 76.8828
381800 76.8493 76.8828
381900 76.8935 76.8828
382000 76.5781 76.8827
382100 77.2544 76.8828
382200 77.2331 76.8829
382300 77.1603 76.883
382400 77.7973 76.8832
382500 77.3287 76.8833
382600 77.41 76.8835
382700 78.7414 76.884
382800 79.4367 76.8846
382900 78.7704 76.8851
383000 77.8893 76.8854
383100 78.166 76.8857
383200 78.3195 76.8861
383300 78.3224 76.8865
383400 78.5092 76.8869
383500 78.0975 76.8872
383600 77.5722 76.8874
383700 77.6914 76.8876
383800 77.9437 76.8879
383900 77.7593 76.8881
384000 77.9415 76.8884
384100 78.0088 76.8887
384200 77.0308 76.8887
384300 76.4784 76.8886
384400 76.4536 76.8885
384500 76.4937 76.8884
384600 76.8407 76.8884
384700 77.0673 76.8884
384800 77.2277 76.8885
384900 77.9184 76.8888
385000 78.5731 76.8892
385100 78.3845 76.8896
385200 78.0034 76.8899
385300 78.132 76.8902
385400 78.4065 76.8906
385500 78.3282 76.891
385600 76.8956 76.891
385700 77.0943 76.891
385800 77.6637 76.8912
385900 77.7505 76.8914
386000 77.3261 76.8915
386100 76.9751 76.8916
386200 77.622 76.8918
386300 77.1572 76.8918
386400 77.221 76.8919
386500 76.6517 76.8919
386600 76.4745 76.8917
386700 77.0937 76.8918
386800 77.9861 76.8921
386900 78.1666 76.8924
387000 78.1038 76.8927
387100 78.6317 76.8932
387200 78.8904 76.8937
387300 79.0377 76.8942
387400 79.875 76.895
387500 78.6903 76.8955
387600 78.9855 76.896
387700 79.8959 76.8968
387800 79.5653 76.8975
387900 79.5714 76.8982
388000 79.0116 76.8987
388100 79.6172 76.8994
388200 78.6731 76.8999
388300 78.5298 76.9003
388400 79.28 76.9009
388500 78.8299 76.9014
388600 78.5779 76.9018
388700 78.6935 76.9023
388800 77.9763 76.9026
388900 78.606 76.903
389000 78.86 76.9035
389100 78.8209 76.904
389200 77.972 76.9043
389300 78.2552 76.9046
389400 77.5353 76.9048
389500 78.3113 76.9051
389600 78.0681 76.9054
389700 78.2711 76.9058
389800 77.5542 76.906
389900 78.2761 76.9063
390000 78.2017 76.9066
390100 77.726 76.9069
390200 78.5359 76.9073
390300 78.7014 76.9077
390400 79.002 76.9083
390500 78.6961 76.9087
390600 78.3525 76.9091
390700 77.8478 76.9093
390800 77.8488 76.9096
390900 77.8123 76.9098
391000 77.9028 76.9101
391100 77.7475 76.9103
391200 77.2936 76.9104
391300 77.5507 76.9105
391400 78.0907 76.9108
391500 78.1623 76.9112
391600 78.4676 76.9116
391700 78.7247 76.912
391800 78.5341 76.9124
391900 78.7217 76.9129
392000 77.6517 76.9131
392100 77.6566 76.9133
392200 77.4446 76.9134
392300 77.1619 76.9135
392400 76.3251 76.9133
392500 76.6525 76.9133
392600 76.2513 76.9131
392700 75.3128 76.9127
392800 75.8378 76.9124
392900 75.5209 76.912
393000 76.0463 76.9118
393100 76.2253 76.9117
393200 75.8636 76.9114
393300 76.1344 76.9112
393400 76.2862 76.911
393500 75.8392 76.9108
393600 76.7153 76.9107
393700 76.1528 76.9105
393800 76.2178 76.9103
393900 76.5383 76.9102
394000 75.9578 76.91
394100 76.3531 76.9099
394200 77.261 76.91
394300 77.0829 76.91
394400 77.3314 76.9101
394500 77.2671 76.9102
394600 77.2724 76.9103
394700 77.8863 76.9105
394800 77.3128 76.9106
394900 77.103 76.9107
395000 76.3768 76.9105
395100 78.0348 76.9108
395200 76.8503 76.9108
395300 76.9055 76.9108
395400 77.1957 76.9109
395500 77.0069 76.9109
395600 76.8671 76.9109
395700 76.4351 76.9108
395800 76.1217 76.9106
395900 75.6434 76.9103
396000 76.1936 76.9101
396100 77.2642 76.9102
396200 77.5411 76.9103
396300 77.6064 76.9105
396400 77.2265 76.9106
396500 78.5815 76.911
396600 78.0972 76.9113
396700 77.6951 76.9115
396800 77.5521 76.9117
396900 77.8818 76.9119
397000 78.4159 76.9123
397100 77.3413 76.9124
397200 78.0098 76.9127
397300 77.6786 76.9129
397400 77.8402 76.9131
397500 78.2547 76.9134
397600 77.8429 76.9137
397700 78.0596 76.914
397800 77.9692 76.9142
397900 76.6906 76.9142
398000 76.2659 76.914
398100 75.593 76.9137
398200 76.7219 76.9136
398300 77.7421 76.9138
398400 76.7253 76.9138
398500 76.6724 76.9137
398600 76.1218 76.9135
398700 76.3914 76.9134
398800 75.9457 76.9131
398900 76.0678 76.9129
399000 76.4221 76.9128
399100 76.2281 76.9126
399200 76.9805 76.9127
399300 76.5023 76.9126
399400 76.6943 76.9125
399500 77.0737 76.9125
399600 77.4427 76.9127
399700 77.0271 76.9127
399800 77.219 76.9128
399900 77.3874 76.9129
400000 77.3041 76.913
