# z rho/M
-93.375 0
-92.875 0
-92.375 0
-91.875 0
-91.375 0
-90.875 0
-90.375 0
-89.875 0
-89.375 0
-88.875 0
-88.375 0
-87.875 0
-87.375 0
-86.875 0
-86.375 0
-85.875 0
-85.375 0
-84.875 0
-84.375 0
-83.875 0
-83.375 0
-82.875 0
-82.375 0
-81.875 0
-81.375 0
-80.875 0
-80.375 0
-79.875 0
-79.375 0
-78.875 0
-78.375 0
-77.875 0
-77.375 0
-76.875 0
-76.375 0
-75.875 0
-75.375 0
-74.875 0
-74.375 0
-73.875 0
-73.375 0
-72.875 0
-72.375 0
-71.875 0
-71.375 0
-70.875 0
-70.375 0
-69.875 0
-69.375 0
-68.875 0
-68.375 0
-67.875 0
-67.375 0
-66.875 0
-66.375 0
-65.875 0
-65.375 0
-64.875 0
-64.375 0
-63.875 0
-63.375 0
-62.875 0
-62.375 0
-61.875 0
-61.375 0
-60.875 0
-60.375 0
-59.875 0
-59.375 0
-58.875 0
-58.375 0
-57.875 0
-57.375 0
-56.875 0
-56.375 0
-55.875 0
-55.375 0
-54.875 0
-54.375 0
-53.875 0
-53.375 0
-52.875 0
-52.375 0
-51.875 0
-51.375 0
-50.875 0
-50.375 0
-49.875 0
-49.375 0
-48.875 0
-48.375 0
-47.875 0
-47.375 0
-46.875 0
-46.375 0
-45.875 0
-45.375 0
-44.875 0
-44.375 0
-43.875 0
-43.375 0
-42.875 0
-42.375 0
-41.875 0
-41.375 0
-40.875 0
-40.375 0
-39.875 0
-39.375 0
-38.875 0
-38.375 0
-37.875 0
-37.375 0
-36.875 0
-36.375 0
-35.875 0
-35.375 0
-34.875 0
-34.375 0
-33.875 0
-33.375 0
-32.875 0
-32.375 0
-31.875 0
-31.375 0
-30.875 0
-30.375 0.000588052
-29.875 0.000294026
-29.375 0.000294026
-28.875 0.000882079
-28.375 0.00235221
-27.875 0.00323429
-27.375 0.00441039
-26.875 0.0105849
-26.375 0.0141133
-25.875 0.0291086
-25.375 0.0379294
-24.875 0.0629216
-24.375 0.122903
-23.875 0.182002
-23.375 0.255509
-22.875 0.384586
-22.375 0.566589
-21.875 0.792401
-21.375 1.08319
-20.875 1.38604
-20.375 1.71476
-19.875 2.05965
-19.375 2.28899
-18.875 2.60742
-18.375 2.82736
-17.875 2.97996
-17.375 3.02112
-16.875 2.96437
-16.375 2.95643
-15.875 2.64359
-15.375 2.41778
-14.875 2.11081
-14.375 1.78503
-13.875 1.49218
-13.375 1.17228
-12.875 0.942648
-12.375 0.743886
-11.875 0.554827
-11.375 0.458387
-10.875 0.326369
-10.375 0.258743
-9.87497 0.212581
-9.37497 0.156716
-8.87497 0.118493
-8.37497 0.0887959
-7.87497 0.0655678
-7.37497 0.0476322
-6.87497 0.0349891
-6.37497 0.0296966
-5.87497 0.022346
-5.37497 0.0149953
-4.87497 0.010879
-4.37497 0.011467
-3.87497 0.00470442
-3.37497 0.00646858
-2.87497 0.00441039
-2.37497 0.00323429
-1.87497 0.000882079
-1.37497 0.00147013
-0.874971 0
-0.374971 0.000588052
0.125029 0.00176416
0.625029 0.0011761
1.12503 0.00205818
1.62503 0.00147013
2.12503 0.00323429
2.62503 0.0055865
3.12503 0.00411637
3.62503 0.00294026
4.12503 0.0067626
4.62503 0.00793871
5.12503 0.0123491
5.62503 0.0194057
6.12503 0.0238161
6.62503 0.0329309
7.12503 0.044692
7.62503 0.0629216
8.12503 0.0799751
8.62503 0.0879138
9.12503 0.112318
9.62503 0.136428
10.125 0.189353
10.625 0.251098
11.125 0.309904
11.625 0.404874
12.125 0.558944
12.625 0.710073
13.125 0.930887
13.625 1.15523
14.125 1.48072
14.625 1.81003
15.125 2.10729
15.625 2.38779
16.125 2.7171
16.625 2.90468
17.125 2.96643
17.625 3.03641
18.125 3.032
18.625 2.83177
19.125 2.61301
19.625 2.3969
20.125 2.0573
20.625 1.718
21.125 1.42015
21.625 1.06526
22.125 0.795635
22.625 0.547477
23.125 0.393113
23.625 0.250216
24.125 0.173181
24.625 0.0982048
25.125 0.0649798
25.625 0.0349891
26.125 0.0176416
26.625 0.0141133
27.125 0.0055865
27.625 0.00294026
28.125 0.00176416
28.625 0.000588052
29.125 0
29.625 0
30.125 0
30.625 0
31.125 0
31.625 0
32.125 0
32.625 0
33.125 0
33.625 0
34.125 0
34.625 0
35.125 0
35.625 0
36.125 0
36.625 0
37.125 0
37.625 0
38.125 0
38.625 0
39.125 0
39.625 0
40.125 0
40.625 0
41.125 0
41.625 0
42.125 0
42.625 0
43.125 0
43.625 0
44.125 0
44.625 0
45.125 0
45.625 0
46.125 0
46.625 0
47.125 0
47.625 0
48.125 0
48.625 0
49.125 0
49.625 0
50.125 0
50.625 0
51.125 0
51.625 0
52.125 0
52.625 0
53.125 0
53.625 0
54.125 0
54.625 0
55.125 0
55.625 0
56.125 0
56.625 0
57.125 0
57.625 0
58.125 0
58.625 0
59.125 0
59.625 0
60.125 0
60.625 0
61.125 0
61.625 0
62.125 0
62.625 0
63.125 0
63.625 0
64.125 0
64.625 0
65.125 0
65.625 0
66.125 0
66.625 0
67.125 0
67.625 0
68.125 0
68.625 0
69.125 0
69.625 0
70.125 0
70.625 0
71.125 0
71.625 0
72.125 0
72.625 0
73.125 0
73.625 0
74.125 0
74.625 0
75.125 0
75.625 0
76.125 0
76.625 0
77.125 0
77.625 0
78.125 0
78.625 0
79.125 0
79.625 0
80.125 0
80.625 0
81.125 0
81.625 0
82.125 0
82.625 0
83.125 0
83.625 0
84.125 0
84.625 0
85.125 0
85.625 0
86.125 0
86.625 0
87.125 0
87.625 0
88.125 0
88.625 0
89.125 0
89.625 0
90.125 0
90.625 0
91.125 0
91.625 0
92.125 0
92.625 0
93.125 0
