100 70.3365 70.3365
200 70.0676 70.202
300 69.504 69.9694
400 69.5582 69.8666
500 69.4288 69.779
600 69.9799 69.8125
700 69.7249 69.8
800 69.74 69.7925
900 69.6796 69.7799
1000 69.6384 69.7658
1100 70.0565 69.7922
1200 69.7298 69.787
1300 69.2778 69.7478
1400 70.0409 69.7688
1500 69.8958 69.7772
1600 69.2563 69.7447
1700 69.3649 69.7223
1800 69.5286 69.7116
1900 69.8516 69.719
2000 70.117 69.7389
2100 69.8518 69.7442
2200 69.6936 69.7419
2300 70.2852 69.7655
2400 70.212 69.7841
2500 69.8758 69.7878
2600 70.1518 69.8018
2700 70.2807 69.8195
2800 70.3227 69.8375
2900 70.7778 69.8699
3000 70.518 69.8915
3100 70.6011 69.9144
3200 70.1642 69.9222
3300 70.2413 69.9319
3400 70.3748 69.9449
3500 69.6444 69.9364
3600 69.7097 69.9301
3700 70.1919 69.9371
3800 70.1476 69.9427
3900 69.6433 69.935
4000 70.1297 69.9399
4100 69.9872 69.941
4200 70.0161 69.9428
4300 69.8218 69.94
4400 69.9705 69.9407
4500 69.7247 69.9359
4600 70.0517 69.9384
4700 69.8862 69.9373
4800 70.1133 69.941
4900 69.873 69.9396
5000 70.3887 69.9486
5100 70.1045 69.9516
5200 70.1532 69.9555
5300 70.2655 69.9613
5400 70.1845 69.9655
5500 70.5195 69.9755
5600 70.1266 69.9782
5700 69.539 69.9705
5800 69.9148 69.9696
5900 70.0784 69.9714
6000 69.8301 69.9691
6100 69.5501 69.9622
6200 69.4258 69.9535
6300 69.599 69.9479
6400 69.4717 69.9405
6500 69.4181 69.9324
6600 69.6982 69.9289
6700 70.0632 69.9309
6800 70.228 69.9353
6900 70.1403 69.9382
7000 69.3897 69.9304
7100 69.4467 69.9236
7200 69.6505 69.9198
7300 69.2389 69.9105
7400 69.6196 69.9065
7500 69.8569 69.9059
7600 70.7014 69.9163
7700 70.0603 69.9182
7800 69.6452 69.9147
7900 69.9863 69.9156
8000 70.2139 69.9193
8100 70.2414 69.9233
8200 69.9372 69.9235
8300 69.8498 69.9226
8400 69.6822 69.9197
8500 70.1681 69.9227
8600 69.631 69.9193
8700 69.5776 69.9153
8800 70.1187 69.9177
8900 70.2119 69.921
9000 70.1319 69.9233
9100 69.8144 69.9221
9200 69.4913 69.9174
9300 69.9419 69.9177
9400 69.9467 69.918
9500 69.837 69.9171
9600 69.7129 69.915
9700 69.6166 69.9119
9800 69.2085 69.9048
9900 69.689 69.9026
10000 70.0416 69.904
10100 69.5021 69.9
10200 69.7536 69.8986
10300 69.8876 69.8984
10400 69.9423 69.8989
10500 69.9841 69.8997
10600 70.2853 69.9033
10700 69.5641 69.9001
10800 69.7127 69.8984
10900 69.7789 69.8973
11000 69.3573 69.8924
11100 69.2637 69.8867
11200 69.2498 69.8811
11300 69.8539 69.8808
11400 69.8859 69.8809
11500 69.5862 69.8783
11600 70.0805 69.88
11700 70.2305 69.883
11800 70.2806 69.8864
11900 69.7844 69.8855
12000 69.8254 69.885
12100 69.6241 69.8829
12200 69.65 69.881
12300 69.4713 69.8777
12400 69.5707 69.8752
12500 70.1677 69.8775
12600 70.2993 69.8809
12700 69.7852 69.8801
12800 69.7038 69.8787
12900 69.3356 69.8745
13000 69.3629 69.8706
13100 69.1383 69.865
13200 69.3604 69.8612
13300 69.3 69.857
13400 69.6631 69.8555
13500 69.6053 69.8537
13600 69.7304 69.8527
13700 69.6666 69.8514
13800 69.5088 69.8489
13900 69.457 69.8461
14000 70.0396 69.8475
14100 69.6797 69.8463
14200 69.5542 69.8442
14300 69.592 69.8425
14400 69.9678 69.8433
14500 69.9255 69.8439
14600 70.1323 69.8459
14700 69.3194 69.8423
14800 69.5726 69.8405
14900 69.5713 69.8387
15000 69.4984 69.8364
15100 69.6572 69.8352
15200 69.6874 69.8342
15300 69.8191 69.8341
15400 69.8525 69.8343
15500 69.5838 69.8326
15600 70.0924 69.8343
15700 70.0136 69.8354
15800 69.6617 69.8343
15900 69.7987 69.8341
16000 69.5863 69.8326
16100 69.7886 69.8323
16200 70.0575 69.8337
16300 69.8488 69.8338
16400 70.0318 69.835
16500 69.8866 69.8353
16600 69.9463 69.836
16700 69.7824 69.8357
16800 69.4408 69.8333
16900 69.7297 69.8327
17000 69.9847 69.8336
17100 69.7937 69.8333
17200 69.7626 69.8329
17300 69.597 69.8316
17400 69.4755 69.8295
17500 69.6029 69.8282
17600 69.4663 69.8262
17700 69.7986 69.826
17800 70.1966 69.8281
17900 70.2605 69.8305
18000 70.2878 69.8331
18100 70.3431 69.8359
18200 70.0265 69.8369
18300 69.8265 69.8369
18400 69.3811 69.8344
18500 69.5685 69.833
18600 70.2133 69.835
18700 70.2809 69.8374
18800 69.8317 69.8374
18900 70.031 69.8384
19000 70.0272 69.8394
19100 69.8578 69.8395
19200 70.3524 69.8421
19300 69.5594 69.8407
19400 69.7613 69.8403
19500 69.4818 69.8384
19600 70.041 69.8395
19700 69.7992 69.8393
19800 69.7976 69.839
19900 69.8959 69.8393
20000 69.6703 69.8385
20100 70.2156 69.8404
20200 70.1606 69.8419
20300 69.8363 69.8419
20400 70.18 69.8436
20500 70.6107 69.8473
20600 69.8938 69.8475
20700 70.3739 69.8501
20800 70.2536 69.852
20900 70.542 69.8553
21000 70.313 69.8575
21100 70.3088 69.8596
21200 70.1358 69.8609
21300 70.3267 69.8631
21400 70.2829 69.8651
21500 70.2775 69.867
21600 70.603 69.8704
21700 70.2892 69.8724
21800 70.0872 69.8733
21900 69.9791 69.8738
22000 69.7041 69.873
22100 70.2506 69.8748
22200 70.0838 69.8757
22300 69.896 69.8758
22400 69.718 69.8751
22500 69.4197 69.8731
22600 69.6251 69.872
22700 69.7591 69.8715
22800 69.6892 69.8707
22900 69.2949 69.8682
23000 69.2955 69.8657
23100 69.3529 69.8634
23200 69.3138 69.8611
23300 69.6611 69.8602
23400 69.9308 69.8605
23500 69.6571 69.8597
23600 69.9549 69.8601
23700 69.9765 69.8605
23800 70.5641 69.8635
23900 70.3464 69.8655
24000 70.1166 69.8666
24100 69.9668 69.867
24200 69.8637 69.867
24300 69.732 69.8664
24400 69.6212 69.8654
24500 69.8141 69.8652
24600 69.6564 69.8644
24700 69.3459 69.8623
24800 69.6581 69.8614
24900 70.4128 69.8636
25000 70.2177 69.8651
25100 70.4585 69.8674
25200 70.0413 69.8681
25300 70.1891 69.8694
25400 69.5428 69.8681
25500 70.0171 69.8687
25600 70.0277 69.8693
25700 70.0529 69.87
25800 70.1872 69.8712
25900 70.1175 69.8722
26000 69.881 69.8722
26100 69.5667 69.8711
26200 69.8431 69.871
26300 69.4035 69.8692
26400 70.0459 69.8698
26500 70.2471 69.8713
26600 70.1804 69.8724
26700 70.2452 69.8738
26800 70.3484 69.8756
26900 70.7129 69.8787
27000 70.6784 69.8817
27100 70.4242 69.8837
27200 70.0944 69.8845
27300 69.8687 69.8844
27400 69.8115 69.8841
27500 69.8537 69.884
27600 69.8573 69.8839
27700 70.1971 69.8851
27800 70.1675 69.8861
27900 69.8277 69.8859
28000 69.8101 69.8856
28100 69.6369 69.8847
28200 69.2386 69.8824
28300 69.5262 69.8812
28400 69.8852 69.8812
28500 70.1375 69.8821
28600 70.0015 69.8825
28700 69.721 69.8819
28800 69.8922 69.882
28900 70.4633 69.884
29000 70.0961 69.8847
29100 69.8097 69.8844
29200 69.3807 69.8827
29300 69.7246 69.8822
29400 69.6221 69.8813
29500 69.8905 69.8813
29600 69.9959 69.8817
29700 69.7611 69.8813
29800 69.8139 69.8811
29900 69.6528 69.8803
30000 69.2759 69.8783
30100 69.3412 69.8765
30200 69.0561 69.8738
30300 69.4144 69.8723
30400 69.8998 69.8724
30500 69.7695 69.872
30600 69.7299 69.8716
30700 69.8459 69.8715
30800 70.2961 69.8729
30900 69.969 69.8732
31000 70.1141 69.874
31100 69.8699 69.8739
31200 70.4198 69.8757
31300 69.9616 69.876
31400 70.0073 69.8764
31500 69.6473 69.8757
31600 69.8559 69.8756
31700 69.7034 69.8751
31800 69.3188 69.8733
31900 69.8855 69.8733
32000 69.5882 69.8725
32100 69.4639 69.8712
32200 69.3982 69.8697
32300 69.8194 69.8696
32400 69.9046 69.8697
32500 69.9422 69.8699
32600 69.7732 69.8696
32700 69.3361 69.868
32800 68.8674 69.8649
32900 69.2301 69.863
33000 69.2614 69.8612
33100 68.8944 69.8582
33200 69.2383 69.8564
33300 69.2973 69.8547
33400 69.2394 69.8528
33500 69.9107 69.853
33600 70.005 69.8535
33700 69.9579 69.8538
33800 69.602 69.853
33900 69.6735 69.8525
34000 69.4751 69.8514
34100 70.0384 69.8519
34200 69.4272 69.8507
34300 69.9106 69.8509
34400 69.7718 69.8506
34500 70.3397 69.8521
34600 70.2063 69.8531
34700 69.7825 69.8529
34800 69.1827 69.851
34900 69.4433 69.8498
35000 69.6901 69.8493
35100 69.3527 69.8479
35200 69.5844 69.8472
35300 69.9303 69.8474
35400 70.2167 69.8484
35500 70.1527 69.8493
35600 69.85 69.8493
35700 70.1096 69.85
35800 69.8265 69.85
35900 69.3952 69.8487
36000 69.1572 69.8468
36100 68.7572 69.8438
36200 69.4875 69.8428
36300 69.6041 69.8421
36400 69.4686 69.8411
36500 69.8422 69.8411
36600 69.5927 69.8404
36700 69.9067 69.8406
36800 70.1844 69.8415
36900 70.3335 69.8429
37000 70.048 69.8434
37100 69.7431 69.8432
37200 69.8732 69.8432
37300 70.064 69.8438
37400 69.6978 69.8434
37500 69.8484 69.8435
37600 70.2254 69.8445
37700 69.7372 69.8442
37800 69.9078 69.8443
37900 69.8628 69.8444
38000 69.5928 69.8437
38100 69.9745 69.8441
38200 69.3484 69.8428
38300 69.4219 69.8417
38400 69.5695 69.841
38500 69.1718 69.8392
38600 69.8556 69.8393
38700 69.484 69.8384
38800 69.6089 69.8378
38900 69.4485 69.8368
39000 69.9576 69.8371
39100 70.2476 69.8381
39200 69.9186 69.8383
39300 69.6992 69.838
39400 69.8783 69.8381
39500 69.7399 69.8378
39600 69.9761 69.8382
39700 69.6137 69.8376
39800 69.6107 69.837
39900 69.9545 69.8373
40000 69.5698 69.8367
40100 69.1861 69.8351
40200 69.3321 69.8338
40300 68.988 69.8317
40400 69.452 69.8308
40500 69.3648 69.8296
40600 69.4692 69.8287
40700 69.5873 69.8281
40800 69.2236 69.8266
40900 69.4248 69.8257
41000 69.3041 69.8244
41100 69.6544 69.824
41200 69.7811 69.8239
41300 69.7883 69.8238
41400 69.3869 69.8227
41500 69.6711 69.8224
41600 69.7025 69.8221
41700 69.2966 69.8208
41800 69.4232 69.8199
41900 69.2351 69.8185
42000 69.155 69.8169
42100 69.556 69.8163
42200 69.4377 69.8154
42300 70.0479 69.8159
42400 70.2494 69.8169
42500 69.8504 69.817
42600 69.6861 69.8167
42700 69.4487 69.8159
42800 69.9192 69.8161
42900 69.7117 69.8159
43000 69.7291 69.8157
43100 69.8648 69.8158
43200 69.8844 69.8159
43300 69.7479 69.8158
43400 70.0557 69.8163
43500 70.0385 69.8168
43600 69.8539 69.8169
43700 70.0676 69.8175
43800 69.7757 69.8174
43900 69.9952 69.8178
44000 69.9245 69.818
44100 69.916 69.8183
44200 69.5759 69.8177
44300 69.6655 69.8174
44400 69.708 69.8171
44500 70.2783 69.8182
44600 70.0703 69.8187
44700 70.5354 69.8203
44800 70.3066 69.8214
44900 70.2583 69.8224
45000 70.514 69.8239
45100 70.1843 69.8247
45200 70.1016 69.8253
45300 70.0536 69.8258
45400 70.3358 69.827
45500 69.7557 69.8268
45600 69.6808 69.8265
45700 70.0147 69.8269
45800 70.5622 69.8285
45900 70.2326 69.8294
46000 69.8112 69.8293
46100 70.1102 69.83
46200 69.8309 69.83
46300 69.6076 69.8295
46400 69.6665 69.8291
46500 69.7911 69.829
46600 70.0099 69.8294
46700 70.1624 69.8301
46800 69.8372 69.8302
46900 69.8567 69.8302
47000 69.8949 69.8304
47100 70.0296 69.8308
47200 69.9837 69.8311
47300 69.9643 69.8314
47400 69.7412 69.8312
47500 69.7004 69.8309
47600 70.1367 69.8316
47700 70.1888 69.8323
47800 70.2382 69.8332
47900 70.1177 69.8338
48000 69.9427 69.834
48100 69.765 69.8338
48200 69.6463 69.8334
48300 69.2892 69.8323
48400 69.1288 69.8309
48500 69.4658 69.8301
48600 69.4069 69.8292
48700 69.0046 69.8276
48800 69.3907 69.8267
48900 69.4549 69.8259
49000 69.6906 69.8256
49100 69.4207 69.8248
49200 69.4256 69.824
49300 69.2075 69.8227
49400 69.3796 69.8218
49500 69.4423 69.8211
49600 69.6539 69.8207
49700 69.7224 69.8205
49800 69.5685 69.82
49900 69.9836 69.8204
50000 69.6158 69.8199
50100 69.6244 69.8196
50200 69.821 69.8196
50300 69.7542 69.8194
50400 69.6509 69.8191
50500 70.2073 69.8199
50600 70.2292 69.8207
50700 69.9274 69.8209
50800 69.862 69.821
50900 70.1009 69.8215
51000 70.0924 69.822
51100 70.2287 69.8228
51200 69.6763 69.8226
51300 70.0204 69.8229
51400 69.6944 69.8227
51500 69.0211 69.8211
51600 69.4393 69.8204
51700 70.078 69.8209
51800 69.8469 69.8209
51900 69.8846 69.8211
52000 69.3775 69.8202
52100 69.5743 69.8197
52200 69.4918 69.8191
52300 69.235 69.818
52400 69.802 69.818
52500 69.3262 69.817
52600 69.7556 69.8169
52700 69.6943 69.8167
52800 69.7663 69.8166
52900 70.0717 69.8171
53000 69.738 69.8169
53100 69.7148 69.8167
53200 69.8003 69.8167
53300 69.9231 69.8169
53400 69.7719 69.8168
53500 69.7092 69.8166
53600 69.5758 69.8162
53700 69.7463 69.816
53800 69.6641 69.8157
53900 69.5497 69.8153
54000 69.6716 69.815
54100 69.3377 69.8141
54200 69.6175 69.8137
54300 69.4584 69.8131
54400 69.7522 69.813
54500 69.6773 69.8127
54600 69.6769 69.8125
54700 69.45 69.8118
54800 69.5137 69.8113
54900 69.9374 69.8115
55000 69.5631 69.811
55100 69.636 69.8107
55200 69.2378 69.8097
55300 69.7763 69.8096
55400 69.5774 69.8092
55500 69.8974 69.8094
55600 69.7228 69.8092
55700 69.8085 69.8092
55800 69.4982 69.8087
55900 69.2189 69.8076
56000 69.3448 69.8068
56100 69.5217 69.8063
56200 69.8657 69.8064
56300 69.618 69.806
56400 69.7819 69.806
56500 69.9889 69.8063
56600 70.3194 69.8072
56700 69.8909 69.8074
56800 69.657 69.8071
56900 69.9159 69.8073
57000 70.411 69.8084
57100 69.8552 69.8084
57200 69.793 69.8084
57300 69.7382 69.8083
57400 70.1002 69.8088
57500 70.1292 69.8094
57600 70.5551 69.8107
57700 70.49 69.8118
57800 70.6869 69.8133
57900 70.1321 69.8139
58000 70.1706 69.8145
58100 70.0584 69.8149
58200 70.2958 69.8158
58300 70.0251 69.8161
58400 69.4969 69.8156
58500 69.8078 69.8156
58600 69.6859 69.8153
58700 70.0868 69.8158
58800 70.268 69.8166
58900 69.6413 69.8163
59000 69.9432 69.8165
59100 69.6978 69.8163
59200 69.6338 69.816
59300 69.6657 69.8157
59400 69.9127 69.8159
59500 69.9667 69.8161
59600 70.1857 69.8168
59700 69.9868 69.817
59800 69.7869 69.817
59900 69.706 69.8168
60000 69.9379 69.817
60100 70.2595 69.8177
60200 70.0255 69.8181
60300 70.4302 69.8191
60400 70.3177 69.8199
60500 69.9833 69.8202
60600 70.4159 69.8212
60700 70.552 69.8224
60800 70.2536 69.8231
60900 69.9545 69.8233
61000 69.9421 69.8235
61100 70.3448 69.8244
61200 69.7443 69.8242
61300 69.5657 69.8238
61400 69.7487 69.8237
61500 70.0878 69.8241
61600 70.2414 69.8248
61700 70.0351 69.8251
61800 70.5137 69.8262
61900 70.2488 69.8269
62000 70.6753 69.8283
62100 70.4972 69.8294
62200 69.9969 69.8296
62300 70.1504 69.8302
62400 70.2912 69.8309
62500 70.1977 69.8315
62600 69.7754 69.8314
62700 70.3078 69.8322
62800 70.3958 69.8331
62900 70.5866 69.8343
63000 70.5624 69.8354
63100 70.5572 69.8366
63200 70.5626 69.8377
63300 70.6188 69.8389
63400 70.3389 69.8397
63500 70.1908 69.8403
63600 70.2833 69.841
63700 70.1677 69.8415
63800 70.4841 69.8425
63900 70.232 69.8431
64000 69.7019 69.8429
64100 69.8104 69.8428
64200 69.7699 69.8427
64300 70.1072 69.8431
64400 70.1654 69.8436
64500 69.8604 69.8437
64600 69.9 69.8437
64700 69.8623 69.8438
64800 70.1885 69.8443
64900 70.0073 69.8446
65000 69.8713 69.8446
65100 69.6868 69.8444
65200 69.6024 69.844
65300 69.8963 69.8441
65400 69.5353 69.8436
65500 70.0726 69.8439
65600 69.4925 69.8434
65700 69.2197 69.8425
65800 68.8621 69.841
65900 69.5117 69.8405
66000 69.5031 69.84
66100 68.9946 69.8387
66200 69.2442 69.8378
66300 69.2882 69.8369
66400 69.2828 69.8361
66500 69.5715 69.8357
66600 69.669 69.8355
66700 70.2647 69.8361
66800 70.1423 69.8366
66900 70.1323 69.837
67000 70.2658 69.8376
67100 70.5901 69.8388
67200 69.9005 69.8389
67300 69.6115 69.8385
67400 70.0947 69.8389
67500 69.5012 69.8384
67600 69.4699 69.8379
67700 69.6967 69.8377
67800 69.7838 69.8376
67900 69.9442 69.8377
68000 69.7206 69.8376
68100 69.8343 69.8376
68200 69.6438 69.8373
68300 69.6134 69.8369
68400 70.1458 69.8374
68500 70.0622 69.8377
68600 69.9637 69.8379
68700 70.2224 69.8385
68800 69.9787 69.8387
68900 70.0363 69.839
69000 69.9068 69.8391
69100 69.7021 69.8389
69200 69.9681 69.839
69300 69.9316 69.8392
69400 69.6711 69.8389
69500 69.7039 69.8387
69600 69.7301 69.8386
69700 69.7853 69.8385
69800 69.5925 69.8382
69900 69.2715 69.8373
70000 69.6142 69.837
70100 70.2376 69.8376
70200 69.7599 69.8375
70300 70.1741 69.838
70400 69.5662 69.8376
70500 69.3846 69.8369
70600 70.1064 69.8373
70700 69.668 69.8371
70800 69.5464 69.8367
70900 69.7133 69.8365
71000 70.2963 69.8371
71100 69.9789 69.8373
71200 69.9431 69.8375
71300 70.1661 69.8379
71400 70.078 69.8383
71500 70.3002 69.8389
71600 70.3865 69.8397
71700 70.056 69.84
71800 70.5735 69.841
71900 70.1371 69.8414
72000 69.5562 69.841
72100 69.8805 69.8411
72200 69.5856 69.8407
72300 69.8345 69.8407
72400 70.4121 69.8415
72500 70.1276 69.8419
72600 70.0703 69.8422
72700 69.7824 69.8421
72800 69.9452 69.8423
72900 69.9178 69.8424
73000 70.0468 69.8427
73100 69.8214 69.8426
73200 69.9018 69.8427
73300 69.9333 69.8428
73400 69.67 69.8426
73500 70.1547 69.843
73600 70.1025 69.8434
73700 69.805 69.8433
73800 69.9555 69.8435
73900 70.2052 69.844
74000 70.0505 69.8443
74100 70.2377 69.8448
74200 70.1892 69.8452
74300 70.6121 69.8463
74400 69.9456 69.8464
74500 69.8777 69.8465
74600 70.2242 69.847
74700 70.2868 69.8476
74800 70.0596 69.8478
74900 70.8694 69.8492
75000 70.8072 69.8505
75100 70.7269 69.8516
75200 70.2907 69.8522
75300 70.1422 69.8526
75400 69.919 69.8527
75500 69.7406 69.8526
75600 69.7111 69.8524
75700 69.8127 69.8523
75800 69.5115 69.8519
75900 70.1001 69.8522
76000 70.0476 69.8524
76100 70.0778 69.8527
76200 69.5156 69.8523
76300 69.4787 69.8518
76400 69.2415 69.851
76500 69.4812 69.8505
76600 70.2505 69.851
76700 69.7787 69.851
76800 69.7538 69.8508
76900 69.668 69.8506
77000 69.659 69.8503
77100 69.8367 69.8503
77200 70.013 69.8505
77300 69.9644 69.8507
77400 69.6819 69.8505
77500 69.799 69.8504
77600 69.2791 69.8497
77700 69.5635 69.8493
77800 70.0291 69.8495
77900 69.8392 69.8495
78000 69.7819 69.8494
78100 69.8925 69.8495
78200 69.875 69.8495
78300 69.5053 69.8491
78400 69.6507 69.8488
78500 69.6091 69.8485
78600 69.5998 69.8482
78700 69.8934 69.8483
78800 69.8766 69.8483
78900 69.8323 69.8483
79000 70.0825 69.8486
79100 69.9682 69.8487
79200 70.2098 69.8492
79300 70.4509 69.8499
79400 70.2162 69.8504
79500 70.0502 69.8506
79600 70.2084 69.8511
79700 70.4781 69.8519
79800 70.3607 69.8525
79900 71.029 69.854
80000 70.8731 69.8553
80100 70.2367 69.8557
80200 70.2294 69.8562
80300 70.3824 69.8569
80400 70.0964 69.8572
80500 70.0597 69.8574
80600 70.077 69.8577
80700 69.9103 69.8578
80800 70.5282 69.8586
80900 70.5062 69.8594
81000 70.1843 69.8598
81100 70.0383 69.86
81200 70.0847 69.8603
81300 69.8014 69.8602
81400 69.7593 69.8601
81500 69.7645 69.86
81600 70.0398 69.8602
81700 69.7165 69.86
81800 69.8343 69.86
81900 69.7417 69.8598
82000 69.8379 69.8598
82100 70.0456 69.86
82200 69.9497 69.8601
82300 69.7727 69.86
82400 69.7331 69.8599
82500 69.4841 69.8594
82600 69.7477 69.8593
82700 69.7257 69.8591
82800 70.3247 69.8597
82900 69.969 69.8598
83000 70.0281 69.86
83100 70.093 69.8603
83200 70.1284 69.8606
83300 69.9344 69.8607
83400 69.6178 69.8604
83500 69.8343 69.8604
83600 69.942 69.8605
83700 70.1089 69.8608
83800 70.1699 69.8612
83900 69.699 69.861
84000 70.0004 69.8611
84100 70.0824 69.8614
84200 69.9112 69.8615
84300 70.2463 69.8619
84400 69.8613 69.8619
84500 70.2279 69.8623
84600 69.9852 69.8625
84700 69.7748 69.8624
84800 69.89 69.8624
84900 70.1215 69.8627
85000 70.2818 69.8632
85100 70.3034 69.8637
85200 70.2755 69.8642
85300 70.3605 69.8648
85400 70.3387 69.8654
85500 69.7765 69.8652
85600 69.2012 69.8645
85700 69.8273 69.8644
85800 70.0012 69.8646
85900 69.7411 69.8644
86000 69.9271 69.8645
86100 70.2219 69.8649
86200 70.5024 69.8657
86300 70.2769 69.8661
86400 70.0399 69.8663
86500 70.0054 69.8665
86600 70.0215 69.8667
86700 69.9487 69.8668
86800 69.8648 69.8668
86900 69.6146 69.8665
87000 69.859 69.8665
87100 69.7574 69.8664
87200 69.6029 69.8661
87300 69.8242 69.866
87400 69.0869 69.8651
87500 69.5251 69.8647
87600 69.4869 69.8643
87700 69.7007 69.8641
87800 69.4935 69.8637
87900 69.677 69.8635
88000 70.0727 69.8637
88100 69.8671 69.8637
88200 70.287 69.8642
88300 69.9487 69.8643
88400 70.3058 69.8648
88500 70.0658 69.865
88600 70.1343 69.8653
88700 69.6013 69.865
88800 69.251 69.8643
88900 69.8009 69.8643
89000 69.6679 69.864
89100 69.974 69.8642
89200 69.7106 69.864
89300 69.4142 69.8635
89400 69.6654 69.8633
89500 69.4114 69.8628
89600 70.0595 69.863
89700 70.0014 69.8631
89800 69.4177 69.8626
89900 69.5477 69.8623
90000 69.4021 69.8618
90100 69.542 69.8614
90200 68.9062 69.8604
90300 69.1764 69.8596
90400 69.6463 69.8594
90500 69.6475 69.8591
90600 69.0548 69.8583
90700 69.2866 69.8576
90800 70.1115 69.8579
90900 69.8195 69.8579
91000 70.0205 69.858
91100 70.1556 69.8584
91200 69.6912 69.8582
91300 69.6692 69.858
91400 70.0283 69.8582
91500 70.3427 69.8587
91600 70.0736 69.8589
91700 70.0779 69.8592
91800 69.9782 69.8593
91900 69.7734 69.8592
92000 70.1392 69.8595
92100 70.1809 69.8599
92200 69.8269 69.8598
92300 70.3075 69.8603
92400 70.0256 69.8605
92500 69.7166 69.8603
92600 69.9201 69.8604
92700 69.7507 69.8603
92800 69.859 69.8603
92900 69.9563 69.8604
93000 70.169 69.8607
93100 70.1146 69.861
93200 70.1972 69.8613
93300 69.7881 69.8613
93400 70.0394 69.8614
93500 70.1822 69.8618
93600 69.9027 69.8618
93700 69.9684 69.8619
93800 69.5498 69.8616
93900 69.5858 69.8613
94000 69.4835 69.8609
94100 69.5552 69.8606
94200 69.3364 69.86
94300 70.1122 69.8603
94400 69.8238 69.8603
94500 69.9602 69.8604
94600 69.5911 69.8601
94700 69.8338 69.8601
94800 70.3786 69.8606
94900 69.9718 69.8607
95000 69.7488 69.8606
95100 70.5704 69.8614
95200 70.0195 69.8615
95300 70.198 69.8619
95400 69.7874 69.8618
95500 70.5893 69.8626
95600 69.7711 69.8625
95700 69.7978 69.8624
95800 69.7204 69.8622
95900 70.0387 69.8624
96000 69.7812 69.8623
96100 69.9443 69.8624
96200 69.39 69.8619
96300 69.4969 69.8616
96400 69.4338 69.8611
96500 69.5076 69.8608
96600 69.7221 69.8606
96700 69.8808 69.8606
96800 69.5941 69.8604
96900 69.4683 69.8599
97000 69.449 69.8595
97100 69.3966 69.859
97200 70.121 69.8593
97300 69.3158 69.8588
97400 69.2782 69.8582
97500 69.6189 69.8579
97600 69.8267 69.8579
97700 69.7505 69.8578
97800 70.1039 69.858
97900 70.1039 69.8583
98000 70.243 69.8587
98100 69.4716 69.8583
98200 69.4373 69.8578
98300 69.594 69.8576
98400 69.6842 69.8574
98500 69.6849 69.8572
98600 69.9911 69.8574
98700 70.3013 69.8578
98800 70.1805 69.8581
98900 70.5263 69.8588
99000 70.3402 69.8593
99100 70.6453 69.8601
99200 69.9319 69.8602
99300 70.2151 69.8605
99400 70.1046 69.8608
99500 69.8343 69.8607
99600 69.8975 69.8608
99700 69.5859 69.8605
99800 69.6969 69.8603
99900 69.9186 69.8604
100000 69.2702 69.8598
100100 69.3154 69.8593
100200 69.8425 69.8592
100300 69.8288 69.8592
100400 69.3441 69.8587
100500 69.7776 69.8586
100600 70.0309 69.8588
100700 70.2331 69.8592
100800 69.8252 69.8591
100900 70.1115 69.8594
101000 69.7326 69.8593
101100 69.9916 69.8594
101200 70.1327 69.8597
101300 69.8704 69.8597
101400 69.8615 69.8597
101500 69.4729 69.8593
101600 69.0545 69.8585
101700 69.2173 69.8579
101800 69.3034 69.8573
101900 69.955 69.8574
102000 69.3714 69.8569
102100 69.3255 69.8564
102200 69.3194 69.8559
102300 69.6108 69.8557
102400 69.192 69.855
102500 69.6237 69.8548
102600 69.4439 69.8544
102700 69.6853 69.8542
102800 69.4876 69.8539
102900 69.7006 69.8537
103000 69.1336 69.853
103100 69.5531 69.8527
103200 69.6541 69.8525
103300 69.6937 69.8524
103400 69.67 69.8522
103500 69.6377 69.852
103600 69.7079 69.8519
103700 69.8304 69.8518
103800 70.3346 69.8523
103900 69.6896 69.8521
104000 69.9865 69.8523
104100 69.514 69.8519
104200 69.5443 69.8517
104300 70.1303 69.8519
104400 69.6422 69.8517
104500 70.3773 69.8522
104600 69.8626 69.8522
104700 69.5817 69.852
104800 70.0581 69.8522
104900 69.7853 69.8521
105000 70.175 69.8524
105100 69.6603 69.8522
105200 70.3818 69.8527
105300 70.067 69.8529
105400 70.0369 69.8531
105500 70.1849 69.8534
105600 70.411 69.854
105700 70.2536 69.8543
105800 70.4702 69.8549
105900 70.4545 69.8555
106000 69.9477 69.8556
106100 70.4393 69.8561
106200 69.9655 69.8562
106300 70.3054 69.8566
106400 70.2919 69.8571
106500 70.1932 69.8574
106600 70.1369 69.8576
106700 70.2296 69.858
106800 69.7954 69.8579
106900 69.723 69.8578
107000 69.941 69.8579
107100 69.9622 69.858
107200 69.6203 69.8577
107300 70.3473 69.8582
107400 70.2145 69.8585
107500 69.9588 69.8586
107600 70.1033 69.8589
107700 70.2416 69.8592
107800 70.3746 69.8597
107900 70.3382 69.8601
108000 70.146 69.8604
108100 70.3676 69.8609
108200 70.2127 69.8612
108300 70.1784 69.8615
108400 70.0384 69.8616
108500 69.8165 69.8616
108600 69.9995 69.8617
108700 70.7689 69.8626
108800 70.1972 69.8629
108900 70.2392 69.8632
109000 70.4956 69.8638
109100 70.2572 69.8642
109200 70.1039 69.8644
109300 69.8826 69.8644
109400 70.0647 69.8646
109500 70.7331 69.8654
109600 69.8687 69.8654
109700 70.3857 69.8658
109800 70.1322 69.8661
109900 70.6139 69.8668
110000 70.7059 69.8675
110100 70.4514 69.8681
110200 70.2312 69.8684
110300 69.8097 69.8683
110400 69.7397 69.8682
110500 70.0679 69.8684
110600 69.5684 69.8681
110700 70.4786 69.8687
110800 70.2124 69.869
110900 70.0539 69.8692
111000 69.8865 69.8692
111100 70.1612 69.8694
111200 70.0974 69.8696
111300 70.0326 69.8698
111400 70.0581 69.87
111500 70.0168 69.8701
111600 70.0609 69.8703
111700 69.9648 69.8704
111800 69.7999 69.8703
111900 69.6123 69.8701
112000 69.8662 69.8701
112100 69.9359 69.8701
112200 70.3674 69.8706
112300 70.6201 69.8712
112400 69.9917 69.8713
112500 70.3636 69.8718
112600 70.7295 69.8725
112700 70.2262 69.8728
112800 70.5128 69.8734
112900 70.28 69.8738
113000 69.7478 69.8737
113100 69.5973 69.8734
113200 69.3357 69.8729
113300 69.9168 69.873
113400 69.5651 69.8727
113500 69.5142 69.8724
113600 69.5149 69.8721
113700 69.6485 69.8719
113800 70.0094 69.872
113900 69.7094 69.8719
114000 69.8499 69.8718
114100 70.2001 69.8721
114200 70.1672 69.8724
114300 70.0732 69.8726
114400 69.6967 69.8724
114500 69.7446 69.8723
114600 69.9683 69.8724
114700 69.6299 69.8722
114800 69.5207 69.8719
114900 69.3894 69.8714
115000 69.4923 69.8711
115100 69.5627 69.8708
115200 69.4033 69.8704
115300 69.5918 69.8702
115400 70.0722 69.8704
115500 70.1251 69.8706
115600 70.0759 69.8708
115700 70.1404 69.871
115800 70.1918 69.8713
115900 69.7926 69.8712
116000 69.9836 69.8713
116100 69.8205 69.8713
116200 69.5614 69.871
116300 69.7973 69.8709
116400 69.4097 69.8705
116500 69.7034 69.8704
116600 70.3151 69.8708
116700 69.8664 69.8708
116800 70.0062 69.8709
116900 69.9281 69.8709
117000 69.9777 69.871
117100 70.4908 69.8716
117200 70.7325 69.8723
117300 70.7019 69.873
117400 70.3933 69.8734
117500 70.268 69.8738
117600 70.6967 69.8745
117700 70.9729 69.8754
117800 70.3559 69.8758
117900 70.5058 69.8764
118000 70.3731 69.8768
118100 70.392 69.8772
118200 70.9058 69.8781
118300 70.8871 69.8789
118400 71.026 69.8799
118500 70.6448 69.8805
118600 70.5879 69.8811
118700 70.4175 69.8816
118800 70.1385 69.8818
118900 70.4464 69.8823
119000 70.0293 69.8824
119100 70.5633 69.883
119200 69.6953 69.8828
119300 69.5311 69.8825
119400 69.6303 69.8823
119500 69.9698 69.8824
119600 70.0103 69.8825
119700 70.2036 69.8828
119800 70.038 69.8829
119900 70.3587 69.8833
120000 70.7895 69.884
120100 70.2495 69.8844
120200 70.2723 69.8847
120300 70.1513 69.8849
120400 70.3193 69.8853
120500 70.2053 69.8855
120600 70.1115 69.8857
120700 69.8612 69.8857
120800 69.6196 69.8855
120900 69.4999 69.8852
121000 69.5257 69.8849
121100 69.7635 69.8848
121200 69.3539 69.8843
121300 69.5425 69.884
121400 70.1127 69.8842
121500 69.8696 69.8842
121600 69.9876 69.8843
121700 70.1983 69.8846
121800 70.4006 69.885
121900 69.9148 69.885
122000 69.8535 69.885
122100 70.0902 69.8851
122200 70.0069 69.8852
122300 70.1938 69.8855
122400 70.4334 69.8859
122500 69.9314 69.886
122600 69.9252 69.886
122700 70.4146 69.8864
122800 70.5308 69.887
122900 70.6822 69.8876
123000 70.5031 69.8881
123100 70.5139 69.8886
123200 70.4561 69.8891
123300 70.4124 69.8895
123400 69.7975 69.8894
123500 70.0162 69.8895
123600 69.8566 69.8895
123700 70.2361 69.8898
123800 70.0688 69.8899
123900 70.0891 69.8901
124000 70.1753 69.8903
124100 69.9443 69.8904
124200 70.1242 69.8906
124300 70.1567 69.8908
124400 69.9369 69.8908
124500 70.3963 69.8912
124600 70.5202 69.8917
124700 70.0024 69.8918
124800 70.0703 69.892
124900 69.8748 69.8919
125000 70.0543 69.8921
125100 69.7481 69.892
125200 69.4564 69.8916
125300 69.7595 69.8915
125400 69.877 69.8915
125500 69.3651 69.8911
125600 69.2603 69.8906
125700 69.343 69.8901
125800 69.4683 69.8898
125900 69.3645 69.8894
126000 69.5518 69.8891
126100 69.4844 69.8888
126200 69.3588 69.8884
126300 69.3865 69.888
126400 69.5629 69.8877
126500 69.4751 69.8874
126600 69.7993 69.8873
126700 69.159 69.8867
126800 69.2513 69.8862
126900 69.4387 69.8859
127000 69.7374 69.8858
127100 70.5349 69.8863
127200 70.1397 69.8865
127300 69.9403 69.8865
127400 69.8001 69.8865
127500 69.7397 69.8863
127600 70.0682 69.8865
127700 70.1679 69.8867
127800 69.8447 69.8867
127900 69.6284 69.8865
128000 70.1172 69.8867
128100 69.541 69.8864
128200 70.2124 69.8866
128300 69.992 69.8867
128400 70.3028 69.887
128500 69.8032 69.887
128600 69.7208 69.8868
128700 69.9396 69.8869
128800 70.2578 69.8872
128900 70.1492 69.8874
129000 70.5921 69.8879
129100 71.1013 69.8889
129200 70.468 69.8893
129300 69.9821 69.8894
129400 69.8739 69.8894
129500 70.1447 69.8896
129600 70.0984 69.8897
129700 69.7595 69.8896
129800 69.7502 69.8895
129900 69.3446 69.8891
130000 69.6276 69.8889
130100 69.838 69.8889
130200 69.7464 69.8888
130300 69.821 69.8887
130400 69.6987 69.8886
130500 70.3666 69.8889
130600 69.9627 69.889
130700 69.577 69.8887
130800 69.7897 69.8887
130900 69.6757 69.8885
131000 69.7242 69.8884
131100 69.5423 69.8881
131200 69.4114 69.8878
131300 69.3813 69.8874
131400 69.1592 69.8868
131500 69.3553 69.8864
131600 69.9077 69.8864
131700 70.2592 69.8867
131800 70.2664 69.887
131900 70.6293 69.8876
132000 70.4546 69.888
132100 70.2732 69.8883
132200 69.9546 69.8883
132300 69.7393 69.8882
132400 69.6375 69.888
132500 70.1826 69.8882
132600 69.8255 69.8882
132700 69.9696 69.8883
132800 70.4277 69.8887
132900 69.5783 69.8884
133000 69.4522 69.8881
133100 69.8593 69.8881
133200 69.5747 69.8879
133300 69.5101 69.8876
133400 70.0393 69.8877
133500 69.8387 69.8876
133600 69.6981 69.8875
133700 69.6191 69.8873
133800 69.7577 69.8872
133900 69.861 69.8872
134000 70.1624 69.8874
134100 70.1358 69.8876
134200 70.3223 69.8879
134300 70.1694 69.8881
134400 69.5252 69.8878
134500 69.7563 69.8877
134600 69.5299 69.8875
134700 70.3532 69.8878
134800 69.5566 69.8876
134900 69.7203 69.8875
135000 69.0446 69.8868
135100 69.3585 69.8864
135200 69.4793 69.8861
135300 69.4998 69.8858
135400 70.2736 69.8861
135500 70.5166 69.8866
135600 69.8136 69.8865
135700 70.2291 69.8868
135800 70.7485 69.8874
135900 70.365 69.8878
136000 69.8286 69.8877
136100 69.746 69.8876
136200 69.4729 69.8873
136300 69.3371 69.8869
136400 69.6199 69.8867
136500 70.1472 69.8869
136600 70.3795 69.8873
136700 70.0387 69.8874
136800 69.8788 69.8874
136900 70.5095 69.8878
137000 69.9717 69.8879
137100 69.7361 69.8878
137200 69.3839 69.8874
137300 70.15 69.8876
137400 69.4249 69.8873
137500 69.576 69.8871
137600 69.9083 69.8871
137700 69.7457 69.887
137800 69.1932 69.8865
137900 68.9888 69.8858
138000 69.3194 69.8854
138100 69.6309 69.8852
138200 69.7482 69.8851
138300 69.5838 69.8849
138400 69.5121 69.8846
138500 69.6977 69.8845
138600 69.8786 69.8845
138700 69.4599 69.8842
138800 70.1447 69.8844
138900 70.2671 69.8847
139000 69.7718 69.8846
139100 69.8247 69.8845
139200 70.1828 69.8847
139300 70.528 69.8852
139400 70.1634 69.8854
139500 70.5936 69.8859
139600 70.3703 69.8863
139700 69.7451 69.8862
139800 69.9697 69.8862
139900 69.7133 69.8861
140000 69.6975 69.886
140100 69.4507 69.8856
140200 69.9317 69.8857
140300 69.8583 69.8857
140400 69.9282 69.8857
140500 69.8185 69.8856
140600 69.6778 69.8855
140700 69.7194 69.8854
140800 69.4269 69.8851
140900 69.5729 69.8848
141000 69.882 69.8848
141100 69.8077 69.8848
141200 69.2365 69.8843
141300 69.3266 69.8839
141400 69.6662 69.8838
141500 69.3459 69.8834
141600 69.7887 69.8833
141700 69.8933 69.8833
141800 70.2469 69.8836
141900 70.0851 69.8837
142000 69.9272 69.8838
142100 70.1066 69.8839
142200 70.2191 69.8841
142300 70.3602 69.8845
142400 70.2524 69.8847
142500 70.0093 69.8848
142600 70.0522 69.8849
142700 70.1999 69.8852
142800 69.9067 69.8852
142900 70.2937 69.8855
143000 70.376 69.8858
143100 69.7311 69.8857
143200 69.639 69.8855
143300 69.563 69.8853
143400 70.1856 69.8855
143500 69.8426 69.8855
143600 69.6336 69.8853
143700 69.6263 69.8851
143800 70.116 69.8853
143900 70.1428 69.8855
144000 69.9542 69.8855
144100 69.9809 69.8856
144200 70.253 69.8858
144300 70.2669 69.8861
144400 70.1278 69.8863
144500 69.5525 69.886
144600 69.9837 69.8861
144700 69.8323 69.8861
144800 69.5818 69.8859
144900 69.4334 69.8855
145000 70.124 69.8857
145100 69.9653 69.8858
145200 69.9496 69.8858
145300 69.9134 69.8858
145400 69.6219 69.8856
145500 70.0724 69.8858
145600 69.9809 69.8858
145700 69.5829 69.8856
145800 69.539 69.8854
145900 69.6144 69.8852
146000 69.67 69.8851
146100 70.0235 69.8852
146200 70.2361 69.8854
146300 70.3547 69.8857
146400 70.1075 69.8859
146500 69.8292 69.8858
146600 69.8663 69.8858
146700 69.9624 69.8859
146800 69.7223 69.8858
146900 69.4688 69.8855
147000 69.1148 69.8849
147100 69.412 69.8846
147200 69.8594 69.8846
147300 70.0035 69.8847
147400 69.9496 69.8847
147500 70.2375 69.885
147600 70.8027 69.8856
147700 70.0124 69.8857
147800 70.1836 69.8859
147900 70.5298 69.8863
148000 70.0358 69.8864
148100 70.1035 69.8866
148200 70.2291 69.8868
148300 70.0159 69.8869
148400 69.936 69.8869
148500 70.1114 69.8871
148600 70.257 69.8873
148700 69.7315 69.8872
148800 69.8357 69.8872
148900 69.3261 69.8868
149000 70.3478 69.8871
149100 70.2154 69.8873
149200 69.748 69.8872
149300 70.2737 69.8875
149400 70.1439 69.8877
149500 69.8793 69.8877
149600 70.3853 69.888
149700 70.5215 69.8884
149800 70.3341 69.8887
149900 69.9516 69.8888
150000 69.8927 69.8888
150100 70.1182 69.8889
150200 69.8162 69.8889
150300 69.7903 69.8888
150400 69.987 69.8889
150500 70.0856 69.889
150600 69.9755 69.8891
150700 69.9637 69.8891
150800 69.9677 69.8892
150900 70.5891 69.8896
151000 70.5729 69.8901
151100 70.1615 69.8902
151200 70.1176 69.8904
151300 70.1072 69.8905
151400 70.3398 69.8908
151500 70.2896 69.8911
151600 70.2329 69.8913
151700 70.4265 69.8917
151800 70.1256 69.8918
151900 70.4293 69.8922
152000 70.0826 69.8923
152100 70.3614 69.8926
152200 69.848 69.8926
152300 69.2213 69.8922
152400 69.4589 69.8919
152500 69.9363 69.8919
152600 69.8201 69.8918
152700 70.0094 69.8919
152800 69.7571 69.8918
152900 69.9817 69.8919
153000 69.7446 69.8918
153100 70.0635 69.8919
153200 70.1596 69.8921
153300 70.1778 69.8923
153400 69.9481 69.8923
153500 70.1328 69.8925
153600 70.3844 69.8928
153700 71.0633 69.8935
153800 70.3742 69.8939
153900 70.2944 69.8941
154000 70.2952 69.8944
154100 70.4481 69.8947
154200 70.3808 69.8951
154300 70.4703 69.8954
154400 70.6207 69.8959
154500 70.5617 69.8963
154600 70.6938 69.8968
154700 70.3729 69.8972
154800 69.9783 69.8972
154900 70.7511 69.8978
155000 70.2797 69.898
155100 70.4633 69.8984
155200 70.2187 69.8986
155300 70.3276 69.8989
155400 70.2031 69.899
155500 70.1871 69.8992
155600 69.8508 69.8992
155700 69.9284 69.8992
155800 70.06 69.8993
155900 69.905 69.8993
156000 70.2184 69.8995
156100 70.0708 69.8996
156200 70.6305 69.9001
156300 70.4943 69.9005
156400 70.6261 69.901
156500 70.3627 69.9012
156600 70.3646 69.9015
156700 70.0954 69.9017
156800 69.4867 69.9014
156900 70.0061 69.9015
157000 70.087 69.9016
157100 70.5023 69.902
157200 70.3971 69.9023
157300 70.347 69.9026
157400 70.2123 69.9028
157500 70.0234 69.9028
157600 69.7471 69.9027
157700 70.2807 69.903
157800 70.3943 69.9033
157900 70.7993 69.9039
158000 70.1941 69.904
158100 69.8748 69.904
158200 69.822 69.904
158300 70.1099 69.9041
158400 70.3232 69.9044
158500 70.7427 69.9049
158600 70.4598 69.9052
158700 70.8647 69.9059
158800 70.1058 69.906
158900 70.3728 69.9063
159000 70.2311 69.9065
159100 70.3064 69.9067
159200 70.4047 69.907
159300 70.2474 69.9073
159400 70.2044 69.9074
159500 70.7266 69.908
159600 70.7841 69.9085
159700 70.2853 69.9087
159800 70.5016 69.9091
159900 70.3253 69.9094
160000 70.6467 69.9098
160100 70.7973 69.9104
160200 70.4716 69.9107
160300 70.5325 69.9111
160400 70.6512 69.9116
160500 70.4671 69.9119
160600 70.5072 69.9123
160700 70.4395 69.9126
160800 70.6799 69.9131
160900 70.3525 69.9134
161000 70.4189 69.9137
161100 70.2931 69.9139
161200 70.4067 69.9142
161300 70.1326 69.9144
161400 70.4408 69.9147
161500 70.3846 69.915
161600 70.5151 69.9154
161700 70.1822 69.9155
161800 69.9729 69.9156
161900 70.0366 69.9156
162000 70.3736 69.9159
162100 70.7088 69.9164
162200 70.3554 69.9167
162300 70.7292 69.9172
162400 70.3523 69.9174
162500 70.2069 69.9176
162600 70.5713 69.918
162700 70.2484 69.9182
162800 70.1602 69.9184
162900 70.1283 69.9185
163000 70.278 69.9187
163100 70.3545 69.919
163200 70.1474 69.9191
163300 70.0315 69.9192
163400 70.0554 69.9193
163500 69.7415 69.9192
163600 70.1553 69.9193
163700 69.9309 69.9193
163800 69.6757 69.9192
163900 69.8803 69.9192
164000 69.9684 69.9192
164100 70.1125 69.9193
164200 70.1546 69.9194
164300 70.2892 69.9197
164400 70.1473 69.9198
164500 70.1066 69.9199
164600 69.8266 69.9199
164700 69.8162 69.9198
164800 69.8835 69.9198
164900 69.8519 69.9197
165000 69.4781 69.9195
165100 69.6093 69.9193
165200 70.1824 69.9194
165300 69.9086 69.9194
165400 70.0441 69.9195
165500 70.0347 69.9196
165600 70.7483 69.9201
165700 70.5127 69.9204
165800 70.2253 69.9206
165900 69.9461 69.9206
166000 70.4005 69.9209
166100 69.8975 69.9209
166200 69.8533 69.9209
166300 69.8322 69.9208
166400 70.3329 69.9211
166500 70.3163 69.9213
166600 70.2752 69.9215
166700 70.6382 69.9219
166800 70.317 69.9222
166900 70.3688 69.9225
167000 70.7264 69.9229
167100 70.8585 69.9235
167200 70.2566 69.9237
167300 69.5607 69.9235
167400 69.8771 69.9234
167500 69.8135 69.9234
167600 69.5455 69.9232
167700 69.5342 69.9229
167800 69.6466 69.9228
167900 69.4354 69.9225
168000 69.726 69.9224
168100 69.5236 69.9221
168200 69.8395 69.9221
168300 69.8822 69.922
168400 70.2884 69.9223
168500 70.0215 69.9223
168600 70.3121 69.9226
168700 70.1846 69.9227
168800 70.0081 69.9228
168900 70.5074 69.9231
169000 70.485 69.9234
169100 70.0987 69.9235
169200 69.9274 69.9235
169300 70.1382 69.9237
169400 70.0102 69.9237
169500 70.0498 69.9238
169600 69.8503 69.9238
169700 69.9297 69.9238
169800 69.5052 69.9235
169900 69.6196 69.9233
170000 69.5952 69.9231
170100 69.3878 69.9228
170200 69.8123 69.9228
170300 69.7492 69.9227
170400 69.6849 69.9225
170500 69.4156 69.9222
170600 69.7586 69.9221
170700 69.95 69.9221
170800 69.8899 69.9221
170900 69.8837 69.9221
171000 69.9224 69.9221
171100 70.0405 69.9222
171200 69.8434 69.9221
171300 70.1159 69.9222
171400 70.1951 69.9224
171500 69.9897 69.9224
171600 69.4809 69.9222
171700 69.9304 69.9222
171800 69.8153 69.9221
171900 69.6019 69.9219
172000 69.6707 69.9218
172100 69.5427 69.9216
172200 69.2234 69.9212
172300 69.7149 69.921
172400 70.1423 69.9212
172500 70.3787 69.9214
172600 70.432 69.9217
172700 70.0288 69.9218
172800 69.7756 69.9217
172900 70.0384 69.9218
173000 69.868 69.9217
173100 70.1304 69.9219
173200 70.3501 69.9221
173300 70.5912 69.9225
173400 70.7277 69.923
173500 70.7142 69.9234
173600 70.4472 69.9237
173700 69.8451 69.9237
173800 70.3926 69.9239
173900 70.7374 69.9244
174000 70.2562 69.9246
174100 70.0824 69.9247
174200 69.3388 69.9244
174300 70.2515 69.9245
174400 70.0338 69.9246
174500 70.1402 69.9247
174600 69.7216 69.9246
174700 69.4033 69.9243
174800 69.5327 69.9241
174900 69.4482 69.9238
175000 69.6204 69.9236
175100 69.7595 69.9236
175200 69.9432 69.9236
175300 69.7342 69.9235
175400 70.0754 69.9235
175500 69.813 69.9235
175600 69.5932 69.9233
175700 69.5185 69.9231
175800 69.5536 69.9229
175900 69.8265 69.9228
176000 69.7501 69.9227
176100 69.78 69.9226
176200 70.0472 69.9227
176300 69.8727 69.9227
176400 69.2978 69.9223
176500 69.1651 69.9219
176600 69.8367 69.9218
176700 70.1502 69.922
176800 70.197 69.9221
176900 69.9025 69.9221
177000 69.4447 69.9218
177100 69.465 69.9216
177200 69.6694 69.9214
177300 69.9281 69.9214
177400 70.0697 69.9215
177500 70.0099 69.9216
177600 69.9259 69.9216
177700 69.7423 69.9215
177800 70.027 69.9215
177900 69.925 69.9215
178000 70.2145 69.9217
178100 69.7456 69.9216
178200 69.773 69.9215
178300 69.6119 69.9213
178400 69.7385 69.9212
178500 70.2718 69.9214
178600 69.7077 69.9213
178700 69.9499 69.9213
178800 69.7373 69.9212
178900 70.0794 69.9213
179000 69.7788 69.9212
179100 70.3001 69.9214
179200 70.0571 69.9215
179300 69.9292 69.9215
179400 69.9018 69.9215
179500 69.9091 69.9215
179600 70.0128 69.9216
179700 69.7691 69.9215
179800 69.9032 69.9215
179900 69.4555 69.9212
180000 69.6762 69.9211
180100 69.6824 69.9209
180200 69.3843 69.9206
180300 69.7246 69.9205
180400 69.5237 69.9203
180500 69.7682 69.9202
180600 69.1692 69.9198
180700 69.6536 69.9197
180800 69.223 69.9193
180900 69.4553 69.919
181000 69.4665 69.9188
181100 69.2576 69.9184
181200 69.2956 69.9181
181300 69.3677 69.9178
181400 69.4333 69.9175
181500 69.5238 69.9173
181600 69.6387 69.9171
181700 69.6458 69.917
181800 70.0135 69.917
181900 69.8952 69.917
182000 69.5868 69.9168
182100 69.8112 69.9168
182200 70.2132 69.9169
182300 70.1667 69.9171
182400 69.6168 69.9169
182500 69.8531 69.9169
182600 70.3501 69.9171
182700 70.232 69.9173
182800 70.4023 69.9175
182900 70.8536 69.9181
183000 70.5035 69.9184
183100 70.5886 69.9187
183200 70.1529 69.9189
183300 69.7571 69.9188
183400 69.8946 69.9188
183500 70.0665 69.9189
183600 69.993 69.9189
183700 69.7966 69.9188
183800 69.4346 69.9186
183900 69.7979 69.9185
184000 69.8397 69.9185
184100 69.9693 69.9185
184200 70.7745 69.9189
184300 70.3174 69.9192
184400 70.2094 69.9193
184500 70.4201 69.9196
184600 70.2933 69.9198
184700 70.2271 69.92
184800 70.0233 69.92
184900 70.3784 69.9203
185000 70.4205 69.9205
185100 70.2768 69.9207
185200 69.9536 69.9207
185300 69.9183 69.9207
185400 69.74 69.9206
185500 69.7254 69.9205
185600 69.7435 69.9204
185700 69.6203 69.9203
185800 69.8014 69.9202
185900 69.6327 69.9201
186000 69.7664 69.92
186100 69.3571 69.9197
186200 70.072 69.9198
186300 69.8023 69.9197
186400 69.7692 69.9196
186500 69.4226 69.9194
186600 70.0452 69.9194
186700 69.6909 69.9193
186800 70.2013 69.9194
186900 69.6939 69.9193
187000 69.6466 69.9192
187100 69.1679 69.9188
187200 69.2961 69.9184
187300 69.7744 69.9184
187400 69.9633 69.9184
187500 70.1246 69.9185
187600 70.0665 69.9186
187700 69.9357 69.9186
187800 69.3429 69.9183
187900 69.4661 69.918
188000 69.5256 69.9178
188100 70.0157 69.9179
188200 69.8637 69.9179
188300 69.9064 69.9179
188400 70.1076 69.918
188500 70.085 69.918
188600 69.8812 69.918
188700 69.6074 69.9179
188800 69.7971 69.9178
188900 69.5722 69.9176
189000 69.4894 69.9174
189100 69.8962 69.9174
189200 69.1151 69.917
189300 69.2602 69.9166
189400 69.3005 69.9163
189500 69.2422 69.9159
189600 69.7366 69.9158
189700 69.5864 69.9157
189800 69.6894 69.9155
189900 69.8969 69.9155
190000 69.9503 69.9155
190100 70.1752 69.9157
190200 70.2157 69.9158
190300 70.1864 69.916
190400 70.4294 69.9163
190500 70.4804 69.9165
190600 69.9555 69.9166
190700 69.9833 69.9166
190800 70.0385 69.9167
190900 69.9867 69.9167
191000 70.2814 69.9169
191100 69.578 69.9167
191200 70.0403 69.9168
191300 69.7475 69.9167
191400 69.453 69.9165
191500 69.6291 69.9163
191600 69.8062 69.9162
191700 69.5657 69.9161
191800 69.6158 69.9159
191900 69.8781 69.9159
192000 70.4983 69.9162
192100 70.1651 69.9163
192200 70.5782 69.9167
192300 70.3439 69.9169
192400 69.829 69.9168
192500 70.2771 69.917
192600 70.1123 69.9171
192700 69.8819 69.9171
192800 69.8556 69.9171
192900 70.1638 69.9172
193000 69.8647 69.9172
193100 70.0068 69.9172
193200 70.0602 69.9173
193300 70.4341 69.9176
193400 70.4153 69.9178
193500 70.2256 69.918
193600 69.9183 69.918
193700 69.5364 69.9178
193800 69.7923 69.9177
193900 69.839 69.9177
194000 69.9758 69.9177
194100 69.6657 69.9176
194200 70.2836 69.9178
194300 69.7569 69.9177
194400 70.0154 69.9177
194500 70.3815 69.918
194600 70.5024 69.9183
194700 70.7617 69.9187
194800 70.6053 69.9191
194900 69.9838 69.9191
195000 70.1155 69.9192
195100 69.9753 69.9192
195200 69.674 69.9191
195300 69.9615 69.9191
195400 69.943 69.9191
195500 70.068 69.9192
195600 70.117 69.9193
195700 70.0335 69.9194
195800 69.6979 69.9193
195900 69.6783 69.9191
196000 70.2547 69.9193
196100 70.2642 69.9195
196200 70.2632 69.9197
196300 70.5021 69.9199
196400 70.3044 69.9201
196500 70.2578 69.9203
196600 70.1841 69.9205
196700 69.7891 69.9204
196800 69.7393 69.9203
196900 69.7507 69.9202
197000 69.43 69.92
197100 69.2439 69.9196
197200 69.6453 69.9195
197300 69.539 69.9193
197400 69.6047 69.9191
197500 69.5812 69.919
197600 69.7311 69.9189
197700 69.0675 69.9184
197800 68.6713 69.9178
197900 69.4218 69.9175
198000 69.3804 69.9173
198100 69.3469 69.917
198200 69.4421 69.9167
198300 69.8362 69.9167
198400 69.7471 69.9166
198500 69.1861 69.9163
198600 69.4481 69.916
198700 69.8884 69.916
198800 69.876 69.916
198900 69.817 69.9159
199000 69.3624 69.9157
199100 69.7166 69.9156
199200 70.0525 69.9156
199300 69.9954 69.9157
199400 70.0122 69.9157
199500 70.1205 69.9158
199600 70.1589 69.9159
199700 70.4188 69.9162
199800 69.7112 69.9161
199900 70.1597 69.9162
200000 70.1693 69.9163
200100 70.2722 69.9165
200200 69.9203 69.9165
200300 70.4301 69.9168
200400 70.5029 69.9171
200500 70.142 69.9172
200600 69.7292 69.9171
200700 69.9301 69.9171
200800 69.8721 69.9171
200900 69.6654 69.9169
201000 69.9671 69.917
201100 69.6042 69.9168
201200 70.0105 69.9169
201300 70.1795 69.917
201400 70.1696 69.9171
201500 70.1634 69.9172
201600 69.9887 69.9173
201700 69.7774 69.9172
201800 69.5353 69.917
201900 69.9423 69.917
202000 70.6244 69.9174
202100 70.4949 69.9177
202200 70.5596 69.918
202300 70.2805 69.9182
202400 70.2939 69.9183
202500 70.3807 69.9186
202600 70.2317 69.9187
202700 69.6456 69.9186
202800 69.8725 69.9186
202900 70.1006 69.9187
203000 70.4694 69.9189
203100 70.2742 69.9191
203200 70.317 69.9193
203300 70.3048 69.9195
203400 69.8637 69.9195
203500 70.0441 69.9195
203600 70.0345 69.9196
203700 70.2123 69.9197
203800 69.8721 69.9197
203900 69.8138 69.9196
204000 70.3244 69.9198
204100 70.0657 69.9199
204200 70.5039 69.9202
204300 70.2019 69.9203
204400 70.0298 69.9204
204500 69.7497 69.9203
204600 70.0121 69.9204
204700 69.9136 69.9204
204800 70.682 69.9207
204900 70.5402 69.921
205000 70.2876 69.9212
205100 69.7589 69.9211
205200 69.9589 69.9211
205300 69.8291 69.9211
205400 70.327 69.9213
205500 70.3253 69.9215
205600 69.9137 69.9215
205700 69.979 69.9215
205800 69.8595 69.9215
205900 69.394 69.9212
206000 69.5419 69.921
206100 70.0186 69.9211
206200 70.2445 69.9213
206300 70.3328 69.9215
206400 70.4796 69.9217
206500 70.2824 69.9219
206600 69.7032 69.9218
206700 69.6955 69.9217
206800 69.9065 69.9217
206900 70.2171 69.9218
207000 70.0499 69.9219
207100 70.4219 69.9221
207200 70.4478 69.9224
207300 70.8716 69.9228
207400 71.2923 69.9235
207500 70.7028 69.9239
207600 70.7064 69.9242
207700 70.3462 69.9244
207800 69.8218 69.9244
207900 70.0571 69.9245
208000 70.1264 69.9246
208100 69.9962 69.9246
208200 70.2335 69.9247
208300 70.4072 69.925
208400 69.9791 69.925
208500 70.155 69.9251
208600 70.8959 69.9256
208700 71.2407 69.9262
208800 70.6054 69.9265
208900 70.1176 69.9266
209000 70.0646 69.9267
209100 69.4362 69.9265
209200 69.9723 69.9265
209300 69.6431 69.9263
209400 69.8683 69.9263
209500 69.7439 69.9262
209600 69.6538 69.9261
209700 69.8508 69.9261
209800 69.6109 69.9259
209900 69.716 69.9258
210000 70.0602 69.9259
210100 69.6559 69.9257
210200 69.7427 69.9257
210300 70.1903 69.9258
210400 70.3688 69.926
210500 70.507 69.9263
210600 70.83 69.9267
210700 70.4274 69.9269
210800 70.1161 69.927
210900 70.3161 69.9272
211000 70.3396 69.9274
211100 70.4682 69.9277
211200 70.4562 69.9279
211300 70.0586 69.928
211400 69.835 69.9279
211500 69.6887 69.9278
211600 69.6884 69.9277
211700 69.9477 69.9277
211800 69.7168 69.9276
211900 69.6936 69.9275
212000 69.592 69.9273
212100 69.4511 69.9271
212200 69.6402 69.927
212300 69.9437 69.927
212400 70.3413 69.9272
212500 70.0802 69.9273
212600 70.1581 69.9274
212700 69.8704 69.9273
212800 70.0262 69.9274
212900 69.7567 69.9273
213000 69.8343 69.9273
213100 70.3565 69.9275
213200 70.1597 69.9276
213300 70.0152 69.9276
213400 69.8697 69.9276
213500 70.111 69.9277
213600 70.0563 69.9277
213700 70.2564 69.9279
213800 70.1508 69.928
213900 70.1638 69.9281
214000 69.8506 69.9281
214100 70.0526 69.9281
214200 69.6781 69.928
214300 69.5764 69.9278
214400 69.278 69.9275
214500 69.3829 69.9273
214600 69.64 69.9272
214700 69.2834 69.9269
214800 69.3496 69.9266
214900 69.4043 69.9263
215000 69.4858 69.9261
215100 69.5261 69.926
215200 69.8415 69.9259
215300 70.0953 69.926
215400 69.6992 69.9259
215500 69.9769 69.9259
215600 69.6229 69.9258
215700 69.5672 69.9256
215800 69.3542 69.9253
215900 69.3455 69.9251
216000 69.6304 69.9249
216100 70.4173 69.9252
216200 70.1569 69.9253
216300 69.9309 69.9253
216400 69.7087 69.9252
216500 69.7667 69.9251
216600 69.8022 69.925
216700 70.0107 69.9251
216800 69.8992 69.9251
216900 69.7845 69.925
217000 69.5049 69.9248
217100 69.5108 69.9246
217200 69.1141 69.9242
217300 69.1056 69.9239
217400 69.1286 69.9235
217500 69.036 69.9231
217600 69.5857 69.9229
217700 69.7535 69.9229
217800 69.7267 69.9228
217900 69.9598 69.9228
218000 70.1307 69.9229
218100 69.9713 69.9229
218200 69.7612 69.9228
218300 70.0634 69.9229
218400 69.9959 69.9229
218500 70.0656 69.923
218600 69.4798 69.9228
218700 69.4645 69.9226
218800 69.5156 69.9224
218900 69.7303 69.9223
219000 69.6701 69.9222
219100 69.4022 69.922
219200 69.7222 69.9219
219300 70.1016 69.9219
219400 69.8225 69.9219
219500 70.0403 69.922
219600 70.0225 69.922
219700 69.6429 69.9219
219800 70.1107 69.922
219900 69.6575 69.9218
220000 69.6865 69.9217
220100 70.3109 69.9219
220200 69.9224 69.9219
220300 70.392 69.9221
220400 70.1855 69.9222
220500 69.8545 69.9222
220600 70.3897 69.9224
220700 70.8965 69.9229
220800 71.0007 69.9234
220900 70.5311 69.9236
221000 70.0992 69.9237
221100 69.7498 69.9236
221200 69.1046 69.9233
221300 69.0427 69.9229
221400 69.3841 69.9226
221500 69.7759 69.9226
221600 69.8834 69.9225
221700 70.1209 69.9226
221800 70.3872 69.9228
221900 70.1907 69.923
222000 70.1494 69.9231
222100 69.9841 69.9231
222200 70.1931 69.9232
222300 70.3613 69.9234
222400 69.9811 69.9234
222500 69.5169 69.9232
222600 69.7589 69.9232
222700 69.5847 69.923
222800 69.5066 69.9228
222900 70.0865 69.9229
223000 70.0793 69.923
223100 69.9655 69.923
223200 70.1175 69.9231
223300 69.7858 69.923
223400 70.0273 69.9231
223500 70.4084 69.9233
223600 70.2073 69.9234
223700 70.1985 69.9235
223800 69.8115 69.9235
223900 69.8079 69.9234
224000 69.7336 69.9233
224100 69.717 69.9233
224200 69.2728 69.923
224300 69.9065 69.923
224400 69.7773 69.9229
224500 69.7285 69.9228
224600 70.3532 69.923
224700 70.1456 69.9231
224800 70.3307 69.9233
224900 69.8968 69.9233
225000 69.8878 69.9233
225100 69.5949 69.9231
225200 69.3522 69.9229
225300 69.3503 69.9226
225400 69.5682 69.9224
225500 69.6542 69.9223
225600 69.3327 69.9221
225700 69.6984 69.922
225800 69.6701 69.9218
225900 69.6711 69.9217
226000 69.753 69.9217
226100 69.9861 69.9217
226200 70.1463 69.9218
226300 69.7329 69.9217
226400 69.6407 69.9216
226500 69.718 69.9215
226600 69.7778 69.9214
226700 70.1091 69.9215
226800 69.6446 69.9214
226900 69.8579 69.9214
227000 70.2952 69.9215
227100 69.8806 69.9215
227200 70.5552 69.9218
227300 70.4555 69.922
227400 70.3308 69.9222
227500 70.5416 69.9225
227600 70.175 69.9226
227700 69.9805 69.9226
227800 70.0771 69.9227
227900 69.8962 69.9227
228000 69.7454 69.9226
228100 70.2016 69.9227
228200 69.8076 69.9227
228300 70.1608 69.9228
228400 70.0774 69.9228
228500 70.1311 69.9229
228600 70.0056 69.923
228700 70.0409 69.923
228800 69.4625 69.9228
228900 69.0984 69.9225
229000 70.178 69.9226
229100 70.0559 69.9226
229200 69.8227 69.9226
229300 69.9368 69.9226
229400 69.7547 69.9225
229500 70.1048 69.9226
229600 70.063 69.9227
229700 69.1885 69.9223
229800 69.1606 69.922
229900 69.1748 69.9217
230000 68.9705 69.9213
230100 69.125 69.9209
230200 69.1836 69.9206
230300 69.5578 69.9204
230400 69.6169 69.9203
230500 69.4554 69.9201
230600 69.8569 69.9201
230700 69.4525 69.9199
230800 69.3033 69.9196
230900 69.8231 69.9196
231000 69.8904 69.9196
231100 69.7626 69.9195
231200 70.1198 69.9196
231300 69.9542 69.9196
231400 69.5912 69.9194
231500 68.8456 69.919
231600 69.2631 69.9187
231700 70.0241 69.9187
231800 70.0931 69.9188
231900 69.7166 69.9187
232000 69.813 69.9187
232100 70.0316 69.9187
232200 70.3011 69.9189
232300 70.2808 69.9191
232400 69.6339 69.9189
232500 69.3532 69.9187
232600 70.0157 69.9187
232700 69.7132 69.9186
232800 69.5769 69.9185
232900 69.384 69.9183
233000 69.3344 69.918
233100 69.7401 69.9179
233200 69.8828 69.9179
233300 70.1466 69.918
233400 69.7755 69.918
233500 70.084 69.918
233600 70.0848 69.9181
233700 70.2372 69.9182
233800 70.1344 69.9183
233900 70.1625 69.9184
234000 70.2466 69.9186
234100 69.784 69.9185
234200 69.9903 69.9186
234300 69.6539 69.9184
234400 69.5754 69.9183
234500 69.6338 69.9182
234600 69.7588 69.9181
234700 69.6373 69.918
234800 69.8189 69.9179
234900 69.5238 69.9178
235000 69.4469 69.9176
235100 70.0286 69.9176
235200 69.8533 69.9176
235300 70.3266 69.9178
235400 70.3979 69.918
235500 69.9719 69.918
235600 70.3212 69.9182
235700 69.9624 69.9182
235800 69.8789 69.9182
235900 69.6218 69.918
236000 69.7608 69.918
236100 69.9525 69.918
236200 69.8865 69.918
236300 69.5714 69.9178
236400 69.5057 69.9177
236500 69.674 69.9176
236600 69.8514 69.9175
236700 69.4918 69.9173
236800 69.6118 69.9172
236900 69.3948 69.917
237000 69.2949 69.9167
237100 69.2007 69.9164
237200 69.2551 69.9162
237300 69.4399 69.9159
237400 69.3825 69.9157
237500 69.6998 69.9156
237600 70.1086 69.9157
237700 70.3151 69.9159
237800 69.973 69.9159
237900 69.848 69.9159
238000 70.1248 69.916
238100 70.0461 69.916
238200 69.8789 69.916
238300 69.6431 69.9159
238400 69.4756 69.9157
238500 69.7579 69.9156
238600 70.1822 69.9158
238700 70.3459 69.9159
238800 69.7822 69.9159
238900 70.1298 69.916
239000 69.9278 69.916
239100 70.07 69.916
239200 69.449 69.9158
239300 69.4993 69.9157
239400 69.8597 69.9156
239500 70.0541 69.9157
239600 69.9725 69.9157
239700 69.9746 69.9157
239800 69.6547 69.9156
239900 69.8036 69.9156
240000 69.9395 69.9156
240100 69.9349 69.9156
240200 70.0211 69.9157
240300 70.3514 69.9158
240400 70.1811 69.9159
240500 69.8461 69.9159
240600 69.7363 69.9158
240700 69.5941 69.9157
240800 69.6882 69.9156
240900 69.6502 69.9155
241000 69.8745 69.9155
241100 69.4915 69.9153
241200 69.9157 69.9153
241300 69.8167 69.9153
241400 70.3011 69.9154
241500 70.5107 69.9157
241600 70.3146 69.9158
241700 69.9614 69.9159
241800 70.027 69.9159
241900 70.6892 69.9162
242000 70.2716 69.9164
242100 70.4154 69.9166
242200 70.6445 69.9169
242300 70.1482 69.917
242400 70.01 69.917
242500 69.8287 69.917
242600 70.0163 69.917
242700 70.093 69.9171
242800 70.017 69.9171
242900 70.4963 69.9174
243000 70.2733 69.9175
243100 70.1546 69.9176
243200 70.7159 69.9179
243300 70.6409 69.9182
243400 70.3512 69.9184
243500 70.1358 69.9185
243600 70.5087 69.9187
243700 70.0106 69.9188
243800 70.2917 69.9189
243900 70.1973 69.9191
244000 69.6258 69.9189
244100 70.0482 69.919
244200 69.6671 69.9189
244300 69.664 69.9188
244400 69.6788 69.9187
244500 70.1675 69.9188
244600 70.239 69.9189
244700 70.0266 69.919
244800 69.8523 69.9189
244900 69.9284 69.9189
245000 69.8019 69.9189
245100 69.7952 69.9188
245200 70.1158 69.9189
245300 69.7339 69.9188
245400 69.9836 69.9189
245500 70.0571 69.9189
245600 69.7154 69.9188
245700 69.8712 69.9188
245800 69.9696 69.9188
245900 69.2938 69.9186
246000 69.2695 69.9183
246100 69.7243 69.9182
246200 69.5983 69.9181
246300 69.9037 69.9181
246400 69.618 69.918
246500 69.6443 69.9179
246600 69.4575 69.9177
246700 69.5886 69.9176
246800 69.3443 69.9173
246900 70.0075 69.9174
247000 70.1517 69.9175
247100 70.1551 69.9176
247200 70.111 69.9176
247300 69.9017 69.9176
247400 69.9937 69.9177
247500 69.5754 69.9175
247600 69.5553 69.9174
247700 69.4477 69.9172
247800 69.5796 69.917
247900 69.5373 69.9169
248000 69.8371 69.9169
248100 69.5735 69.9167
248200 69.418 69.9165
248300 69.6916 69.9164
248400 69.9621 69.9164
248500 69.7942 69.9164
248600 70.2632 69.9165
248700 69.9444 69.9165
248800 69.6782 69.9165
248900 69.7581 69.9164
249000 70.4244 69.9166
249100 69.9966 69.9166
249200 70.0061 69.9167
249300 69.6482 69.9166
249400 70.3566 69.9167
249500 70.4543 69.9169
249600 70.4348 69.9172
249700 70.5634 69.9174
249800 70.6364 69.9177
249900 70.3938 69.9179
250000 70.3959 69.9181
250100 70.0042 69.9181
250200 70.1414 69.9182
250300 70.2581 69.9183
250400 69.783 69.9183
250500 69.7452 69.9182
250600 69.8822 69.9182
250700 70.3929 69.9184
250800 70.1434 69.9185
250900 70.2724 69.9186
251000 70.2701 69.9188
251100 70.5504 69.919
251200 69.9939 69.919
251300 70.1863 69.9192
251400 70.0514 69.9192
251500 69.633 69.9191
251600 69.5073 69.9189
251700 69.9735 69.9189
251800 70.7446 69.9193
251900 70.5312 69.9195
252000 70.5208 69.9198
252100 69.8906 69.9197
252200 70.323 69.9199
252300 70.8951 69.9203
252400 70.3368 69.9205
252500 69.9809 69.9205
252600 70.5278 69.9207
252700 69.8454 69.9207
252800 70.0027 69.9207
252900 70.2845 69.9209
253000 70.7574 69.9212
253100 70.4921 69.9214
253200 70.8042 69.9218
253300 70.377 69.922
253400 70.7362 69.9223
253500 70.5342 69.9225
253600 70.5448 69.9228
253700 70.5023 69.923
253800 70.418 69.9232
253900 70.7018 69.9235
254000 71.3495 69.9241
254100 70.5464 69.9243
254200 71.0464 69.9247
254300 70.5673 69.925
254400 70.1343 69.9251
254500 70.0613 69.9251
254600 70.2444 69.9253
254700 70.1667 69.9253
254800 69.9075 69.9253
254900 70.1855 69.9254
255000 70.2232 69.9256
255100 69.8219 69.9255
255200 69.4636 69.9253
255300 69.7986 69.9253
255400 69.9376 69.9253
255500 70.691 69.9256
255600 70.3518 69.9258
255700 70.6032 69.926
255800 70.8739 69.9264
255900 69.999 69.9264
256000 69.8404 69.9264
256100 70.0088 69.9264
256200 70.2099 69.9265
256300 70.4342 69.9267
256400 70.704 69.927
256500 70.5407 69.9273
256600 69.7377 69.9272
256700 69.8408 69.9272
256800 69.9891 69.9272
256900 69.8618 69.9272
257000 69.6989 69.9271
257100 69.3641 69.9269
257200 69.5633 69.9267
257300 69.8105 69.9267
257400 70.0876 69.9267
257500 69.305 69.9265
257600 69.5917 69.9264
257700 70.0186 69.9264
257800 69.7718 69.9263
257900 69.9444 69.9263
258000 69.6766 69.9262
258100 69.8522 69.9262
258200 70.2754 69.9264
258300 70.2082 69.9265
258400 70.1535 69.9266
258500 70.2272 69.9267
258600 69.91 69.9267
258700 69.7593 69.9266
258800 69.9513 69.9266
258900 69.5756 69.9265
259000 69.7379 69.9264
259100 69.3282 69.9262
259200 69.8159 69.9261
259300 69.6137 69.926
259400 69.8053 69.926
259500 69.7816 69.9259
259600 70.2399 69.926
259700 70.6347 69.9263
259800 70.0607 69.9263
259900 70.2207 69.9265
260000 69.8058 69.9264
260100 69.8705 69.9264
260200 69.839 69.9264
260300 69.4242 69.9262
260400 69.8497 69.9261
260500 69.5314 69.926
260600 69.7487 69.9259
260700 69.6711 69.9258
260800 70.0735 69.9259
260900 69.598 69.9257
261000 69.5117 69.9256
261100 69.7941 69.9255
261200 69.7678 69.9255
261300 69.719 69.9254
261400 70.173 69.9255
261500 70.3311 69.9257
261600 70.0759 69.9257
261700 70.2522 69.9258
261800 70.4022 69.926
261900 70.0402 69.9261
262000 70.3094 69.9262
262100 69.833 69.9262
262200 70.0456 69.9262
262300 70.0488 69.9263
262400 69.7822 69.9262
262500 70.3033 69.9264
262600 70.0726 69.9264
262700 70.0149 69.9264
262800 69.905 69.9264
262900 69.7185 69.9264
263000 69.602 69.9262
263100 69.7814 69.9262
263200 70.086 69.9262
263300 70.0321 69.9263
263400 69.5649 69.9261
263500 69.6521 69.926
263600 69.5872 69.9259
263700 69.4518 69.9257
263800 69.8353 69.9257
263900 69.8379 69.9257
264000 69.6943 69.9256
264100 69.8076 69.9255
264200 69.5183 69.9254
264300 69.7559 69.9253
264400 69.6005 69.9252
264500 69.9323 69.9252
264600 69.5569 69.925
264700 69.6069 69.9249
264800 69.9209 69.9249
264900 69.842 69.9249
265000 69.4389 69.9247
265100 69.0131 69.9244
265200 69.464 69.9242
265300 69.5966 69.9241
265400 69.6724 69.924
265500 69.7584 69.9239
265600 69.5929 69.9238
265700 70.1331 69.9239
265800 69.8154 69.9238
265900 69.7401 69.9238
266000 69.8686 69.9237
266100 70.1921 69.9238
266200 70.0051 69.9239
266300 69.6526 69.9238
266400 69.9835 69.9238
266500 69.8857 69.9238
266600 70.0142 69.9238
266700 70.0597 69.9239
266800 69.9237 69.9239
266900 69.9893 69.9239
267000 70.0336 69.9239
267100 70.0117 69.924
267200 69.5635 69.9238
267300 70.2496 69.9239
267400 70.1031 69.924
267500 70.1968 69.9241
267600 69.8533 69.9241
267700 69.8993 69.9241
267800 70.1033 69.9241
267900 69.802 69.9241
268000 69.6142 69.924
268100 69.5255 69.9238
268200 70.0345 69.9239
268300 69.9261 69.9239
268400 69.4812 69.9237
268500 69.8858 69.9237
268600 69.8399 69.9237
268700 70.0871 69.9237
268800 69.8714 69.9237
268900 70.1486 69.9238
269000 69.6312 69.9237
269100 70.2932 69.9238
269200 70.1624 69.9239
269300 70.2151 69.924
269400 69.7763 69.924
269500 69.4018 69.9238
269600 69.6925 69.9237
269700 69.9462 69.9237
269800 69.5443 69.9236
269900 70.0784 69.9236
270000 70.0789 69.9237
270100 69.8878 69.9237
270200 70.0507 69.9237
270300 69.9004 69.9237
270400 70.2818 69.9238
270500 70.0145 69.9239
270600 69.8052 69.9238
270700 69.6289 69.9237
270800 69.4103 69.9235
270900 69.1161 69.9232
271000 69.095 69.9229
271100 68.9489 69.9226
271200 69.4586 69.9224
271300 69.1065 69.9221
271400 69.8114 69.922
271500 69.6483 69.9219
271600 70.0287 69.922
271700 69.5708 69.9218
271800 69.5601 69.9217
271900 69.9947 69.9217
272000 70.4099 69.9219
272100 70.054 69.922
272200 69.7479 69.9219
272300 69.9843 69.9219
272400 69.4461 69.9218
272500 69.6582 69.9217
272600 69.367 69.9215
272700 69.6861 69.9214
272800 69.2659 69.9211
272900 69.1969 69.9209
273000 69.2508 69.9206
273100 68.9904 69.9203
273200 69.3584 69.9201
273300 68.9365 69.9197
273400 69.1748 69.9194
273500 68.958 69.9191
273600 69.4453 69.9189
273700 69.3344 69.9187
273800 69.5514 69.9186
273900 70.6951 69.9188
274000 70.6383 69.9191
274100 70.2591 69.9192
274200 70.412 69.9194
274300 70.3733 69.9196
274400 70.1693 69.9197
274500 70.1211 69.9197
274600 69.9784 69.9198
274700 69.89 69.9198
274800 70.0276 69.9198
274900 69.8352 69.9198
275000 70.0655 69.9198
275100 69.7087 69.9197
275200 69.6234 69.9196
275300 70.1928 69.9197
275400 69.6404 69.9196
275500 69.3311 69.9194
275600 69.6289 69.9193
275700 69.5445 69.9192
275800 69.1089 69.9189
275900 69.6643 69.9188
276000 69.6575 69.9187
276100 69.4396 69.9185
276200 69.9643 69.9185
276300 69.9067 69.9185
276400 70.0168 69.9186
276500 69.8397 69.9185
276600 70.0178 69.9186
276700 70.2339 69.9187
276800 70.1538 69.9188
276900 70.0632 69.9188
277000 69.704 69.9188
277100 69.9474 69.9188
277200 70.1236 69.9188
277300 70.1694 69.9189
277400 69.9988 69.919
277500 70.0294 69.919
277600 69.6007 69.9189
277700 69.6708 69.9188
277800 69.5454 69.9187
277900 70.0065 69.9187
278000 70.2647 69.9188
278100 70.6075 69.9191
278200 69.8972 69.9191
278300 69.9804 69.9191
278400 70.0848 69.9191
278500 70.0421 69.9192
278600 69.8052 69.9191
278700 69.957 69.9191
278800 69.698 69.9191
278900 70.0139 69.9191
279000 69.839 69.9191
279100 69.9672 69.9191
279200 69.9888 69.9191
279300 69.9132 69.9191
279400 70.2929 69.9192
279500 70.2648 69.9194
279600 70.281 69.9195
279700 70.2793 69.9196
279800 70.1911 69.9197
279900 69.9889 69.9198
280000 69.6154 69.9196
280100 69.1727 69.9194
280200 69.7765 69.9193
280300 69.8514 69.9193
280400 70.1807 69.9194
280500 70.0601 69.9194
280600 70.2341 69.9196
280700 70.0471 69.9196
280800 70.327 69.9197
280900 69.8502 69.9197
281000 69.5378 69.9196
281100 69.2336 69.9193
281200 68.9796 69.919
281300 68.9664 69.9187
281400 69.5268 69.9185
281500 69.8315 69.9185
281600 69.9603 69.9185
281700 69.9083 69.9185
281800 69.8478 69.9185
281900 69.8439 69.9185
282000 70.534 69.9187
282100 70.9169 69.919
282200 71.0122 69.9194
282300 70.1691 69.9195
282400 70.41 69.9197
282500 70.3189 69.9198
282600 70.1093 69.9199
282700 70.0779 69.9199
282800 70.3201 69.9201
282900 70.1631 69.9202
283000 70.2577 69.9203
283100 70.4491 69.9205
283200 70.5753 69.9207
283300 69.9565 69.9207
283400 70.1112 69.9208
283500 69.7139 69.9207
283600 69.5984 69.9206
283700 70.4363 69.9208
283800 70.0292 69.9208
283900 70.051 69.9209
284000 70.2725 69.921
284100 70.0361 69.921
284200 70.1541 69.9211
284300 69.969 69.9211
284400 70.367 69.9213
284500 69.8114 69.9213
284600 69.9221 69.9213
284700 69.6578 69.9212
284800 69.8427 69.9211
284900 69.9883 69.9212
285000 69.9539 69.9212
285100 70.3568 69.9213
285200 70.6498 69.9216
285300 70.3318 69.9217
285400 70.2947 69.9218
285500 70.0671 69.9219
285600 70.2968 69.922
285700 70.0781 69.9221
285800 70.1801 69.9222
285900 69.7144 69.9221
286000 69.791 69.9221
286100 69.7231 69.922
286200 69.8173 69.922
286300 69.9307 69.922
286400 70.1979 69.9221
286500 70.2084 69.9222
286600 70.2781 69.9223
286700 69.7334 69.9222
286800 69.6534 69.9221
286900 69.3863 69.9219
287000 69.6712 69.9218
287100 70.1834 69.9219
287200 69.8912 69.9219
287300 69.5568 69.9218
287400 69.6465 69.9217
287500 69.6473 69.9216
287600 69.7716 69.9216
287700 69.431 69.9214
287800 69.6454 69.9213
287900 69.7263 69.9212
288000 69.7258 69.9211
288100 69.5082 69.921
288200 69.501 69.9209
288300 69.4049 69.9207
288400 69.5049 69.9205
288500 69.142 69.9203
288600 69.21 69.92
288700 69.2915 69.9198
288800 69.7429 69.9197
288900 70.2341 69.9199
289000 70.2156 69.92
289100 70.0928 69.92
289200 70.0872 69.9201
289300 69.8047 69.92
289400 70.0626 69.9201
289500 70.0745 69.9201
289600 69.8984 69.9201
289700 70.0582 69.9202
289800 69.7055 69.9201
289900 69.5742 69.92
290000 69.7304 69.9199
290100 69.5348 69.9198
290200 69.7764 69.9197
290300 70.0112 69.9198
290400 69.8539 69.9197
290500 69.7449 69.9197
290600 70.0125 69.9197
290700 70.2285 69.9198
290800 69.9816 69.9198
290900 69.8946 69.9198
291000 69.3392 69.9196
291100 69.9017 69.9196
291200 69.7646 69.9196
291300 69.54 69.9194
291400 69.6593 69.9194
291500 69.8002 69.9193
291600 69.7547 69.9193
291700 69.6331 69.9192
291800 69.7807 69.9191
291900 69.8292 69.9191
292000 69.4861 69.9189
292100 69.3309 69.9187
292200 70.1488 69.9188
292300 69.9113 69.9188
292400 69.8164 69.9188
292500 69.3709 69.9186
292600 69.8783 69.9186
292700 69.6629 69.9185
292800 70.187 69.9186
292900 69.7551 69.9185
293000 70.0739 69.9186
293100 69.706 69.9185
293200 69.6675 69.9184
293300 69.4816 69.9183
293400 69.6229 69.9182
293500 69.7108 69.9181
293600 69.6101 69.918
293700 70.0158 69.918
293800 70.2282 69.9181
293900 69.787 69.9181
294000 69.7163 69.918
294100 69.2528 69.9178
294200 69.8084 69.9178
294300 69.9555 69.9178
294400 69.4014 69.9176
294500 69.6111 69.9175
294600 69.5633 69.9174
294700 69.8339 69.9173
294800 69.5763 69.9172
294900 69.2553 69.917
295000 69.1698 69.9167
295100 69.2634 69.9165
295200 69.1129 69.9162
295300 69.233 69.916
295400 69.566 69.9159
295500 69.032 69.9156
295600 69.1285 69.9153
295700 69.3823 69.9152
295800 69.3302 69.915
295900 69.4739 69.9148
296000 69.6438 69.9147
296100 69.6443 69.9146
296200 69.6633 69.9145
296300 69.8719 69.9145
296400 70.3857 69.9147
296500 69.9317 69.9147
296600 70.4817 69.9149
296700 69.9028 69.9149
296800 70.0288 69.9149
296900 70.1137 69.915
297000 69.9337 69.915
297100 69.8724 69.915
297200 69.3802 69.9148
297300 69.1572 69.9145
297400 69.6982 69.9145
297500 69.1306 69.9142
297600 69.4769 69.9141
297700 69.8617 69.914
297800 69.718 69.914
297900 69.9887 69.914
298000 69.5006 69.9139
298100 69.8381 69.9138
298200 69.6383 69.9137
298300 70.1277 69.9138
298400 69.5329 69.9137
298500 69.3619 69.9135
298600 69.4487 69.9133
298700 69.37 69.9132
298800 69.8707 69.9131
298900 70.0003 69.9132
299000 69.5709 69.9131
299100 69.5198 69.9129
299200 69.3238 69.9127
299300 69.7149 69.9127
299400 69.4502 69.9125
299500 69.5153 69.9124
299600 69.5208 69.9123
299700 70.0507 69.9123
299800 70.2417 69.9124
299900 70.0267 69.9124
300000 69.9936 69.9125
300100 69.586 69.9124
300200 69.8169 69.9123
300300 69.6657 69.9122
300400 70.0657 69.9123
300500 70.2052 69.9124
300600 70.0268 69.9124
300700 69.7624 69.9124
300800 70.2251 69.9125
300900 70.3318 69.9126
301000 69.5045 69.9125
301100 70.2168 69.9126
301200 70.4695 69.9128
301300 70.5151 69.913
301400 70.2444 69.9131
301500 70.0452 69.9131
301600 70.0786 69.9132
301700 70.0681 69.9132
301800 69.833 69.9132
301900 69.9722 69.9132
302000 69.9905 69.9133
302100 69.9148 69.9133
302200 70.1627 69.9133
302300 69.9538 69.9134
302400 69.8796 69.9133
302500 70.5261 69.9135
302600 70.3634 69.9137
302700 70.2456 69.9138
302800 70.6781 69.9141
302900 70.1064 69.9141
303000 70.2498 69.9142
303100 70.1327 69.9143
303200 70.5356 69.9145
303300 70.4479 69.9147
303400 70.464 69.9149
303500 71.2284 69.9153
303600 70.541 69.9155
303700 70.4223 69.9157
303800 70.4116 69.9158
303900 70.4202 69.916
304000 70.3538 69.9161
304100 70.2893 69.9163
304200 69.8002 69.9162
304300 70.0767 69.9163
304400 69.9243 69.9163
304500 69.6966 69.9162
304600 69.41 69.916
304700 69.746 69.916
304800 70.0147 69.916
304900 69.9753 69.916
305000 69.7649 69.916
305100 70.3325 69.9161
305200 70.3191 69.9163
305300 70.2157 69.9164
305400 69.9108 69.9164
305500 70.2753 69.9165
305600 70.0982 69.9165
305700 69.7202 69.9165
305800 69.8415 69.9164
305900 70.1758 69.9165
306000 70.6995 69.9168
306100 70.4768 69.917
306200 70.1886 69.9171
306300 70.1171 69.9171
306400 69.9751 69.9171
306500 70.2617 69.9173
306600 70.256 69.9174
306700 70.339 69.9175
306800 69.9193 69.9175
306900 70.2659 69.9176
307000 70.1701 69.9177
307100 70.2675 69.9178
307200 70.2312 69.9179
307300 69.6013 69.9178
307400 70.2999 69.9179
307500 70.3318 69.9181
307600 69.9144 69.9181
307700 70.0384 69.9181
307800 69.6877 69.918
307900 69.9543 69.918
308000 69.5478 69.9179
308100 68.8751 69.9176
308200 68.7636 69.9172
308300 69.2054 69.917
308400 69.6233 69.9169
308500 69.6654 69.9168
308600 69.9092 69.9168
308700 69.6751 69.9167
308800 69.3899 69.9166
308900 70.041 69.9166
309000 69.7321 69.9165
309100 70.3283 69.9167
309200 70.2627 69.9168
309300 70.3921 69.9169
309400 70.248 69.917
309500 70.0429 69.9171
309600 70.4308 69.9172
309700 70.5405 69.9174
309800 69.9992 69.9175
309900 70.6287 69.9177
310000 70.6308 69.9179
310100 70.0058 69.918
310200 70.5876 69.9182
310300 70.4291 69.9183
310400 69.9235 69.9183
310500 69.563 69.9182
310600 69.4279 69.9181
310700 69.9544 69.9181
310800 70.2282 69.9182
310900 69.726 69.9181
311000 69.8774 69.9181
311100 70.2123 69.9182
311200 70.4334 69.9184
311300 70.4725 69.9185
311400 70.0241 69.9186
311500 69.8397 69.9186
311600 70.1089 69.9186
311700 70.1511 69.9187
311800 69.8263 69.9187
311900 69.8125 69.9186
312000 69.939 69.9186
312100 70.089 69.9187
312200 69.6003 69.9186
312300 69.7667 69.9185
312400 69.3364 69.9183
312500 69.6019 69.9182
312600 69.3893 69.9181
312700 69.5404 69.918
312800 69.7898 69.9179
312900 70.1601 69.918
313000 70.6716 69.9182
313100 70.5437 69.9184
313200 70.5591 69.9186
313300 70.6077 69.9189
313400 70.4269 69.919
313500 69.7413 69.919
313600 69.9996 69.919
313700 70.4112 69.9191
313800 70.4621 69.9193
313900 70.0493 69.9194
314000 69.8463 69.9193
314100 69.699 69.9193
314200 69.5588 69.9192
314300 69.6579 69.9191
314400 69.4156 69.9189
314500 69.8292 69.9189
314600 69.8869 69.9189
314700 70.2425 69.919
314800 70.4102 69.9191
314900 69.7962 69.9191
315000 69.6983 69.919
315100 69.5106 69.9189
315200 69.6589 69.9188
315300 70.0475 69.9189
315400 70.0923 69.9189
315500 69.6778 69.9188
315600 69.6284 69.9187
315700 69.3234 69.9185
315800 69.5536 69.9184
315900 69.281 69.9182
316000 69.359 69.9181
316100 69 69.9178
316200 69.166 69.9175
316300 69.7633 69.9175
316400 69.2544 69.9173
316500 69.7118 69.9172
316600 69.8029 69.9172
316700 69.9787 69.9172
316800 69.7226 69.9171
316900 69.6606 69.917
317000 69.3521 69.9169
317100 70.0636 69.9169
317200 70.2625 69.917
317300 69.8878 69.917
317400 69.5648 69.9169
317500 69.6037 69.9168
317600 69.787 69.9168
317700 69.6672 69.9167
317800 70.3319 69.9168
317900 69.8471 69.9168
318000 69.7833 69.9167
318100 69.3393 69.9166
318200 69.5682 69.9165
318300 69.4418 69.9163
318400 69.9048 69.9163
318500 70.0124 69.9163
318600 69.8211 69.9163
318700 69.7339 69.9162
318800 69.8323 69.9162
318900 70.1355 69.9163
319000 70.7154 69.9165
319100 70.5016 69.9167
319200 69.9378 69.9167
319300 70.0833 69.9168
319400 69.7818 69.9167
319500 69.5994 69.9166
319600 70.1124 69.9167
319700 70.3804 69.9168
319800 70.4192 69.917
319900 70.358 69.9171
320000 70.7821 69.9174
320100 70.082 69.9175
320200 70.0445 69.9175
320300 69.8994 69.9175
320400 70.2236 69.9176
320500 69.9803 69.9176
320600 70.5217 69.9178
320700 69.9502 69.9178
320800 69.8358 69.9178
320900 69.8578 69.9178
321000 69.5705 69.9177
321100 69.4211 69.9175
321200 69.7399 69.9175
321300 69.8126 69.9174
321400 69.9965 69.9174
321500 69.8629 69.9174
321600 70.5117 69.9176
321700 70.4555 69.9178
321800 69.9217 69.9178
321900 70.2586 69.9179
322000 70.1901 69.918
322100 70.9617 69.9183
322200 71.0026 69.9186
322300 70.8739 69.9189
322400 71.2562 69.9193
322500 70.2428 69.9194
322600 70.4331 69.9196
322700 69.9794 69.9196
322800 69.8494 69.9196
322900 69.8757 69.9196
323000 70.1237 69.9196
323100 70.1062 69.9197
323200 70.0686 69.9198
323300 70.0375 69.9198
323400 70.2277 69.9199
323500 70.0397 69.9199
323600 69.9587 69.9199
323700 69.7854 69.9199
323800 69.9737 69.9199
323900 69.4932 69.9198
324000 69.9901 69.9198
324100 69.8947 69.9198
324200 69.812 69.9198
324300 70.2213 69.9198
324400 70.2888 69.92
324500 70.8667 69.9203
324600 70.7643 69.9205
324700 70.2384 69.9206
324800 70.1281 69.9207
324900 70.118 69.9207
325000 69.8522 69.9207
325100 69.8949 69.9207
325200 69.9203 69.9207
325300 69.7907 69.9207
325400 70.505 69.9208
325500 70.5541 69.921
325600 70.3249 69.9212
325700 69.4952 69.921
325800 69.6423 69.9209
325900 69.99 69.921
326000 69.6623 69.9209
326100 69.7116 69.9208
326200 70.3888 69.921
326300 70.2228 69.9211
326400 70.2847 69.9212
326500 70.427 69.9213
326600 70.2596 69.9214
326700 69.9828 69.9215
326800 69.6025 69.9214
326900 70.0562 69.9214
327000 69.9946 69.9214
327100 70.0761 69.9215
327200 70.2407 69.9216
327300 70.1858 69.9216
327400 69.5694 69.9215
327500 69.563 69.9214
327600 69.9655 69.9214
327700 69.8098 69.9214
327800 70.1454 69.9215
327900 70.3036 69.9216
328000 69.9561 69.9216
328100 69.5848 69.9215
328200 69.7266 69.9214
328300 69.673 69.9214
328400 69.4053 69.9212
328500 69.7356 69.9211
328600 70.0683 69.9212
328700 69.5987 69.9211
328800 69.9151 69.9211
328900 70.1118 69.9212
329000 69.7478 69.9211
329100 70.2051 69.9212
329200 70.2005 69.9213
329300 69.6132 69.9212
329400 70.0223 69.9212
329500 70.4816 69.9214
329600 70.3329 69.9215
329700 69.6426 69.9214
329800 69.7454 69.9214
329900 70.1169 69.9214
330000 69.8594 69.9214
330100 69.9084 69.9214
330200 70.0032 69.9214
330300 69.7359 69.9214
330400 70.2104 69.9215
330500 69.9738 69.9215
330600 69.8006 69.9214
330700 69.8133 69.9214
330800 69.6459 69.9213
330900 69.4869 69.9212
331000 69.195 69.921
331100 69.4926 69.9208
331200 69.5271 69.9207
331300 69.9682 69.9207
331400 69.7629 69.9207
331500 70.195 69.9208
331600 70.4103 69.9209
331700 70.2059 69.921
331800 70.2581 69.9211
331900 69.7143 69.921
332000 69.5449 69.9209
332100 69.6691 69.9209
332200 69.7969 69.9208
332300 69.8533 69.9208
332400 69.8788 69.9208
332500 69.7649 69.9207
332600 69.6522 69.9207
332700 69.6243 69.9206
332800 69.8216 69.9205
332900 69.6233 69.9204
333000 70.0454 69.9205
333100 69.8139 69.9205
333200 70.0921 69.9205
333300 70.0383 69.9205
333400 70.0916 69.9206
333500 71.0036 69.9209
333600 70.3845 69.9211
333700 70.22 69.9211
333800 70.2689 69.9213
333900 69.9525 69.9213
334000 69.834 69.9212
334100 69.65 69.9212
334200 69.5763 69.921
334300 69.9409 69.9211
334400 69.3096 69.9209
334500 69.8382 69.9208
334600 69.7702 69.9208
334700 70.1767 69.9209
334800 70.1035 69.9209
334900 70.2043 69.921
335000 70.2847 69.9211
335100 70.5162 69.9213
335200 69.9341 69.9213
335300 69.8124 69.9213
335400 70.094 69.9213
335500 69.8767 69.9213
335600 69.8135 69.9213
335700 69.1756 69.9211
335800 69.8699 69.921
335900 69.7492 69.921
336000 69.7898 69.921
336100 70.1926 69.921
336200 69.7145 69.921
336300 69.6287 69.9209
336400 69.7237 69.9208
336500 69.2776 69.9206
336600 69.8512 69.9206
336700 69.6173 69.9205
336800 69.6654 69.9205
336900 70.0823 69.9205
337000 70.1574 69.9206
337100 70.0665 69.9206
337200 69.9653 69.9206
337300 70.0599 69.9207
337400 70.2947 69.9208
337500 70.2843 69.9209
337600 70.2169 69.921
337700 70.0924 69.921
337800 69.6971 69.921
337900 69.5892 69.9209
338000 69.4776 69.9207
338100 69.7765 69.9207
338200 69.4996 69.9206
338300 69.6641 69.9205
338400 69.7352 69.9204
338500 69.5588 69.9203
338600 69.7307 69.9203
338700 69.6462 69.9202
338800 69.7247 69.9201
338900 69.5802 69.92
339000 70.1258 69.9201
339100 69.78 69.92
339200 69.3437 69.9199
339300 69.5648 69.9198
339400 69.4606 69.9196
339500 69.4473 69.9195
339600 69.5304 69.9194
339700 69.6951 69.9193
339800 69.54 69.9192
339900 69.6287 69.9191
340000 69.9107 69.9191
340100 69.8805 69.9191
340200 70.5292 69.9193
340300 70.3242 69.9194
340400 70.2568 69.9195
340500 69.7747 69.9195
340600 69.8988 69.9195
340700 70.106 69.9195
340800 70.1316 69.9196
340900 69.7411 69.9195
341000 69.6395 69.9194
341100 69.9271 69.9194
341200 69.5694 69.9193
341300 69.724 69.9193
341400 70.0862 69.9193
341500 70.1178 69.9194
341600 70.2817 69.9195
341700 70.2291 69.9196
341800 69.9985 69.9196
341900 69.6787 69.9195
342000 70.0799 69.9196
342100 70.2832 69.9197
342200 70.0954 69.9197
342300 69.9516 69.9198
342400 70.105 69.9198
342500 69.9983 69.9198
342600 70.4693 69.92
342700 70.3521 69.9201
342800 70.6019 69.9203
342900 70.3448 69.9204
343000 70.1772 69.9205
343100 70.4798 69.9207
343200 70.4753 69.9208
343300 70.4406 69.921
343400 69.7456 69.9209
343500 69.8925 69.9209
343600 69.9616 69.9209
343700 70.3677 69.9211
343800 69.5009 69.9209
343900 69.6787 69.9209
344000 70.1113 69.9209
344100 70.3932 69.9211
344200 70.2652 69.9212
344300 69.7151 69.9211
344400 69.744 69.9211
344500 69.9653 69.9211
344600 70.664 69.9213
344700 69.9649 69.9213
344800 70.0328 69.9213
344900 70.2359 69.9214
345000 70.0855 69.9215
345100 70.3378 69.9216
345200 70.3992 69.9217
345300 70.5203 69.9219
345400 70.0823 69.922
345500 69.7211 69.9219
345600 69.7605 69.9218
345700 69.8376 69.9218
345800 69.9918 69.9218
345900 69.7885 69.9218
346000 69.8614 69.9218
346100 69.6458 69.9217
346200 69.5824 69.9216
346300 70.203 69.9217
346400 69.9383 69.9217
346500 70.2387 69.9218
346600 69.9905 69.9218
346700 70.3773 69.9219
346800 69.9573 69.9219
346900 69.9455 69.922
347000 70.0265 69.922
347100 69.9581 69.922
347200 69.5943 69.9219
347300 69.8576 69.9219
347400 69.2435 69.9217
347500 69.449 69.9215
347600 69.1711 69.9213
347700 69.5157 69.9212
347800 70.01 69.9212
347900 69.5793 69.9211
348000 69.9276 69.9211
348100 70.2977 69.9213
348200 69.8648 69.9212
348300 70.2311 69.9213
348400 70.0037 69.9214
348500 69.9171 69.9213
348600 70.5684 69.9215
348700 70.58 69.9217
348800 70.8553 69.922
348900 70.9396 69.9223
349000 70.7947 69.9225
349100 70.2996 69.9226
349200 70.6485 69.9228
349300 70.4573 69.923
349400 70.3491 69.9231
349500 70.0859 69.9232
349600 70.2983 69.9233
349700 70.1154 69.9233
349800 69.9569 69.9233
349900 70.2486 69.9234
350000 70.1957 69.9235
350100 70.3206 69.9236
350200 70.4852 69.9238
350300 70.483 69.9239
350400 69.8735 69.9239
350500 70.2732 69.924
350600 70.3884 69.9242
350700 70.1823 69.9242
350800 70.5043 69.9244
350900 70.6623 69.9246
351000 70.0947 69.9247
351100 70.1141 69.9247
351200 70.0161 69.9247
351300 69.8537 69.9247
351400 69.7882 69.9247
351500 69.5179 69.9246
351600 69.7287 69.9245
351700 70.0879 69.9246
351800 70.0112 69.9246
351900 69.9376 69.9246
352000 69.9701 69.9246
352100 69.4954 69.9245
352200 70.1017 69.9245
352300 70.436 69.9247
352400 70.5255 69.9248
352500 70.7025 69.9251
352600 70.3435 69.9252
352700 70.1428 69.9252
352800 70.1004 69.9253
352900 69.3846 69.9251
353000 69.9953 69.9252
353100 70.1221 69.9252
353200 70.1811 69.9253
353300 69.9557 69.9253
353400 70.1271 69.9254
353500 69.6687 69.9253
353600 69.6141 69.9252
353700 69.9692 69.9252
353800 69.9734 69.9252
353900 69.787 69.9252
354000 69.947 69.9252
354100 70.0692 69.9252
354200 70.506 69.9254
354300 70.117 69.9254
354400 70.3592 69.9256
354500 70.129 69.9256
354600 70.1489 69.9257
354700 70.3104 69.9258
354800 69.9005 69.9258
354900 70.3034 69.9259
355000 69.8274 69.9259
355100 70.1378 69.9259
355200 69.541 69.9258
355300 70.2453 69.9259
355400 70.1646 69.926
355500 69.8484 69.926
355600 69.9619 69.926
355700 70.2562 69.9261
355800 70.5251 69.9262
355900 70.6102 69.9264
356000 70.4127 69.9266
356100 70.3704 69.9267
356200 70.4379 69.9268
356300 70.8215 69.9271
356400 70.4106 69.9272
356500 70.4084 69.9273
356600 70.5779 69.9275
356700 70.4434 69.9277
356800 69.8179 69.9276
356900 69.4998 69.9275
357000 69.5049 69.9274
357100 69.2079 69.9272
357200 69.2796 69.927
357300 69.6821 69.927
357400 69.843 69.9269
357500 69.4541 69.9268
357600 69.4714 69.9267
357700 69.946 69.9267
357800 69.1137 69.9264
357900 69.9433 69.9265
358000 69.9625 69.9265
358100 69.7535 69.9264
358200 69.9248 69.9264
358300 69.8822 69.9264
358400 70.2136 69.9265
358500 69.879 69.9265
358600 70.1078 69.9265
358700 69.564 69.9264
358800 69.3392 69.9263
358900 69.7867 69.9262
359000 69.9118 69.9262
359100 70.0508 69.9262
359200 70.2703 69.9263
359300 70.4474 69.9265
359400 70.1197 69.9265
359500 69.4599 69.9264
359600 69.2006 69.9262
359700 69.2507 69.926
359800 69.4797 69.9259
359900 69.5071 69.9258
360000 69.9829 69.9258
360100 69.9649 69.9258
360200 69.7977 69.9258
360300 69.9128 69.9258
360400 70.2067 69.9258
360500 69.9496 69.9259
360600 70.0799 69.9259
360700 70.8432 69.9261
360800 70.5516 69.9263
360900 70.6683 69.9265
361000 70.1664 69.9266
361100 70.5439 69.9268
361200 70.9501 69.927
361300 69.8447 69.927
361400 69.7113 69.927
361500 69.7849 69.9269
361600 69.9635 69.9269
361700 70.0061 69.927
361800 70.1293 69.927
361900 70.772 69.9272
362000 70.45 69.9274
362100 69.797 69.9274
362200 70.004 69.9274
362300 70.1813 69.9274
362400 70.2581 69.9275
362500 70.3569 69.9277
362600 69.8545 69.9276
362700 70.0227 69.9277
362800 69.5873 69.9276
362900 70.2041 69.9276
363000 69.5788 69.9276
363100 69.7564 69.9275
363200 69.5392 69.9274
363300 69.8838 69.9274
363400 69.7648 69.9273
363500 70.0387 69.9274
363600 69.6464 69.9273
363700 69.7587 69.9272
363800 69.63 69.9272
363900 70.4623 69.9273
364000 70.2003 69.9274
364100 69.9345 69.9274
364200 70.148 69.9274
364300 69.973 69.9275
364400 69.8416 69.9274
364500 69.7685 69.9274
364600 69.6059 69.9273
364700 69.9073 69.9273
364800 69.6303 69.9272
364900 69.6325 69.9271
365000 69.7701 69.9271
365100 70.1679 69.9272
365200 70.2797 69.9273
365300 69.7534 69.9272
365400 70.3218 69.9273
365500 70.0677 69.9274
365600 69.8625 69.9273
365700 69.6826 69.9273
365800 69.7602 69.9272
365900 69.517 69.9271
366000 69.5872 69.927
366100 69.3045 69.9269
366200 69.7156 69.9268
366300 69.9841 69.9268
366400 70.432 69.9269
366500 70.0834 69.927
366600 70.5222 69.9272
366700 69.9387 69.9272
366800 69.8926 69.9271
366900 69.8603 69.9271
367000 70.3525 69.9272
367100 70.0489 69.9273
367200 69.5495 69.9272
367300 69.2615 69.927
367400 68.8994 69.9267
367500 69.0289 69.9265
367600 69.2696 69.9263
367700 69.0473 69.9261
367800 69.0013 69.9258
367900 69.3065 69.9256
368000 69.3206 69.9255
368100 69.5203 69.9254
368200 69.9883 69.9254
368300 70.3175 69.9255
368400 70.2099 69.9256
368500 70.135 69.9256
368600 69.9447 69.9256
368700 70.054 69.9257
368800 69.9628 69.9257
368900 70.3182 69.9258
369000 70.5278 69.9259
369100 70.9021 69.9262
369200 70.9708 69.9265
369300 70.6233 69.9267
369400 70.8021 69.9269
369500 70.5082 69.9271
369600 70.6344 69.9273
369700 70.8243 69.9275
369800 70.8692 69.9278
369900 70.2781 69.9278
370000 70.1054 69.9279
370100 70.4761 69.928
370200 70.0898 69.9281
370300 70.3268 69.9282
370400 71.1434 69.9285
370500 70.316 69.9286
370600 70.9324 69.9289
370700 70.3209 69.929
370800 70.3147 69.9291
370900 70.2103 69.9292
371000 70.1991 69.9293
371100 70.4162 69.9294
371200 69.8636 69.9294
371300 70.2584 69.9295
371400 70.228 69.9295
371500 70.2301 69.9296
371600 69.7967 69.9296
371700 69.6777 69.9295
371800 70.1924 69.9296
371900 70.1283 69.9296
372000 70.1651 69.9297
372100 69.8212 69.9297
372200 70.4605 69.9298
372300 70.3715 69.9299
372400 70.4654 69.9301
372500 70.5989 69.9303
372600 70.922 69.9305
372700 70.4392 69.9307
372800 70.5637 69.9308
372900 70.4708 69.931
373000 70.57 69.9311
373100 70.4341 69.9313
373200 69.9465 69.9313
373300 70.1094 69.9313
373400 69.8055 69.9313
373500 70.0031 69.9313
373600 70.2003 69.9314
373700 69.8714 69.9314
373800 70.0971 69.9314
373900 70.3235 69.9315
374000 70.1842 69.9316
374100 69.5728 69.9315
374200 69.433 69.9314
374300 70.2289 69.9314
374400 69.6369 69.9314
374500 69.5057 69.9313
374600 70.1043 69.9313
374700 70.3841 69.9314
374800 70.0852 69.9315
374900 69.9873 69.9315
375000 69.6032 69.9314
375100 69.8265 69.9314
375200 69.5556 69.9313
375300 69.4835 69.9311
375400 69.3423 69.931
375500 69.7749 69.9309
375600 69.9182 69.9309
375700 70.1096 69.931
375800 70.2318 69.9311
375900 70.4074 69.9312
376000 70.123 69.9312
376100 70.1904 69.9313
376200 70.0706 69.9313
376300 70.0593 69.9314
376400 69.745 69.9313
376500 70.2044 69.9314
376600 70.1011 69.9315
376700 69.779 69.9314
376800 70.0707 69.9314
376900 69.962 69.9315
377000 69.3336 69.9313
377100 69.5128 69.9312
377200 69.9883 69.9312
377300 69.9964 69.9312
377400 70.0492 69.9312
377500 69.75 69.9312
377600 69.7981 69.9312
377700 70.107 69.9312
377800 69.2684 69.931
377900 69.6941 69.931
378000 70.2638 69.9311
378100 70.0271 69.9311
378200 70.0553 69.9311
378300 70.3708 69.9312
378400 69.9492 69.9312
378500 69.6458 69.9312
378600 69.4025 69.931
378700 69.8768 69.931
378800 69.8498 69.931
378900 69.3125 69.9308
379000 69.7679 69.9308
379100 69.6785 69.9307
379200 69.8444 69.9307
379300 69.2256 69.9305
379400 69.2529 69.9303
379500 69.5405 69.9302
379600 69.8007 69.9302
379700 70.0927 69.9302
379800 70.1221 69.9303
379900 69.4466 69.9302
380000 69.0433 69.9299
380100 68.8986 69.9297
380200 69.5696 69.9296
380300 69.439 69.9294
380400 69.5638 69.9293
380500 69.5507 69.9292
380600 69.3905 69.9291
380700 69.4098 69.929
380800 69.5178 69.9289
380900 69.327 69.9287
381000 69.5991 69.9286
381100 69.5067 69.9285
381200 69.4146 69.9284
381300 69.5549 69.9283
381400 69.6799 69.9282
381500 69.6994 69.9281
381600 69.3227 69.928
381700 69.7307 69.9279
381800 69.7341 69.9279
381900 69.8412 69.9279
382000 70.1198 69.9279
382100 70.2196 69.928
382200 70.0065 69.928
382300 69.784 69.928
382400 69.7722 69.9279
382500 69.2038 69.9277
382600 69.5893 69.9276
382700 70.0854 69.9277
382800 69.6793 69.9276
382900 69.8611 69.9276
383000 69.9077 69.9276
383100 69.6456 69.9275
383200 69.4507 69.9274
383300 69.5943 69.9273
383400 69.7563 69.9273
383500 70.4152 69.9274
383600 70.0412 69.9274
383700 70.4334 69.9276
383800 70.3066 69.9277
383900 70.2708 69.9277
384000 70.0699 69.9278
384100 70.1111 69.9278
384200 69.9815 69.9278
384300 70.1334 69.9279
384400 70.367 69.928
384500 70.1089 69.9281
384600 70.4606 69.9282
384700 69.8217 69.9282
384800 69.832 69.9281
384900 70.3267 69.9282
385000 70.0075 69.9283
385100 69.9508 69.9283
385200 70.1814 69.9283
385300 70.3212 69.9284
385400 69.7419 69.9284
385500 69.8803 69.9284
385600 70.2546 69.9285
385700 70.2908 69.9286
385800 70.0149 69.9286
385900 69.7215 69.9285
386000 69.5724 69.9284
386100 69.6877 69.9284
386200 69.8367 69.9284
386300 69.9189 69.9283
386400 69.9805 69.9284
386500 69.9618 69.9284
386600 69.9621 69.9284
386700 70.1042 69.9284
386800 70.0394 69.9285
386900 70.1886 69.9285
387000 70.0532 69.9286
387100 70.4065 69.9287
387200 70.5813 69.9288
387300 70.3727 69.929
387400 70.6132 69.9291
387500 70.024 69.9292
387600 69.8749 69.9291
387700 69.8953 69.9291
387800 69.6815 69.9291
387900 70.411 69.9292
388000 70.2471 69.9293
388100 69.9121 69.9293
388200 69.9532 69.9293
388300 70.0494 69.9293
388400 69.9128 69.9293
388500 69.8918 69.9293
388600 69.8726 69.9293
388700 70.3329 69.9294
388800 70.2137 69.9295
388900 70.4927 69.9296
389000 70.4891 69.9297
389100 70.2896 69.9298
389200 70.0752 69.9299
389300 70.2724 69.93
389400 69.3585 69.9298
389500 69.637 69.9297
389600 70.2943 69.9298
389700 69.8055 69.9298
389800 69.5385 69.9297
389900 69.6033 69.9296
390000 69.558 69.9295
390100 69.5782 69.9294
390200 70.2709 69.9295
390300 70.3466 69.9296
390400 69.8199 69.9296
390500 70.7322 69.9298
390600 70.3838 69.9299
390700 70.2254 69.93
390800 69.9985 69.93
390900 70.1229 69.9301
391000 69.7982 69.93
391100 70.4133 69.9302
391200 69.8789 69.9301
391300 69.9158 69.9301
391400 69.2164 69.93
391500 69.9561 69.93
391600 69.7429 69.9299
391700 69.9374 69.9299
391800 69.9243 69.9299
391900 69.8601 69.9299
392000 69.9673 69.9299
392100 69.7011 69.9299
392200 69.9549 69.9299
392300 69.5101 69.9298
392400 69.6864 69.9297
392500 69.7703 69.9296
392600 70.3953 69.9298
392700 69.8777 69.9298
392800 70.1847 69.9298
392900 70.3375 69.9299
393000 69.771 69.9299
393100 70.247 69.93
393200 70.3805 69.9301
393300 70.2244 69.9302
393400 70.0579 69.9302
393500 69.6387 69.9301
393600 70.0719 69.9301
393700 70.2703 69.9302
393800 70.7934 69.9305
393900 70.323 69.9306
394000 69.908 69.9305
394100 69.6376 69.9305
394200 69.7764 69.9304
394300 69.8042 69.9304
394400 69.9127 69.9304
394500 69.8257 69.9304
394600 70.1118 69.9304
394700 69.6644 69.9303
394800 70.4249 69.9305
394900 70.5118 69.9306
395000 69.8081 69.9306
395100 69.8363 69.9306
395200 70.3304 69.9307
395300 70.5044 69.9308
395400 70.6563 69.931
395500 70.4238 69.9311
395600 70.104 69.9312
395700 69.4686 69.931
395800 69.7286 69.931
395900 70.0978 69.931
396000 70.411 69.9312
396100 70.5014 69.9313
396200 70.1537 69.9314
396300 70.208 69.9314
396400 69.7808 69.9314
396500 69.5415 69.9313
396600 69.1163 69.9311
396700 69.6137 69.931
396800 69.3754 69.9309
396900 69.0804 69.9307
397000 69.6225 69.9306
397100 69.4914 69.9305
397200 69.2184 69.9303
397300 69.228 69.9301
397400 69.619 69.93
397500 69.6488 69.93
397600 69.5672 69.9299
397700 69.2537 69.9297
397800 69.8621 69.9297
397900 69.8048 69.9296
398000 69.6687 69.9296
398100 69.6128 69.9295
398200 69.719 69.9295
398300 70.1723 69.9295
398400 70.1759 69.9296
398500 70.8672 69.9298
398600 70.5095 69.93
398700 69.5123 69.9299
398800 69.3508 69.9297
398900 69.7021 69.9296
399000 69.4405 69.9295
399100 69.8306 69.9295
399200 69.8531 69.9295
399300 69.8225 69.9295
399400 69.6975 69.9294
399500 69.9181 69.9294
399600 69.8312 69.9294
399700 70.3954 69.9295
399800 69.5648 69.9294
399900 69.2314 69.9292
400000 70.0607 69.9293
