100 74.8518 74.8518
200 74.5708 74.7113
300 74.6216 74.6814
400 74.2202 74.5661
500 74.2663 74.5062
600 74.5799 74.5185
700 74.7222 74.5476
800 74.5186 74.5439
900 74.3343 74.5206
1000 74.2423 74.4928
1100 75.1549 74.553
1200 74.6633 74.5622
1300 74.3653 74.547
1400 74.7919 74.5645
1500 74.9191 74.5882
1600 75.4328 74.641
1700 74.8603 74.6539
1800 74.932 74.6693
1900 75.2076 74.6976
2000 73.7713 74.6513
2100 74.0479 74.6226
2200 74.0099 74.5947
2300 75.0578 74.6149
2400 74.84 74.6243
2500 75.3817 74.6546
2600 76.2136 74.7145
2700 75.5148 74.7442
2800 75.0718 74.7559
2900 75.6495 74.7867
3000 76.7832 74.8532
3100 76.9292 74.9202
3200 77.5759 75.0032
3300 77.1122 75.0671
3400 76.1881 75.1001
3500 76.054 75.1273
3600 76.0352 75.1525
3700 76.2641 75.1826
3800 75.8408 75.1999
3900 74.7837 75.1892
4000 74.9835 75.1841
4100 75.5889 75.194
4200 76.024 75.2137
4300 75.9983 75.232
4400 75.967 75.2487
4500 75.8593 75.2622
4600 75.3419 75.264
4700 76.0476 75.2806
4800 75.8449 75.2924
4900 75.8439 75.3037
5000 76.1609 75.3208
5100 76.003 75.3342
5200 75.3948 75.3353
5300 76.5412 75.3581
5400 76.7127 75.3832
5500 76.097 75.3962
5600 74.4695 75.3796
5700 75.2176 75.3768
5800 75.174 75.3733
5900 75.3708 75.3732
6000 75.2159 75.3706
6100 76.7926 75.3939
6200 76.9331 75.4187
6300 77.2838 75.4484
6400 78.0071 75.4883
6500 77.7766 75.5235
6600 77.9599 75.5604
6700 77.123 75.5838
6800 77.1344 75.6066
6900 77.4145 75.6328
7000 77.3944 75.6579
7100 77.4639 75.6834
7200 77.3632 75.7067
7300 77.3681 75.7295
7400 76.8612 75.7448
7500 77.2315 75.7646
7600 76.7732 75.7779
7700 76.2855 75.7844
7800 75.8525 75.7853
7900 76.1811 75.7903
8000 76.6533 75.8011
8100 76.4307 75.8089
8200 76.4202 75.8163
8300 76.5234 75.8249
8400 76.7678 75.8361
8500 76.9417 75.8491
8600 77.1645 75.8644
8700 77.1581 75.8793
8800 76.7099 75.8887
8900 76.9855 75.901
9000 77.5503 75.9194
9100 77.3547 75.9351
9200 77.3605 75.9506
9300 76.5862 75.9575
9400 77.0134 75.9687
9500 77.9807 75.9899
9600 77.4741 76.0053
9700 77.6935 76.0227
9800 76.8896 76.0316
9900 77.2893 76.0443
10000 77.0004 76.0538
10100 76.7555 76.0608
10200 76.6572 76.0666
10300 75.8222 76.0643
10400 75.4026 76.0579
10500 76.045 76.0578
10600 75.6661 76.0541
10700 76.0007 76.0536
10800 75.9692 76.0528
10900 76.0912 76.0532
11000 76.8343 76.0603
11100 76.1456 76.061
11200 76.5867 76.0657
11300 76.6535 76.0709
11400 76.4816 76.0745
11500 77.0324 76.0829
11600 77.4009 76.0942
11700 77.0034 76.102
11800 76.7963 76.1079
11900 76.5017 76.1112
12000 76.4194 76.1137
12100 76.0329 76.1131
12200 75.4765 76.1079
12300 76.6153 76.112
12400 76.3495 76.1139
12500 77.153 76.1222
12600 76.3921 76.1244
12700 76.637 76.1284
12800 75.9832 76.1273
12900 76.2686 76.1284
13000 76.7121 76.1328
13100 75.9315 76.1313
13200 75.872 76.1293
13300 76.1962 76.1299
13400 76.2309 76.1306
13500 76.3146 76.132
13600 75.9615 76.1307
13700 76.0053 76.1298
13800 76.2109 76.1304
13900 76.0437 76.1298
14000 76.1897 76.1302
14100 75.4805 76.1256
14200 75.366 76.1202
14300 75.5436 76.1162
14400 75.7995 76.114
14500 75.7049 76.1112
14600 75.8312 76.1093
14700 75.9798 76.1084
14800 75.6768 76.1055
14900 76.3824 76.1073
15000 75.7867 76.1052
15100 75.7552 76.1029
15200 76.0209 76.1023
15300 76.375 76.1041
15400 76.3548 76.1057
15500 76.3342 76.1072
15600 75.2827 76.1019
15700 75.3938 76.0974
15800 75.5386 76.0939
15900 75.7669 76.0918
16000 75.9859 76.0912
16100 76.0826 76.0911
16200 76.6547 76.0946
16300 76.7588 76.0987
16400 76.1682 76.0991
16500 75.8119 76.0973
16600 75.5379 76.094
16700 76.5986 76.097
16800 76.9014 76.1018
16900 77.1738 76.1081
17000 75.9297 76.1071
17100 75.9815 76.1063
17200 75.8485 76.1048
17300 75.5896 76.1019
17400 76.3803 76.1035
17500 75.7371 76.1014
17600 75.0756 76.0955
17700 75.4063 76.0917
17800 75.9705 76.091
17900 75.7769 76.0892
18000 76.5609 76.0918
18100 76.7509 76.0955
18200 76.0091 76.095
18300 76.0521 76.0948
18400 75.4823 76.0914
18500 75.6315 76.089
18600 75.2881 76.0847
18700 75.102 76.0794
18800 74.5956 76.0715
18900 73.8495 76.0597
19000 74.3367 76.0507
19100 74.7743 76.044
19200 75.3413 76.0403
19300 75.4621 76.0373
19400 75.8725 76.0365
19500 76.0302 76.0365
19600 76.1332 76.037
19700 75.7311 76.0354
19800 75.3231 76.0318
19900 75.6756 76.03
20000 75.7976 76.0288
20100 75.6482 76.027
20200 75.2991 76.0234
20300 75.6402 76.0215
20400 75.5329 76.0191
20500 76.1322 76.0196
20600 76.2872 76.0209
20700 75.6722 76.0192
20800 76.0466 76.0194
20900 75.5852 76.0173
21000 75.7678 76.0161
21100 75.2637 76.0125
21200 75.0881 76.0082
21300 74.7045 76.0021
21400 74.5178 75.9951
21500 75.0325 75.9906
21600 75.4195 75.988
21700 74.8434 75.9827
21800 75.7243 75.9815
21900 74.6798 75.9756
22000 74.9353 75.9709
22100 74.978 75.9664
22200 74.9929 75.962
22300 74.2825 75.9545
22400 73.7941 75.9448
22500 74.0933 75.9366
22600 74.4781 75.9301
22700 74.4044 75.9234
22800 74.3054 75.9163
22900 74.248 75.909
23000 73.2193 75.8973
23100 73.5044 75.887
23200 74.0198 75.8789
23300 74.2897 75.8721
23400 73.6739 75.8627
23500 73.7161 75.8536
23600 73.8651 75.8451
23700 73.5526 75.8355
23800 73.496 75.8256
23900 73.3252 75.8152
24000 73.6627 75.8062
24100 73.6979 75.7975
24200 74.0294 75.7902
24300 74.5508 75.7851
24400 73.8551 75.7772
24500 73.7459 75.7689
24600 73.7374 75.7606
24700 73.5006 75.7515
24800 73.7769 75.7435
24900 73.2755 75.7336
25000 73.189 75.7234
25100 74.0633 75.7168
25200 73.7601 75.709
25300 74.0968 75.7027
25400 73.5755 75.6943
25500 73.8734 75.6871
25600 73.3236 75.6779
25700 73.3668 75.6689
25800 73.699 75.6613
25900 73.4114 75.6526
26000 73.4918 75.6443
26100 74.0733 75.6383
26200 73.8602 75.6315
26300 74.396 75.6268
26400 74.0513 75.6208
26500 74.2157 75.6155
26600 74.8867 75.6128
26700 74.8025 75.6097
26800 74.4127 75.6053
26900 73.5117 75.5975
27000 74.0787 75.5919
27100 73.8363 75.5854
27200 74.0778 75.5798
27300 73.8352 75.5734
27400 73.6818 75.5665
27500 73.635 75.5595
27600 73.8738 75.5534
27700 74.6865 75.5503
27800 74.0418 75.5449
27900 73.9862 75.5393
28000 74.0626 75.534
28100 74.0174 75.5286
28200 74.1804 75.5238
28300 74.3191 75.5196
28400 74.3573 75.5155
28500 74.3149 75.5113
28600 74.9739 75.5094
28700 74.6013 75.5062
28800 74.0888 75.5013
28900 74.0213 75.4962
29000 73.8682 75.4906
29100 74.2709 75.4864
29200 73.8922 75.4809
29300 73.6992 75.4748
29400 73.9416 75.4696
29500 74.0424 75.4648
29600 73.4033 75.4578
29700 73.7052 75.4519
29800 73.3463 75.4448
29900 73.1025 75.437
30000 72.6274 75.4276
30100 73.3963 75.4209
30200 73.2289 75.4136
30300 73.4015 75.407
30400 72.9963 75.3991
30500 73.0489 75.3914
30600 73.2986 75.3845
30700 73.6174 75.3788
30800 73.5465 75.3728
30900 73.1196 75.3655
31000 73.3356 75.359
31100 72.8418 75.3509
31200 73.1913 75.344
31300 73.3271 75.3375
31400 73.1973 75.3307
31500 72.9406 75.3231
31600 72.9457 75.3156
31700 72.9608 75.3082
31800 73.266 75.3017
31900 73.8526 75.2972
32000 73.7228 75.2923
32100 74.2176 75.2889
32200 73.7149 75.284
32300 73.9286 75.2798
32400 73.5902 75.2746
32500 73.6505 75.2696
32600 72.8858 75.2623
32700 73.4171 75.2567
32800 73.1977 75.2504
32900 73.1856 75.2441
33000 72.5058 75.2358
33100 72.4032 75.2273
33200 72.5192 75.2191
33300 72.7105 75.2116
33400 72.6856 75.204
33500 72.4798 75.1959
33600 72.601 75.1882
33700 72.2289 75.1794
33800 72.4126 75.1712
33900 72.2829 75.1627
34000 72.5059 75.1549
34100 72.1847 75.1461
34200 73.0177 75.1399
34300 73.0746 75.1339
34400 72.3678 75.1259
34500 72.3924 75.1179
34600 72.1749 75.1094
34700 72.6316 75.1023
34800 72.7952 75.0957
34900 73.5388 75.0912
35000 73.4943 75.0866
35100 72.7675 75.08
35200 73.2053 75.0747
35300 73.289 75.0696
35400 73.3118 75.0647
35500 72.982 75.0588
35600 72.2568 75.0509
35700 72.1227 75.0427
35800 71.786 75.0336
35900 71.9983 75.0252
36000 72.3922 75.0179
36100 72.3324 75.0104
36200 71.847 75.0017
36300 72.115 74.9937
36400 71.8811 74.9852
36500 71.9573 74.9769
36600 71.925 74.9686
36700 71.6472 74.9595
36800 71.4498 74.95
36900 70.9511 74.9391
37000 71.1072 74.9288
37100 70.625 74.9172
37200 71.0652 74.9068
37300 71.1105 74.8966
37400 71.7844 74.8883
37500 71.7021 74.8798
37600 71.3231 74.8704
37700 71.6101 74.8617
37800 71.4707 74.8527
37900 71.3631 74.8435
38000 71.1448 74.8338
38100 71.1426 74.8241
38200 71.2271 74.8147
38300 71.0104 74.8048
38400 71.5601 74.7963
38500 71.5212 74.7878
38600 71.7305 74.7799
38700 71.6923 74.7719
38800 71.9155 74.7646
38900 72.0391 74.7575
39000 72.4642 74.7517
39100 72.1078 74.7449
39200 72.4994 74.7392
39300 72.7929 74.7342
39400 72.4898 74.7285
39500 72.702 74.7234
39600 72.4239 74.7176
39700 72.0231 74.7108
39800 71.8736 74.7037
39900 71.925 74.6967
40000 71.4522 74.6886
40100 71.5234 74.6807
40200 71.5382 74.6729
40300 71.4059 74.6648
40400 72.1354 74.6585
40500 72.1314 74.6523
40600 71.7454 74.6451
40700 71.6839 74.6378
40800 71.9133 74.6312
40900 71.8921 74.6245
41000 72.2776 74.6187
41100 71.5703 74.6113
41200 72.0628 74.6051
41300 72.1722 74.5993
41400 71.9187 74.5928
41500 71.2613 74.5847
41600 71.2515 74.5767
41700 70.6693 74.5674
41800 71.426 74.5599
41900 71.4267 74.5524
42000 71.1837 74.5444
42100 71.3466 74.5368
42200 71.0614 74.5285
42300 70.3623 74.5187
42400 70.2189 74.5085
42500 70.8577 74.4999
42600 70.2824 74.49
42700 70.3861 74.4804
42800 70.6629 74.4715
42900 70.4666 74.4622
43000 70.9572 74.454
43100 71.458 74.4471
43200 71.307 74.4398
43300 70.9658 74.4318
43400 70.4891 74.4227
43500 70.7466 74.4142
43600 70.1529 74.4045
43700 71.1886 74.3971
43800 71.3204 74.3901
43900 71.3194 74.3831
44000 71.2005 74.3759
44100 70.9589 74.3681
44200 70.743 74.3599
44300 70.9333 74.3522
44400 70.7343 74.344
44500 70.5548 74.3355
44600 70.6603 74.3273
44700 70.4915 74.3187
44800 71.164 74.3116
44900 71.5035 74.3054
45000 70.629 74.2972
45100 71.6404 74.2913
45200 71.6241 74.2854
45300 71.3969 74.2791
45400 70.9961 74.2718
45500 71.46 74.2656
45600 71.4552 74.2595
45700 70.9725 74.2523
45800 70.8313 74.2448
45900 71.2712 74.2383
46000 71.6081 74.2326
46100 71.5975 74.2269
46200 71.5129 74.221
46300 71.5349 74.2152
46400 71.207 74.2087
46500 71.1704 74.2022
46600 70.2987 74.1938
46700 70.342 74.1856
46800 70.4027 74.1775
46900 70.7234 74.1701
47000 70.7367 74.1628
47100 70.7162 74.1555
47200 70.3506 74.1475
47300 70.5541 74.1399
47400 70.4177 74.132
47500 70.5478 74.1245
47600 70.6303 74.1171
47700 70.5414 74.1096
47800 70.4026 74.1019
47900 70.6032 74.0946
48000 70.8131 74.0877
48100 70.977 74.0813
48200 71.1094 74.0751
48300 70.8963 74.0685
48400 70.55 74.0612
48500 70.3845 74.0537
48600 70.3918 74.0461
48700 70.7397 74.0393
48800 70.9005 74.0329
48900 70.236 74.0251
49000 70.2612 74.0175
49100 70.4301 74.0102
49200 70.5525 74.0031
49300 70.6693 73.9964
49400 70.9355 73.9902
49500 71.4606 73.9851
49600 70.9924 73.979
49700 71.023 73.9731
49800 71.3114 73.9677
49900 70.8259 73.9614
50000 71.3536 73.9562
50100 71.0204 73.9504
50200 70.8687 73.9442
50300 70.7899 73.938
50400 70.6086 73.9313
50500 71.0311 73.9256
50600 70.9099 73.9196
50700 70.9128 73.9137
50800 71.0081 73.908
50900 71.2129 73.9027
51000 71.2144 73.8974
51100 71.0898 73.8919
51200 70.6636 73.8856
51300 70.5881 73.8792
51400 70.2564 73.8722
51500 70.3649 73.8653
51600 70.5503 73.8589
51700 70.439 73.8523
51800 70.7568 73.8463
51900 70.3382 73.8396
52000 70.3967 73.8329
52100 70.4698 73.8265
52200 70.3785 73.8199
52300 70.6937 73.8139
52400 70.5546 73.8077
52500 70.5276 73.8014
52600 70.049 73.7943
52700 70.2875 73.7877
52800 70.7645 73.7819
52900 70.7569 73.7762
53000 70.7984 73.7706
53100 70.8303 73.7651
53200 71.0119 73.7599
53300 70.9074 73.7545
53400 70.8389 73.7491
53500 70.6488 73.7433
53600 70.8973 73.738
53700 70.8277 73.7325
53800 71.1726 73.7278
53900 70.8538 73.7225
54000 70.7436 73.7169
54100 70.9081 73.7117
54200 70.4683 73.7058
54300 70.5053 73.6999
54400 70.5761 73.6941
54500 70.8546 73.6889
54600 70.9233 73.6838
54700 71.0403 73.679
54800 71.3805 73.6748
54900 70.9022 73.6698
55000 71.171 73.6652
55100 70.8178 73.6601
55200 70.7897 73.6549
55300 70.2876 73.6488
55400 70.4615 73.643
55500 70.4451 73.6373
55600 70.3071 73.6313
55700 70.7481 73.6261
55800 70.4112 73.6203
55900 71.1108 73.6158
56000 71.0322 73.6112
56100 70.6846 73.606
56200 70.6559 73.6008
56300 70.7322 73.5957
56400 70.5248 73.5902
56500 70.3942 73.5846
56600 70.693 73.5795
56700 70.5438 73.5741
56800 70.9026 73.5694
56900 70.6173 73.5642
57000 70.7246 73.5592
57100 70.3738 73.5536
57200 70.5989 73.5485
57300 70.4875 73.5431
57400 70.5271 73.5379
57500 70.4355 73.5325
57600 70.342 73.5269
57700 70.2917 73.5213
57800 70.1305 73.5155
57900 70.3768 73.5101
58000 70.7142 73.5052
58100 70.6769 73.5004
58200 70.4979 73.4952
58300 70.1568 73.4895
58400 70.6311 73.4846
58500 71.0888 73.4805
58600 71.3633 73.4769
58700 70.3953 73.4716
58800 70.6814 73.4669
58900 70.365 73.4616
59000 70.6045 73.4568
59100 70.4784 73.4517
59200 70.3609 73.4465
59300 69.9799 73.4407
59400 70.0302 73.4349
59500 70.335 73.4297
59600 70.6413 73.425
59700 70.67 73.4204
59800 70.7508 73.416
59900 70.9662 73.4119
60000 71.167 73.4081
60100 70.9954 73.4041
60200 70.784 73.3998
60300 70.545 73.395
60400 71.1433 73.3913
60500 71.2296 73.3877
60600 70.9865 73.3838
60700 70.9128 73.3797
60800 70.7151 73.3753
60900 70.5846 73.3707
61000 70.4893 73.366
61100 70.1518 73.3607
61200 70.0426 73.3553
61300 69.7474 73.3494
61400 69.7468 73.3436
61500 69.9936 73.3381
61600 70.5467 73.3336
61700 70.0983 73.3283
61800 70.5337 73.3238
61900 70.436 73.3192
62000 70.6683 73.3149
62100 70.4547 73.3103
62200 70.5066 73.3058
62300 70.2416 73.3009
62400 70.7421 73.2968
62500 70.6768 73.2926
62600 70.0698 73.2874
62700 70.2785 73.2826
62800 70.0985 73.2775
62900 70.0747 73.2724
63000 70.4286 73.2679
63100 70.4403 73.2635
63200 69.8707 73.2581
63300 70.1548 73.2532
63400 69.8281 73.2478
63500 69.9537 73.2426
63600 70.1202 73.2377
63700 70.1965 73.2329
63800 70.2531 73.2282
63900 69.9513 73.2231
64000 69.8012 73.2178
64100 69.7477 73.2124
64200 70.0726 73.2075
64300 69.8847 73.2023
64400 70.1165 73.1975
64500 70.2251 73.1929
64600 70.8929 73.1893
64700 70.4403 73.1851
64800 70.0228 73.1802
64900 69.881 73.1751
65000 69.8353 73.17
65100 70.3804 73.1657
65200 70.0726 73.161
65300 69.9145 73.156
65400 70.0828 73.1513
65500 70.1173 73.1467
65600 69.7177 73.1414
65700 70.4085 73.1373
65800 70.3353 73.133
65900 70.5563 73.1291
66000 70.6087 73.1253
66100 70.3606 73.1211
66200 70.2414 73.1167
66300 69.8781 73.1119
66400 70.5249 73.108
66500 70.9043 73.1046
66600 70.9499 73.1014
66700 70.7606 73.0979
66800 70.3678 73.0938
66900 70.4876 73.0899
67000 70.4398 73.086
67100 69.8526 73.0811
67200 70.3629 73.0771
67300 70.4777 73.0732
67400 70.7202 73.0697
67500 70.8779 73.0665
67600 71.2146 73.0638
67700 71.3201 73.0612
67800 70.9514 73.0581
67900 70.5585 73.0544
68000 70.7852 73.0511
68100 70.4115 73.0472
68200 70.3446 73.0432
68300 70.7616 73.0399
68400 70.5134 73.0362
68500 70.2503 73.0321
68600 70.314 73.0282
68700 70.306 73.0242
68800 70.2703 73.0202
68900 69.9705 73.0158
69000 70.1252 73.0116
69100 70.3911 73.0078
69200 70.8404 73.0046
69300 70.2246 73.0006
69400 70.458 72.997
69500 70.3422 72.9932
69600 70.1801 72.9891
69700 69.9239 72.9847
69800 69.8589 72.9802
69900 70.1923 72.9762
70000 70.2016 72.9723
70100 70.0972 72.9682
70200 70.161 72.9642
70300 70.3046 72.9604
70400 70.0249 72.9562
70500 70.1743 72.9523
70600 70.3143 72.9485
70700 70.3841 72.9449
70800 70.5841 72.9416
70900 70.5062 72.9382
71000 70.4424 72.9346
71100 70.3324 72.931
71200 70.2114 72.9272
71300 70.2832 72.9234
71400 70.961 72.9207
71500 70.5936 72.9174
71600 70.163 72.9136
71700 70.4261 72.9101
71800 71.1227 72.9076
71900 70.5478 72.9044
72000 70.5166 72.901
72100 70.4224 72.8976
72200 70.3781 72.8941
72300 70.3894 72.8906
72400 70.8729 72.8879
72500 70.7255 72.8849
72600 71.1031 72.8824
72700 71.0985 72.88
72800 70.3331 72.8765
72900 70.75 72.8736
73000 70.515 72.8703
73100 70.6274 72.8673
73200 70.4976 72.864
73300 70.0873 72.8602
73400 70.2629 72.8567
73500 70.2613 72.8532
73600 70.1705 72.8495
73700 69.8617 72.8455
73800 69.9488 72.8415
73900 70.1257 72.8379
74000 70.2977 72.8344
74100 70.0224 72.8306
74200 69.9089 72.8267
74300 69.9839 72.8229
74400 69.9299 72.819
74500 69.7283 72.8148
74600 69.438 72.8103
74700 70.1716 72.8068
74800 70.1162 72.8032
74900 69.652 72.799
75000 69.5424 72.7946
75100 69.5733 72.7903
75200 69.3359 72.7857
75300 70.4235 72.7826
75400 70.1873 72.7792
75500 69.9089 72.7754
75600 70.7374 72.7727
75700 70.6346 72.7698
75800 70.6599 72.7671
75900 70.8269 72.7645
76000 70.7375 72.7618
76100 70.7214 72.7592
76200 70.3581 72.756
76300 70.5136 72.7531
76400 70.2961 72.7499
76500 70.2797 72.7466
76600 70.5222 72.7437
76700 69.9482 72.7401
76800 70.1724 72.7367
76900 70.4679 72.7338
77000 70.7403 72.7312
77100 70.6893 72.7285
77200 71.1098 72.7264
77300 70.8294 72.724
77400 70.6859 72.7214
77500 70.4631 72.7184
77600 70.6952 72.7158
77700 70.2308 72.7126
77800 70.4534 72.7097
77900 70.3939 72.7068
78000 70.6474 72.7041
78100 70.5138 72.7013
78200 70.4219 72.6984
78300 69.9221 72.6949
78400 70.1967 72.6917
78500 70.3419 72.6887
78600 70.6398 72.6861
78700 70.7694 72.6836
78800 70.2505 72.6805
78900 70.1159 72.6773
79000 70.342 72.6743
79100 70.3618 72.6714
79200 70.7604 72.669
79300 70.4155 72.6662
79400 70.7867 72.6638
79500 70.6865 72.6613
79600 70.4612 72.6585
79700 70.3679 72.6557
79800 70.1544 72.6525
79900 70.0628 72.6493
80000 70.0003 72.646
80100 70.1295 72.6428
80200 70.1232 72.6397
80300 70.4287 72.6369
80400 70.57 72.6344
80500 70.3373 72.6315
80600 70.5418 72.6289
80700 70.4998 72.6263
80800 70.9221 72.6242
80900 71.1799 72.6224
81000 71.1188 72.6205
81100 70.918 72.6184
81200 70.674 72.616
81300 70.738 72.6137
81400 71.1947 72.612
81500 70.7938 72.6098
81600 70.4873 72.6072
81700 70.4851 72.6046
81800 70.8596 72.6024
81900 70.4149 72.5998
82000 70.8153 72.5976
82100 71.0175 72.5957
82200 70.741 72.5934
82300 70.7352 72.5911
82400 70.6297 72.5888
82500 70.4098 72.5861
82600 70.507 72.5836
82700 70.3814 72.5809
82800 70.4177 72.5783
82900 70.9946 72.5764
83000 70.4122 72.5738
83100 70.5239 72.5713
83200 70.4524 72.5688
83300 70.1393 72.5659
83400 70.0697 72.5629
83500 70.0646 72.5599
83600 69.7614 72.5566
83700 70.0401 72.5535
83800 70.4526 72.551
83900 69.9486 72.5479
84000 70.1009 72.545
84100 69.7374 72.5417
84200 69.9819 72.5386
84300 69.6703 72.5352
84400 69.6603 72.5318
84500 70.0129 72.5289
84600 69.8237 72.5257
84700 69.7382 72.5224
84800 69.9345 72.5193
84900 70.1771 72.5166
85000 69.9507 72.5135
85100 70.4067 72.5111
85200 70.2754 72.5084
85300 70.6361 72.5062
85400 70.687 72.5041
85500 70.3615 72.5016
85600 70.2903 72.499
85700 70.5059 72.4967
85800 70.8221 72.4947
85900 70.4482 72.4924
86000 70.3674 72.4899
86100 70.5078 72.4876
86200 70.6961 72.4855
86300 70.4656 72.4832
86400 71.1924 72.4817
86500 70.7163 72.4796
86600 70.8454 72.4777
86700 70.3129 72.4753
86800 70.1399 72.4726
86900 70.4679 72.4703
87000 70.2524 72.4677
87100 70.2557 72.4652
87200 70.5095 72.4629
87300 70.7922 72.461
87400 70.9552 72.4593
87500 70.7101 72.4573
87600 70.7943 72.4554
87700 70.7677 72.4535
87800 71.2777 72.4521
87900 71.0208 72.4505
88000 70.677 72.4485
88100 70.9755 72.4468
88200 70.3735 72.4445
88300 70.8624 72.4427
88400 70.726 72.4407
88500 71.1147 72.4392
88600 70.7173 72.4373
88700 70.8374 72.4355
88800 70.6799 72.4335
88900 70.6128 72.4315
89000 70.6529 72.4295
89100 70.6016 72.4274
89200 70.9245 72.4257
89300 71.038 72.4242
89400 71.5779 72.4232
89500 70.9981 72.4216
89600 71.2843 72.4204
89700 71.0829 72.4189
89800 70.8502 72.4171
89900 70.7006 72.4152
90000 70.7908 72.4134
90100 71.231 72.4121
90200 70.9125 72.4104
90300 70.9094 72.4088
90400 70.5699 72.4067
90500 70.6618 72.4048
90600 70.3886 72.4026
90700 70.0525 72.4
90800 69.9011 72.3972
90900 70.0757 72.3947
91000 70.3571 72.3924
91100 70.474 72.3903
91200 70.733 72.3885
91300 70.5432 72.3865
91400 70.5925 72.3845
91500 70.6043 72.3826
91600 70.9534 72.381
91700 70.7924 72.3793
91800 70.378 72.3771
91900 70.3286 72.3749
92000 70.1954 72.3725
92100 70.3654 72.3703
92200 70.2946 72.3681
92300 70.8603 72.3665
92400 70.5698 72.3645
92500 70.2318 72.3622
92600 70.1073 72.3598
92700 69.9512 72.3572
92800 70.0592 72.3547
92900 69.9459 72.3521
93000 69.8057 72.3494
93100 69.7291 72.3466
93200 69.9161 72.3439
93300 69.6335 72.341
93400 69.5499 72.338
93500 69.6247 72.3351
93600 69.6291 72.3323
93700 70.2403 72.33
93800 70.2597 72.3278
93900 70.4792 72.3258
94000 70.5136 72.3239
94100 70.4432 72.3219
94200 70.2575 72.3197
94300 70.496 72.3178
94400 70.3765 72.3157
94500 70.8643 72.3142
94600 70.6091 72.3124
94700 70.4732 72.3105
94800 70.4155 72.3085
94900 70.5959 72.3067
95000 70.367 72.3046
95100 70.211 72.3024
95200 70.1578 72.3002
95300 70.4405 72.2982
95400 70.044 72.2958
95500 70.4114 72.2939
95600 70.4732 72.292
95700 70.2057 72.2898
95800 70.4822 72.2879
95900 70.3001 72.2858
96000 70.5484 72.284
96100 70.6593 72.2823
96200 70.7041 72.2807
96300 71.1415 72.2795
96400 70.9132 72.2781
96500 70.7657 72.2765
96600 70.3667 72.2745
96700 70.4045 72.2726
96800 70.4948 72.2708
96900 70.9674 72.2694
97000 70.5346 72.2676
97100 70.3651 72.2657
97200 70.4126 72.2638
97300 70.258 72.2617
97400 69.9904 72.2594
97500 70.0125 72.2571
97600 70.1204 72.2549
97700 70.071 72.2526
97800 70.1043 72.2505
97900 70.5484 72.2487
98000 70.3438 72.2468
98100 70.2409 72.2447
98200 70.9269 72.2434
98300 70.4359 72.2415
98400 70.2919 72.2396
98500 70.6635 72.238
98600 70.4908 72.2362
98700 70.5797 72.2345
98800 70.7887 72.2331
98900 70.6841 72.2315
99000 70.7991 72.23
99100 70.6534 72.2284
99200 70.2775 72.2265
99300 70.1953 72.2244
99400 70.4899 72.2227
99500 70.7222 72.2212
99600 70.2908 72.2192
99700 70.044 72.2171
99800 70.423 72.2153
99900 70.4717 72.2135
100000 70.1698 72.2115
100100 70.0295 72.2093
100200 70.46 72.2075
100300 70.1954 72.2055
100400 69.9911 72.2033
100500 70.3621 72.2015
100600 70.3442 72.1997
100700 70.544 72.198
100800 70.6298 72.1965
100900 70.8944 72.1952
101000 70.2463 72.1932
101100 70.4327 72.1915
101200 70.5786 72.1899
101300 71.0177 72.1887
101400 70.8564 72.1874
101500 70.6774 72.1859
101600 70.7385 72.1845
101700 70.7697 72.1831
101800 70.0478 72.181
101900 70.0762 72.179
102000 70.346 72.1772
102100 70.6652 72.1757
102200 71.4059 72.1749
102300 70.9499 72.1737
102400 70.8082 72.1724
102500 70.3089 72.1706
102600 70.8622 72.1693
102700 71.0747 72.1682
102800 70.8725 72.167
102900 70.7562 72.1656
103000 70.5542 72.164
103100 69.7991 72.1618
103200 70.5976 72.1602
103300 70.5117 72.1586
103400 70.469 72.157
103500 70.4696 72.1554
103600 70.427 72.1537
103700 70.0893 72.1517
103800 70.6307 72.1503
103900 70.5229 72.1487
104000 70.8435 72.1474
104100 70.602 72.1459
104200 70.7548 72.1446
104300 70.4982 72.143
104400 70.5021 72.1415
104500 70.5456 72.1399
104600 70.3363 72.1382
104700 70.3724 72.1365
104800 70.448 72.1349
104900 70.5272 72.1334
105000 70.9596 72.1323
105100 70.9163 72.1311
105200 70.657 72.1297
105300 70.4985 72.1282
105400 70.5085 72.1266
105500 70.8436 72.1254
105600 70.6447 72.124
105700 71.2716 72.1232
105800 71.0595 72.1222
105900 70.702 72.1208
106000 70.573 72.1194
106100 70.3278 72.1177
106200 70.9601 72.1166
106300 70.9834 72.1155
106400 70.2407 72.1138
106500 70.7526 72.1125
106600 70.6371 72.1111
106700 70.5368 72.1096
106800 70.6474 72.1083
106900 70.9725 72.1072
107000 71.0234 72.1062
107100 71.3557 72.1055
107200 71.3525 72.1048
107300 71.198 72.104
107400 70.9512 72.1029
107500 71.045 72.1019
107600 71.3017 72.1011
107700 70.9572 72.1001
107800 71.0019 72.0991
107900 70.834 72.0979
108000 70.8887 72.0968
108100 71.4197 72.0962
108200 71.2048 72.0953
108300 71.2522 72.0945
108400 70.9585 72.0935
108500 70.8745 72.0924
108600 71.0187 72.0914
108700 71.3123 72.0907
108800 70.9415 72.0896
108900 70.801 72.0884
109000 70.6025 72.0871
109100 70.5615 72.0857
109200 71.0738 72.0847
109300 70.9064 72.0837
109400 70.789 72.0825
109500 70.4142 72.081
109600 70.4702 72.0795
109700 70.5852 72.0781
109800 70.5574 72.0767
109900 70.1989 72.075
110000 70.7765 72.0739
110100 70.4194 72.0723
110200 70.7382 72.0711
110300 70.3032 72.0695
110400 70.353 72.068
110500 70.5339 72.0666
110600 70.4103 72.0651
110700 70.7208 72.0639
110800 70.8703 72.0628
110900 70.9605 72.0618
111000 70.9106 72.0608
111100 70.6026 72.0595
111200 70.6864 72.0582
111300 70.7113 72.057
111400 70.7953 72.0559
111500 70.4046 72.0544
111600 70.7361 72.0532
111700 70.9451 72.0522
111800 70.6061 72.0509
111900 70.4937 72.0495
112000 70.6527 72.0483
112100 71.071 72.0474
112200 70.9922 72.0465
112300 70.8256 72.0454
112400 70.4197 72.044
112500 70.2913 72.0424
112600 70.6331 72.0411
112700 71.0224 72.0402
112800 70.479 72.0389
112900 70.7116 72.0377
113000 70.1545 72.036
113100 70.6966 72.0348
113200 70.5827 72.0335
113300 70.9566 72.0326
113400 71.343 72.032
113500 70.7211 72.0308
113600 70.7497 72.0297
113700 70.4097 72.0283
113800 70.0566 72.0265
113900 70.1122 72.0249
114000 70.3869 72.0234
114100 70.1479 72.0218
114200 69.871 72.0199
114300 70.0445 72.0182
114400 70.4266 72.0168
114500 70.7367 72.0157
114600 71.2459 72.015
114700 71.0377 72.0141
114800 70.4323 72.0128
114900 70.5857 72.0115
115000 70.6309 72.0103
115100 71.3081 72.0097
115200 70.6659 72.0085
115300 70.6499 72.0074
115400 70.1919 72.0058
115500 69.9098 72.004
115600 70.0293 72.0023
115700 69.9629 72.0005
115800 69.9852 71.9988
115900 70.1628 71.9972
116000 69.9709 71.9954
116100 70.2691 71.9939
116200 70.4896 71.9927
116300 70.259 71.9912
116400 71.0264 71.9903
116500 70.9094 71.9894
116600 70.736 71.9883
116700 70.9635 71.9875
116800 71.0268 71.9866
116900 70.9374 71.9857
117000 70.7068 71.9846
117100 71.1032 71.9839
117200 70.7882 71.9829
117300 70.5373 71.9816
117400 71.2583 71.981
117500 70.8683 71.9801
117600 70.8321 71.9791
117700 71.3717 71.9786
117800 71.8132 71.9784
117900 71.505 71.978
118000 71.2953 71.9775
118100 70.9672 71.9766
118200 71.179 71.9759
118300 71.1152 71.9752
118400 70.9062 71.9743
118500 71.1378 71.9736
118600 70.9231 71.9727
118700 71.4003 71.9722
118800 70.8729 71.9713
118900 70.5885 71.9701
119000 70.5736 71.969
119100 70.4686 71.9677
119200 70.2564 71.9663
119300 70.5489 71.9651
119400 70.298 71.9637
119500 70.8125 71.9627
119600 70.7168 71.9617
119700 70.8057 71.9607
119800 70.8799 71.9598
119900 70.8126 71.9589
120000 70.5187 71.9577
120100 71.3929 71.9572
120200 70.9375 71.9563
120300 70.7014 71.9553
120400 70.3972 71.954
120500 70.5829 71.9529
120600 70.2327 71.9514
120700 70.3141 71.9501
120800 70.3411 71.9487
120900 70.7247 71.9477
121000 70.3945 71.9464
121100 70.3177 71.9451
121200 69.7168 71.9433
121300 69.9513 71.9416
121400 69.8919 71.9399
121500 70.2163 71.9385
121600 69.8681 71.9368
121700 70.3635 71.9355
121800 70.8572 71.9346
121900 70.5795 71.9335
122000 70.0811 71.932
122100 70.4932 71.9308
122200 70.7759 71.9299
122300 70.7601 71.9289
122400 70.151 71.9275
122500 70.3847 71.9262
122600 69.5185 71.9242
122700 70.1822 71.9228
122800 70.3071 71.9215
122900 70.1381 71.9201
123000 69.8514 71.9184
123100 70.3073 71.9171
123200 70.598 71.916
123300 70.7032 71.915
123400 70.5356 71.9139
123500 70.7674 71.913
123600 71.0984 71.9123
123700 71.0554 71.9116
123800 70.6374 71.9106
123900 70.5238 71.9095
124000 70.568 71.9084
124100 70.0864 71.9069
124200 69.9223 71.9053
124300 69.9945 71.9038
124400 70.0221 71.9023
124500 70.2884 71.901
124600 70.1363 71.8996
124700 70.1604 71.8982
124800 70.1644 71.8968
124900 70.5357 71.8957
125000 70.101 71.8943
125100 70.5401 71.8932
125200 70.2302 71.8918
125300 70.1875 71.8905
125400 69.9903 71.889
125500 69.7859 71.8873
125600 69.886 71.8857
125700 69.8395 71.8841
125800 69.7942 71.8824
125900 69.9498 71.8809
126000 70.176 71.8795
126100 70.7241 71.8786
126200 70.594 71.8776
126300 69.8077 71.8759
126400 69.8213 71.8743
126500 69.7105 71.8726
126600 70.0114 71.8711
126700 70.2565 71.8699
126800 70.3247 71.8686
126900 70.4414 71.8675
127000 70.0743 71.8661
127100 70.2242 71.8648
127200 70.1786 71.8635
127300 69.7163 71.8618
127400 69.768 71.8602
127500 69.9207 71.8586
127600 70.2952 71.8574
127700 70.6596 71.8565
127800 71.194 71.856
127900 70.5563 71.8549
128000 70.033 71.8535
128100 70.2298 71.8523
128200 70.1536 71.8509
128300 70.2863 71.8497
128400 70.6537 71.8488
128500 70.2191 71.8475
128600 70.1179 71.8462
128700 70.3893 71.845
128800 70.4641 71.844
128900 70.2606 71.8427
129000 70.596 71.8418
129100 70.4057 71.8407
129200 70.3068 71.8395
129300 70.1776 71.8382
129400 70.1299 71.8369
129500 70.2818 71.8357
129600 70.4596 71.8346
129700 70.4561 71.8335
129800 69.9734 71.8321
129900 69.7609 71.8305
130000 69.7151 71.8289
130100 69.8107 71.8273
130200 69.7687 71.8257
130300 69.93 71.8243
130400 70.1993 71.823
130500 70.0439 71.8217
130600 70.181 71.8204
130700 69.8176 71.8189
130800 69.7695 71.8173
130900 69.7661 71.8158
131000 69.544 71.814
131100 69.5194 71.8123
131200 69.5997 71.8106
131300 69.5296 71.8089
131400 69.7145 71.8073
131500 70.1868 71.806
131600 70.2423 71.8048
131700 69.5683 71.8031
131800 69.8102 71.8016
131900 70.1519 71.8004
132000 69.7899 71.7989
132100 69.4981 71.7971
132200 70.0839 71.7958
132300 70.0968 71.7945
132400 69.8124 71.793
132500 69.9699 71.7917
132600 69.9218 71.7902
132700 70.1754 71.789
132800 70.0771 71.7877
132900 70.0009 71.7864
133000 70.0586 71.7851
133100 70.0892 71.7838
133200 70.5034 71.7829
133300 70.5941 71.782
133400 70.3775 71.7809
133500 70.2126 71.7797
133600 70.6342 71.7789
133700 70.3367 71.7778
133800 70.4408 71.7768
133900 70.1413 71.7756
134000 69.8931 71.7742
134100 70.381 71.7731
134200 70.3128 71.7721
134300 70.5524 71.7711
134400 70.6811 71.7703
134500 70.3207 71.7693
134600 70.3902 71.7682
134700 70.8986 71.7676
134800 70.7744 71.7668
134900 71.122 71.7664
135000 71.3992 71.7661
135100 70.8288 71.7654
135200 70.6276 71.7646
135300 71.2064 71.7642
135400 70.2582 71.763
135500 69.9269 71.7617
135600 70.4064 71.7607
135700 70.1842 71.7595
135800 70.0497 71.7583
135900 70.3577 71.7572
136000 70.527 71.7563
136100 70.4548 71.7554
136200 71.1724 71.7549
136300 70.6113 71.7541
136400 70.3375 71.7531
136500 69.6266 71.7515
136600 70.0796 71.7503
136700 70.4253 71.7493
136800 69.9847 71.748
136900 70.5007 71.7471
137000 70.4905 71.7462
137100 70.7215 71.7455
137200 70.4706 71.7445
137300 70.4769 71.7436
137400 70.5108 71.7427
137500 70.0266 71.7415
137600 70.7518 71.7407
137700 70.2931 71.7397
137800 70.3254 71.7387
137900 69.9327 71.7373
138000 70.529 71.7365
138100 70.3833 71.7355
138200 70.4078 71.7345
138300 70.2046 71.7334
138400 70.8628 71.7328
138500 70.8032 71.7321
138600 70.7226 71.7314
138700 70.7335 71.7307
138800 71.0774 71.7302
138900 70.8786 71.7296
139000 70.5578 71.7287
139100 70.4079 71.7278
139200 70.9526 71.7272
139300 71.0617 71.7268
139400 70.6987 71.726
139500 70.7427 71.7253
139600 70.507 71.7244
139700 70.5321 71.7236
139800 70.2547 71.7225
139900 70.546 71.7217
140000 70.8205 71.7211
140100 70.154 71.7199
140200 70.3633 71.719
140300 69.8174 71.7176
140400 70.956 71.7171
140500 70.6219 71.7163
140600 70.4763 71.7154
140700 70.5859 71.7146
140800 70.3368 71.7136
140900 70.2988 71.7126
141000 70.6213 71.7119
141100 70.4731 71.711
141200 70.2907 71.71
141300 70.6683 71.7092
141400 70.7425 71.7086
141500 71.2168 71.7082
141600 71.2286 71.7079
141700 70.6916 71.7071
141800 71.0994 71.7067
141900 70.6051 71.7059
142000 70.6978 71.7052
142100 70.9161 71.7047
142200 70.6544 71.7039
142300 70.6615 71.7032
142400 70.742 71.7025
142500 71.1088 71.7021
142600 70.7101 71.7014
142700 70.7326 71.7007
142800 70.9389 71.7002
142900 71.2926 71.6999
143000 71.478 71.6998
143100 70.9765 71.6993
143200 71.0235 71.6988
143300 71.019 71.6983
143400 70.6101 71.6976
143500 70.8947 71.697
143600 70.6557 71.6963
143700 70.9687 71.6958
143800 71.0896 71.6953
143900 70.6264 71.6946
144000 70.5697 71.6938
144100 70.4536 71.693
144200 70.5323 71.6922
144300 70.5379 71.6914
144400 70.1862 71.6903
144500 70.2963 71.6893
144600 70.5103 71.6885
144700 70.2875 71.6876
144800 69.9457 71.6864
144900 70.2528 71.6854
145000 70.1502 71.6843
145100 69.846 71.683
145200 70.3185 71.6821
145300 70.6245 71.6814
145400 71.0513 71.6809
145500 70.2484 71.68
145600 70.6872 71.6793
145700 70.4299 71.6784
145800 70.7564 71.6778
145900 70.8212 71.6772
146000 70.9212 71.6767
146100 70.6055 71.6759
146200 70.6196 71.6752
146300 70.5924 71.6745
146400 70.9193 71.674
146500 71.188 71.6736
146600 71.0661 71.6732
146700 71.871 71.6734
146800 70.9652 71.6729
146900 71.1242 71.6725
147000 71.1301 71.6721
147100 70.9205 71.6716
147200 70.2434 71.6707
147300 70.5734 71.6699
147400 70.9891 71.6694
147500 70.8383 71.6689
147600 70.5976 71.6682
147700 70.476 71.6674
147800 70.1387 71.6663
147900 70.3815 71.6654
148000 70.4716 71.6646
148100 70.6077 71.6639
148200 70.4446 71.6631
148300 70.5234 71.6623
148400 70.2366 71.6614
148500 70.6113 71.6607
148600 71.0416 71.6603
148700 71.23 71.66
148800 70.8445 71.6594
148900 70.6508 71.6587
149000 71.0786 71.6583
149100 70.4959 71.6576
149200 70.793 71.657
149300 70.3017 71.6561
149400 70.2553 71.6551
149500 70.2022 71.6542
149600 70.9244 71.6537
149700 70.2854 71.6528
149800 69.9702 71.6516
149900 69.6945 71.6503
150000 69.9061 71.6492
150100 70.185 71.6482
150200 69.8152 71.647
150300 69.8968 71.6458
150400 70.7243 71.6452
150500 70.4107 71.6444
150600 70.5716 71.6437
150700 70.4309 71.6429
150800 70.4474 71.6421
150900 70.8289 71.6415
151000 70.5974 71.6408
151100 70.7099 71.6402
151200 70.3386 71.6394
151300 70.1764 71.6384
151400 70.3142 71.6375
151500 70.5548 71.6368
151600 70.408 71.636
151700 70.4073 71.6352
151800 70.0217 71.6341
151900 70.3299 71.6333
152000 69.9212 71.6321
152100 70.1286 71.6312
152200 69.5624 71.6298
152300 70.1605 71.6288
152400 70.3049 71.628
152500 70.2781 71.6271
152600 70.3368 71.6262
152700 70.4408 71.6255
152800 70.2462 71.6246
152900 70.0037 71.6235
153000 69.6761 71.6222
153100 70.0839 71.6212
153200 70.0818 71.6202
153300 70.3051 71.6194
153400 69.703 71.6181
153500 70.6432 71.6175
153600 70.3541 71.6166
153700 70.3876 71.6158
153800 70.6529 71.6152
153900 70.8134 71.6147
154000 70.7423 71.6141
154100 71.2009 71.6139
154200 71.0568 71.6135
154300 70.4045 71.6127
154400 70.9752 71.6123
154500 70.7519 71.6117
154600 70.841 71.6112
154700 70.679 71.6106
154800 70.6648 71.61
154900 70.6178 71.6094
155000 70.6395 71.6088
155100 70.6746 71.6082
155200 70.4479 71.6074
155300 70.4984 71.6067
155400 70.3559 71.6059
155500 70.1476 71.605
155600 70.6225 71.6043
155700 70.3027 71.6035
155800 70.5621 71.6028
155900 70.047 71.6018
156000 70.5933 71.6012
156100 70.8783 71.6007
156200 70.4513 71.6
156300 70.6125 71.5994
156400 70.3673 71.5986
156500 70.4762 71.5978
156600 70.7175 71.5973
156700 71.0703 71.5969
156800 71.1059 71.5966
156900 70.6083 71.596
157000 70.5516 71.5953
157100 70.3655 71.5946
157200 69.9092 71.5935
157300 69.988 71.5925
157400 70.2778 71.5916
157500 70.5433 71.591
157600 70.8666 71.5905
157700 70.8827 71.5901
157800 70.0144 71.5891
157900 70.4984 71.5884
158000 70.4169 71.5876
158100 70.6739 71.587
158200 70.7441 71.5865
158300 70.5424 71.5859
158400 70.5446 71.5852
158500 70.4953 71.5845
158600 70.3245 71.5837
158700 70.636 71.5831
158800 70.3015 71.5823
158900 70.6029 71.5817
159000 70.4237 71.581
159100 70.175 71.5801
159200 70.4424 71.5794
159300 70.5913 71.5787
159400 70.5446 71.5781
159500 70.8339 71.5776
159600 70.2619 71.5768
159700 70.4172 71.5761
159800 70.1255 71.5752
159900 70.6751 71.5746
160000 70.623 71.574
160100 70.2993 71.5732
160200 70.7169 71.5727
160300 70.5252 71.572
160400 70.7013 71.5715
160500 70.1895 71.5706
160600 70.3526 71.5699
160700 70.3496 71.5691
160800 70.8173 71.5686
160900 70.4338 71.5679
161000 70.685 71.5674
161100 70.6557 71.5668
161200 70.7846 71.5663
161300 70.8352 71.5659
161400 70.3445 71.5651
161500 70.6106 71.5645
161600 70.2201 71.5637
161700 70.1035 71.5628
161800 70.0395 71.5619
161900 70.3572 71.5611
162000 70.648 71.5606
162100 70.733 71.56
162200 70.5867 71.5594
162300 70.6623 71.5589
162400 70.223 71.5581
162500 70.5482 71.5574
162600 70.2771 71.5567
162700 70.5893 71.5561
162800 70.3351 71.5553
162900 70.2506 71.5545
163000 69.9879 71.5536
163100 69.8262 71.5525
163200 70.0182 71.5516
163300 70.2696 71.5508
163400 70.368 71.55
163500 70.1549 71.5492
163600 69.8683 71.5482
163700 69.6539 71.547
163800 69.6662 71.5459
163900 70.3948 71.5452
164000 70.1808 71.5443
164100 69.8238 71.5433
164200 69.6586 71.5421
164300 69.7561 71.541
164400 70.2129 71.5402
164500 70.3215 71.5395
164600 69.9343 71.5385
164700 70.2611 71.5377
164800 70.5649 71.5371
164900 70.7891 71.5367
165000 70.5621 71.5361
165100 70.3931 71.5354
165200 70.6377 71.5349
165300 70.7251 71.5344
165400 70.4103 71.5337
165500 70.9899 71.5334
165600 71.0912 71.5331
165700 70.6412 71.5326
165800 70.1448 71.5317
165900 69.7859 71.5307
166000 69.8173 71.5296
166100 69.5573 71.5285
166200 70.0731 71.5276
166300 69.7072 71.5265
166400 69.4286 71.5252
166500 69.6004 71.5241
166600 69.948 71.5231
166700 70.1108 71.5223
166800 70.1251 71.5214
166900 70.015 71.5205
167000 70.6098 71.52
167100 70.7555 71.5195
167200 70.3823 71.5189
167300 70.5396 71.5183
167400 70.2258 71.5175
167500 70.0333 71.5166
167600 70.4649 71.516
167700 70.6783 71.5155
167800 70.159 71.5147
167900 70.0039 71.5138
168000 70.4746 71.5132
168100 70.272 71.5124
168200 70.144 71.5116
168300 70.1963 71.5108
168400 69.8389 71.5098
168500 70.5776 71.5093
168600 70.7229 71.5088
168700 70.8061 71.5084
168800 70.7212 71.5079
168900 70.9921 71.5076
169000 70.9097 71.5073
169100 70.8728 71.5069
169200 70.1362 71.5061
169300 69.9561 71.5052
169400 69.9703 71.5043
169500 69.9602 71.5034
169600 70.1127 71.5025
169700 70.682 71.502
169800 71.0373 71.5018
169900 70.517 71.5012
170000 70.5964 71.5007
170100 70.6223 71.5001
170200 70.3052 71.4994
170300 70.098 71.4986
170400 69.6248 71.4975
170500 70.1736 71.4967
170600 70.1171 71.4959
170700 70.7055 71.4955
170800 70.6574 71.495
170900 70.0685 71.4941
171000 70.2308 71.4934
171100 70.1681 71.4926
171200 70.0023 71.4918
171300 70.7402 71.4913
171400 70.4759 71.4907
171500 70.5018 71.4902
171600 70.7223 71.4897
171700 70.3592 71.489
171800 70.2735 71.4883
171900 70.2186 71.4876
172000 70.8506 71.4872
172100 70.1174 71.4864
172200 70.0303 71.4856
172300 70.2186 71.4849
172400 69.8305 71.4839
172500 69.9219 71.483
172600 69.9809 71.4821
172700 69.9563 71.4812
172800 70.3194 71.4806
172900 70.7314 71.4801
173000 70.6113 71.4796
173100 70.495 71.4791
173200 70.2214 71.4783
173300 69.6904 71.4773
173400 70.0346 71.4765
173500 69.6125 71.4754
173600 69.9142 71.4745
173700 69.9703 71.4736
173800 70.3475 71.473
173900 70.2393 71.4723
174000 70.0881 71.4715
174100 70.2595 71.4708
174200 70.1823 71.47
174300 70.1442 71.4693
174400 70.4651 71.4687
174500 69.9671 71.4678
174600 69.7983 71.4669
174700 70.6604 71.4664
174800 70.5503 71.4659
174900 70.8187 71.4655
175000 70.8653 71.4652
175100 70.8171 71.4648
175200 71.1223 71.4646
175300 71.2013 71.4645
175400 70.7318 71.4641
175500 70.3082 71.4634
175600 70.5489 71.4629
175700 70.215 71.4622
175800 70.6938 71.4617
175900 70.8269 71.4614
176000 70.9219 71.4611
176100 70.8869 71.4607
176200 70.6945 71.4603
176300 70.5446 71.4598
176400 71.014 71.4595
176500 70.5457 71.459
176600 70.8054 71.4586
176700 70.2973 71.458
176800 70.3586 71.4574
176900 70.4809 71.4568
177000 70.4585 71.4562
177100 70.2979 71.4556
177200 70.4754 71.455
177300 70.686 71.4546
177400 70.6968 71.4542
177500 70.6474 71.4537
177600 70.4247 71.4531
177700 70.5089 71.4526
177800 70.8839 71.4523
177900 70.9227 71.452
178000 71.1601 71.4518
178100 71.3765 71.4518
178200 71.2777 71.4517
178300 70.4676 71.4511
178400 70.8069 71.4508
178500 70.8007 71.4504
178600 71.0613 71.4502
178700 70.998 71.4499
178800 70.6355 71.4495
178900 70.3521 71.4489
179000 70.7627 71.4485
179100 70.1031 71.4477
179200 70.2535 71.4471
179300 70.0016 71.4463
179400 69.3798 71.4451
179500 70.023 71.4443
179600 70.627 71.4439
179700 70.4734 71.4433
179800 70.3539 71.4427
179900 70.9808 71.4425
180000 70.6514 71.442
180100 70.4131 71.4415
180200 70.573 71.441
180300 70.5547 71.4405
180400 70.2817 71.4398
180500 70.4058 71.4393
180600 70.3578 71.4387
180700 70.2964 71.438
180800 69.9952 71.4372
180900 70.4791 71.4367
181000 70.441 71.4362
181100 70.1973 71.4355
181200 70.3024 71.4348
181300 70.4626 71.4343
181400 70.8001 71.434
181500 70.6351 71.4335
181600 70.5265 71.433
181700 70.8167 71.4327
181800 71.4183 71.4327
181900 70.7456 71.4323
182000 70.8622 71.432
182100 71.0975 71.4318
182200 70.4501 71.4313
182300 70.4245 71.4307
182400 70.6969 71.4303
182500 70.8245 71.43
182600 70.4769 71.4295
182700 70.3382 71.4289
182800 70.6768 71.4284
182900 70.212 71.4278
183000 70.1176 71.4271
183100 70.0004 71.4263
183200 70.0942 71.4256
183300 69.8472 71.4247
183400 69.931 71.4239
183500 70.3542 71.4233
183600 70.6544 71.4229
183700 70.7284 71.4225
183800 71.1059 71.4223
183900 70.7065 71.4219
184000 70.635 71.4215
184100 70.786 71.4212
184200 70.3092 71.4206
184300 70.2318 71.4199
184400 70.7455 71.4196
184500 70.8409 71.4192
184600 70.6334 71.4188
184700 71.1095 71.4186
184800 70.774 71.4183
184900 70.3607 71.4177
185000 70.6918 71.4173
185100 70.6848 71.4169
185200 70.7836 71.4166
185300 70.5567 71.4161
185400 70.5184 71.4156
185500 70.789 71.4153
185600 70.3193 71.4147
185700 70.1426 71.414
185800 70.2263 71.4134
185900 70.0986 71.4127
186000 69.945 71.4119
186100 70.0454 71.4112
186200 70.146 71.4105
186300 70.0676 71.4098
186400 70.1378 71.4091
186500 69.8655 71.4083
186600 69.9349 71.4075
186700 70.5542 71.407
186800 70.4809 71.4065
186900 70.3579 71.4059
187000 70.3886 71.4054
187100 70.1582 71.4047
187200 70.2869 71.4041
187300 70.4824 71.4036
187400 70.2935 71.4031
187500 69.8578 71.4022
187600 69.7805 71.4014
187700 69.9124 71.4006
187800 69.7208 71.3997
187900 70.0457 71.399
188000 69.9932 71.3982
188100 69.7191 71.3973
188200 69.8833 71.3965
188300 69.6292 71.3956
188400 69.7697 71.3947
188500 70.0628 71.394
188600 69.9354 71.3932
188700 69.8765 71.3924
188800 70.1572 71.3918
188900 70.7073 71.3914
189000 70.6399 71.391
189100 70.7057 71.3907
189200 70.9305 71.3904
189300 71.5174 71.3905
189400 71.4777 71.3905
189500 71.6094 71.3906
189600 71.995 71.391
189700 71.1821 71.3908
189800 71.5117 71.3909
189900 71.0029 71.3907
190000 70.6513 71.3903
190100 70.7433 71.39
190200 71.0698 71.3898
190300 71.0212 71.3896
190400 71.0876 71.3895
190500 70.2623 71.3889
190600 70.5476 71.3884
190700 70.4677 71.3879
190800 70.0145 71.3872
190900 70.3994 71.3867
191000 70.2533 71.3861
191100 70.3941 71.3856
191200 70.1369 71.3849
191300 69.8192 71.3841
191400 69.9499 71.3834
191500 70.3462 71.3828
191600 70.3741 71.3823
191700 69.5995 71.3814
191800 70.1544 71.3807
191900 70.1125 71.3801
192000 70.6779 71.3797
192100 70.6873 71.3793
192200 70.3798 71.3788
192300 71.2228 71.3787
192400 70.539 71.3783
192500 70.6917 71.378
192600 70.3741 71.3774
192700 70.2068 71.3768
192800 70.6176 71.3764
192900 71.2245 71.3763
193000 71.1723 71.3762
193100 71.2891 71.3762
193200 71.4449 71.3762
193300 71.199 71.3761
193400 70.8601 71.3759
193500 70.9484 71.3757
193600 70.663 71.3753
193700 70.662 71.3749
193800 70.539 71.3745
193900 70.6171 71.3741
194000 71.1533 71.374
194100 71.1877 71.3739
194200 71.0476 71.3737
194300 70.3689 71.3732
194400 70.5358 71.3728
194500 69.9804 71.3721
194600 70.2982 71.3715
194700 70.6997 71.3712
194800 69.8387 71.3704
194900 70.1432 71.3697
195000 70.1588 71.3691
195100 69.9093 71.3684
195200 70.7624 71.3681
195300 70.5002 71.3676
195400 70.2417 71.367
195500 70.5235 71.3666
195600 70.5292 71.3662
195700 70.8038 71.3659
195800 70.3218 71.3654
195900 70.2901 71.3648
196000 70.3859 71.3643
196100 70.7 71.364
196200 70.8833 71.3637
196300 71.1174 71.3636
196400 70.7038 71.3633
196500 70.8118 71.363
196600 70.5159 71.3626
196700 70.1312 71.3619
196800 69.9441 71.3612
196900 69.7343 71.3604
197000 70.45 71.3599
197100 70.3647 71.3594
197200 70.1981 71.3588
197300 70.0451 71.3582
197400 70.0143 71.3575
197500 70.5119 71.3571
197600 70.4426 71.3566
197700 70.3824 71.3561
197800 70.6229 71.3557
197900 70.8219 71.3555
198000 70.4694 71.355
198100 71.0296 71.3548
198200 70.9761 71.3547
198300 70.7564 71.3544
198400 70.9245 71.3541
198500 71.1559 71.354
198600 71.1382 71.3539
198700 70.5171 71.3535
198800 70.4901 71.3531
198900 71.3917 71.3531
199000 71.1165 71.353
199100 70.8921 71.3527
199200 70.3977 71.3523
199300 70.551 71.3519
199400 70.3434 71.3514
199500 70.1764 71.3508
199600 70.5812 71.3504
199700 69.853 71.3496
199800 70.3731 71.3491
199900 70.4609 71.3487
200000 70.2158 71.3481
200100 70.281 71.3476
200200 70.4262 71.3471
200300 70.626 71.3468
200400 70.9331 71.3466
200500 70.8349 71.3463
200600 70.3799 71.3458
200700 70.2682 71.3453
200800 70.3567 71.3448
200900 70.7325 71.3445
201000 70.8884 71.3443
201100 70.4056 71.3438
201200 70.6157 71.3434
201300 70.4613 71.343
201400 70.2546 71.3425
201500 70.4656 71.342
201600 70.3592 71.3415
201700 70.2853 71.341
201800 70.274 71.3405
201900 70.4885 71.3401
202000 70.4591 71.3396
202100 70.868 71.3394
202200 70.1931 71.3388
202300 70.3293 71.3383
202400 70.3957 71.3379
202500 69.6987 71.3371
202600 69.7959 71.3363
202700 70.3237 71.3358
202800 70.1241 71.3352
202900 70.2863 71.3347
203000 69.9645 71.334
203100 70.1531 71.3334
203200 70.1107 71.3328
203300 70.3765 71.3324
203400 70.2566 71.3318
203500 70.0664 71.3312
203600 70.1059 71.3306
203700 70.1985 71.33
203800 70.1506 71.3295
203900 70.4127 71.329
204000 69.9174 71.3283
204100 70.0572 71.3277
204200 70.1501 71.3271
204300 70.3668 71.3267
204400 70.1085 71.3261
204500 70.1155 71.3255
204600 70.4473 71.325
204700 70.5473 71.3247
204800 70.5457 71.3243
204900 70.7857 71.324
205000 70.3753 71.3236
205100 70.497 71.3231
205200 70.4735 71.3227
205300 70.4613 71.3223
205400 70.3646 71.3218
205500 70.3139 71.3214
205600 69.7524 71.3206
205700 70.4191 71.3202
205800 70.129 71.3196
205900 70.3774 71.3191
206000 70.9186 71.3189
206100 70.8999 71.3187
206200 70.7964 71.3185
206300 70.2233 71.3179
206400 70.1554 71.3174
206500 69.9808 71.3167
206600 70.0489 71.3161
206700 70.1528 71.3156
206800 70.4106 71.3151
206900 70.2595 71.3146
207000 69.9324 71.3139
207100 69.771 71.3132
207200 69.6506 71.3124
207300 69.7832 71.3117
207400 69.7836 71.3109
207500 69.9767 71.3103
207600 69.6042 71.3095
207700 69.8889 71.3088
207800 69.946 71.3081
207900 69.8524 71.3074
208000 70.122 71.3068
208100 69.9894 71.3062
208200 69.4731 71.3053
208300 70.0357 71.3047
208400 69.9193 71.3041
208500 70.1241 71.3035
208600 70.4213 71.3031
208700 70.3553 71.3026
208800 70.3296 71.3021
208900 70.0493 71.3015
209000 70.3744 71.3011
209100 70.6925 71.3008
209200 70.3558 71.3004
209300 70.5469 71.3
209400 70.7398 71.2997
209500 70.2826 71.2992
209600 71.128 71.2992
209700 70.5966 71.2988
209800 70.9028 71.2986
209900 70.5434 71.2983
210000 70.0879 71.2977
210100 69.9392 71.2971
210200 70.1953 71.2965
210300 70.4018 71.2961
210400 70.3277 71.2956
210500 70.1846 71.2951
210600 70.1563 71.2946
210700 70.3286 71.2941
210800 70.3599 71.2937
210900 70.3097 71.2932
211000 70.7389 71.2929
211100 70.801 71.2927
211200 70.3795 71.2923
211300 70.4005 71.2919
211400 70.3358 71.2914
211500 69.9218 71.2908
211600 70.3795 71.2903
211700 70.9721 71.2902
211800 70.6156 71.2899
211900 70.0657 71.2893
212000 70.4219 71.2889
212100 70.8364 71.2887
212200 70.5133 71.2883
212300 70.541 71.2879
212400 70.149 71.2874
212500 69.7094 71.2867
212600 69.8412 71.286
212700 69.9832 71.2854
212800 70.0684 71.2848
212900 70.2018 71.2843
213000 69.9275 71.2837
213100 70.0253 71.2831
213200 70.2076 71.2826
213300 70.0634 71.282
213400 69.8812 71.2813
213500 70.1653 71.2808
213600 70.1651 71.2803
213700 70.2423 71.2798
213800 70.1127 71.2793
213900 69.9561 71.2786
214000 70.025 71.278
214100 70.6252 71.2777
214200 70.2362 71.2773
214300 70.1382 71.2767
214400 70.3407 71.2763
214500 70.6861 71.276
214600 70.8156 71.2758
214700 71.0272 71.2757
214800 70.7683 71.2754
214900 70.7938 71.2752
215000 70.8548 71.275
215100 70.9422 71.2749
215200 71.0685 71.2748
215300 70.7857 71.2746
215400 70.8516 71.2744
215500 70.5787 71.274
215600 70.6203 71.2737
215700 70.7002 71.2735
215800 70.422 71.2731
215900 70.6842 71.2728
216000 70.2987 71.2723
216100 70.3773 71.2719
216200 70.5161 71.2716
216300 70.0733 71.271
216400 70.2228 71.2705
216500 70.2513 71.2701
216600 70.2048 71.2696
216700 70.7206 71.2693
216800 70.7425 71.2691
216900 70.554 71.2688
217000 70.7196 71.2685
217100 70.589 71.2682
217200 71.4217 71.2683
217300 71.056 71.2682
217400 71.2645 71.2682
217500 71.3501 71.2682
217600 70.8102 71.268
217700 70.2613 71.2675
217800 70.5643 71.2672
217900 70.4103 71.2668
218000 70.7774 71.2666
218100 70.4412 71.2662
218200 70.6281 71.2659
218300 70.6372 71.2656
218400 70.2177 71.2651
218500 70.4084 71.2648
218600 70.4739 71.2644
218700 70.2297 71.2639
218800 70.1151 71.2634
218900 70.3894 71.263
219000 70.405 71.2626
219100 70.3989 71.2622
219200 70.0525 71.2617
219300 70.3343 71.2612
219400 70.4819 71.2609
219500 70.3672 71.2605
219600 70.7308 71.2602
219700 71.3204 71.2603
219800 70.7039 71.26
219900 70.8971 71.2598
220000 71.2224 71.2598
220100 70.7856 71.2596
220200 71.1439 71.2596
220300 71.0615 71.2595
220400 70.8085 71.2593
220500 70.577 71.2589
220600 71.1443 71.2589
220700 71.6048 71.2591
220800 71.7134 71.2593
220900 71.8574 71.2595
221000 71.4785 71.2596
221100 71.6243 71.2598
221200 71.1059 71.2597
221300 71.3127 71.2597
221400 70.7629 71.2595
221500 70.7385 71.2593
221600 70.692 71.259
221700 70.7681 71.2588
221800 70.6156 71.2585
221900 70.8115 71.2583
222000 70.928 71.2582
222100 70.9347 71.258
222200 70.5804 71.2577
222300 71.0655 71.2576
222400 70.3123 71.2572
222500 70.6427 71.2569
222600 71.0677 71.2568
222700 70.3473 71.2564
222800 70.6793 71.2562
222900 70.255 71.2557
223000 70.7049 71.2555
223100 71.1727 71.2554
223200 71.0436 71.2554
223300 71.0047 71.2552
223400 70.7315 71.255
223500 70.6713 71.2547
223600 70.6823 71.2545
223700 70.4563 71.2541
223800 70.4407 71.2538
223900 70.6181 71.2535
224000 70.4587 71.2531
224100 71.0312 71.253
224200 70.7896 71.2528
224300 70.5662 71.2525
224400 70.8238 71.2523
224500 71.1888 71.2523
224600 70.91 71.2521
224700 71.1765 71.2521
224800 71.3736 71.2522
224900 70.8133 71.252
225000 71.187 71.2519
225100 70.6341 71.2517
225200 70.7396 71.2514
225300 70.109 71.2509
225400 70.0912 71.2504
225500 70.3579 71.25
225600 70.3213 71.2496
225700 70.072 71.2491
225800 70.287 71.2487
225900 70.3685 71.2483
226000 70.4719 71.2479
226100 70.5812 71.2476
226200 70.5611 71.2473
226300 70.8507 71.2472
226400 70.972 71.247
226500 71.0753 71.247
226600 70.4475 71.2466
226700 70.3616 71.2462
226800 70.865 71.246
226900 71.1651 71.246
227000 71.0133 71.2459
227100 71.0993 71.2458
227200 71.1483 71.2458
227300 71.0983 71.2457
227400 71.0104 71.2456
227500 70.8112 71.2454
227600 70.5034 71.2451
227700 70.21 71.2447
227800 70.6519 71.2444
227900 70.7143 71.2442
228000 70.3549 71.2438
228100 70.2202 71.2433
228200 70.8662 71.2432
228300 70.5442 71.2429
228400 70.615 71.2426
228500 70.5928 71.2423
228600 70.7093 71.2421
228700 70.7953 71.2419
228800 70.3833 71.2415
228900 70.3235 71.2411
229000 70.3972 71.2407
229100 70.6614 71.2405
229200 70.5321 71.2402
229300 70.0673 71.2397
229400 70.2856 71.2392
229500 70.5292 71.2389
229600 69.5808 71.2382
229700 70.2302 71.2378
229800 70.7718 71.2376
229900 70.0366 71.237
230000 69.8127 71.2364
230100 69.9029 71.2358
230200 70.263 71.2354
230300 70.5646 71.2351
230400 70.7337 71.2349
230500 70.5731 71.2346
230600 70.9959 71.2345
230700 70.7447 71.2343
230800 70.6287 71.234
230900 70.74 71.2338
231000 70.5907 71.2336
231100 70.6812 71.2333
231200 70.4723 71.233
231300 70.4126 71.2326
231400 70.567 71.2323
231500 70.3892 71.232
231600 70.8392 71.2318
231700 70.9095 71.2317
231800 70.4434 71.2313
231900 70.5462 71.231
232000 70.1513 71.2306
232100 70.5498 71.2303
232200 69.9538 71.2297
232300 70.1601 71.2293
232400 69.7723 71.2286
232500 70.0832 71.2281
232600 70.4182 71.2278
232700 70.2103 71.2274
232800 70.4944 71.227
232900 70.2573 71.2266
233000 70.3206 71.2262
233100 70.8405 71.2261
233200 70.5475 71.2258
233300 70.6092 71.2255
233400 70.5181 71.2252
233500 70.2344 71.2248
233600 70.4346 71.2245
233700 70.532 71.2242
233800 70.408 71.2238
233900 70.4802 71.2235
234000 70.6551 71.2232
234100 70.2926 71.2229
234200 70.6179 71.2226
234300 71.0938 71.2225
234400 71.3983 71.2226
234500 70.9769 71.2225
234600 70.6143 71.2222
234700 70.826 71.2221
234800 70.6091 71.2218
234900 70.9625 71.2217
235000 70.3107 71.2213
235100 70.6478 71.2211
235200 70.5899 71.2208
235300 70.9601 71.2207
235400 70.3565 71.2203
235500 70.1728 71.2199
235600 70.2563 71.2195
235700 70.2257 71.2191
235800 70.1766 71.2186
235900 70.36 71.2182
236000 70.2892 71.2179
236100 70.1213 71.2174
236200 70.4594 71.2171
236300 70.2008 71.2166
236400 70.1721 71.2162
236500 70.3389 71.2158
236600 70.3621 71.2155
236700 70.5078 71.2152
236800 70.9026 71.215
236900 70.9651 71.2149
237000 71.1409 71.2149
237100 70.3908 71.2146
237200 70.576 71.2143
237300 70.7176 71.2141
237400 71.2921 71.2141
237500 70.9681 71.214
237600 70.6511 71.2138
237700 71.0344 71.2137
237800 70.5735 71.2134
237900 70.7226 71.2132
238000 70.3772 71.2129
238100 70.388 71.2125
238200 70.141 71.2121
238300 70.0966 71.2116
238400 70.4331 71.2113
238500 70.3915 71.2109
238600 70.6506 71.2107
238700 70.2747 71.2103
238800 70.2575 71.2099
238900 69.7312 71.2093
239000 70.3365 71.2089
239100 70.2978 71.2085
239200 70.121 71.2081
239300 70.0091 71.2076
239400 69.6475 71.2069
239500 69.6372 71.2063
239600 69.9994 71.2058
239700 70.3581 71.2054
239800 70.1637 71.205
239900 70.216 71.2046
240000 70.0427 71.2041
240100 70.576 71.2038
240200 70.5648 71.2036
240300 70.482 71.2033
240400 70.4557 71.2029
240500 71.0362 71.2029
240600 71.2469 71.2029
240700 71.2819 71.2029
240800 71.0702 71.2029
240900 70.8262 71.2027
241000 70.7579 71.2025
241100 70.9183 71.2024
241200 70.6425 71.2022
241300 70.6571 71.202
241400 70.8043 71.2018
241500 70.7204 71.2016
241600 70.8352 71.2014
241700 71.0925 71.2014
241800 70.9178 71.2013
241900 70.9302 71.2012
242000 70.3629 71.2008
242100 70.5795 71.2006
242200 70.5221 71.2003
242300 70.0129 71.1998
242400 69.5593 71.1991
242500 69.7162 71.1985
242600 69.9475 71.198
242700 70.3175 71.1976
242800 70.4768 71.1973
242900 70.4045 71.197
243000 70.6831 71.1968
243100 71.0638 71.1967
243200 70.7584 71.1966
243300 70.5585 71.1963
243400 70.89 71.1962
243500 70.4054 71.1958
243600 70.7275 71.1957
243700 70.2792 71.1953
243800 70.4187 71.195
243900 70.1651 71.1945
244000 69.9991 71.194
244100 70.7121 71.1938
244200 70.8816 71.1937
244300 70.7904 71.1936
244400 71.4646 71.1937
244500 71.1249 71.1936
244600 71.4877 71.1938
244700 70.9657 71.1937
244800 70.2204 71.1933
244900 69.7519 71.1927
245000 70.2055 71.1923
245100 70.6472 71.1921
245200 70.7784 71.1919
245300 70.8361 71.1917
245400 71.1054 71.1917
245500 71.1162 71.1917
245600 70.3426 71.1913
245700 70.4874 71.191
245800 70.2062 71.1906
245900 70.5582 71.1904
246000 70.7369 71.1902
246100 70.9369 71.1901
246200 71.0262 71.19
246300 70.6341 71.1898
246400 70.6477 71.1896
246500 70.5456 71.1893
246600 70.5311 71.1891
246700 70.8096 71.1889
246800 70.6435 71.1887
246900 70.5368 71.1884
247000 70.9681 71.1883
247100 71.0123 71.1883
247200 70.8172 71.1881
247300 70.4217 71.1878
247400 70.5744 71.1875
247500 70.1336 71.1871
247600 70.8341 71.187
247700 70.9354 71.1869
247800 70.6329 71.1867
247900 70.8021 71.1865
248000 70.7595 71.1863
248100 70.5555 71.1861
248200 70.3533 71.1857
248300 70.6784 71.1855
248400 70.5937 71.1853
248500 70.9029 71.1852
248600 70.5824 71.1849
248700 70.4573 71.1846
248800 70.6346 71.1844
248900 70.3611 71.1841
249000 70.3982 71.1838
249100 70.4275 71.1835
249200 70.6049 71.1832
249300 70.4617 71.183
249400 70.2544 71.1826
249500 70.9698 71.1825
249600 70.325 71.1822
249700 70.9109 71.182
249800 70.4782 71.1818
249900 70.4383 71.1815
250000 70.4117 71.1812
250100 70.6565 71.1809
250200 70.5348 71.1807
250300 70.2907 71.1803
250400 69.8235 71.1798
250500 70.1851 71.1794
250600 70.1807 71.179
250700 70.5695 71.1788
250800 70.3262 71.1784
250900 70.4137 71.1781
251000 70.2504 71.1777
251100 70.1631 71.1773
251200 69.6039 71.1767
251300 70.0074 71.1762
251400 70.209 71.1759
251500 69.795 71.1753
251600 69.7611 71.1747
251700 70.1144 71.1743
251800 69.9881 71.1739
251900 70.352 71.1735
252000 70.3471 71.1732
252100 70.2625 71.1728
252200 70.0526 71.1724
252300 69.9386 71.1719
252400 70.1326 71.1715
252500 70.1291 71.1711
252600 70.1997 71.1707
252700 70.5422 71.1704
252800 70.1667 71.1701
252900 70.8275 71.1699
253000 70.8353 71.1698
253100 70.4064 71.1695
253200 70.042 71.169
253300 69.9932 71.1686
253400 69.8717 71.1681
253500 70.2664 71.1677
253600 70.1865 71.1673
253700 70.7334 71.1671
253800 70.3588 71.1668
253900 70.3936 71.1665
254000 70.8676 71.1664
254100 70.6629 71.1662
254200 70.7396 71.166
254300 70.7342 71.1659
254400 70.4324 71.1656
254500 70.051 71.1651
254600 70.2444 71.1648
254700 70.4403 71.1645
254800 69.905 71.164
254900 69.9097 71.1635
255000 70.081 71.1631
255100 70.661 71.1629
255200 70.3346 71.1626
255300 70.5696 71.1623
255400 70.1386 71.1619
255500 70.4992 71.1617
255600 71.0608 71.1616
255700 71.2355 71.1617
255800 70.9833 71.1616
255900 70.7819 71.1614
256000 70.8819 71.1613
256100 70.4206 71.161
256200 70.5614 71.1608
256300 70.5316 71.1606
256400 70.6654 71.1604
256500 70.6824 71.1602
256600 70.2456 71.1598
256700 70.992 71.1598
256800 71.1011 71.1597
256900 70.5075 71.1595
257000 70.2268 71.1591
257100 70.4456 71.1588
257200 70.362 71.1585
257300 70.5253 71.1583
257400 70.7042 71.1581
257500 70.8441 71.158
257600 70.7744 71.1578
257700 70.5699 71.1576
257800 70.719 71.1574
257900 70.7541 71.1573
258000 70.619 71.1571
258100 71.0012 71.157
258200 70.7194 71.1569
258300 70.7626 71.1567
258400 70.7351 71.1565
258500 70.4087 71.1562
258600 70.3775 71.1559
258700 70.3297 71.1556
258800 70.4886 71.1554
258900 70.9828 71.1553
259000 70.31 71.155
259100 70.3758 71.1547
259200 70.2803 71.1543
259300 70.0499 71.1539
259400 70.2046 71.1535
259500 69.8639 71.153
259600 70.3153 71.1527
259700 70.3718 71.1524
259800 70.5561 71.1522
259900 70.6503 71.152
260000 70.4367 71.1517
260100 70.4699 71.1515
260200 70.6977 71.1513
260300 70.5198 71.151
260400 71.1711 71.1511
260500 71.1237 71.151
260600 70.417 71.1508
260700 70.5825 71.1505
260800 71.025 71.1505
260900 71.1527 71.1505
261000 70.7512 71.1503
261100 70.4503 71.1501
261200 70.9992 71.15
261300 70.8049 71.1499
261400 70.2987 71.1496
261500 70.7152 71.1494
261600 70.9308 71.1493
261700 71.0855 71.1493
261800 70.9686 71.1492
261900 71.1696 71.1492
262000 71.4175 71.1493
262100 70.745 71.1492
262200 70.6726 71.149
262300 70.3974 71.1487
262400 70.6141 71.1485
262500 70.5772 71.1483
262600 70.5637 71.1481
262700 70.3537 71.1478
262800 70.4673 71.1475
262900 70.4014 71.1472
263000 70.5296 71.147
263100 70.6222 71.1468
263200 70.8754 71.1467
263300 70.6516 71.1465
263400 70.1382 71.1461
263500 70.6458 71.1459
263600 70.321 71.1456
263700 70.3722 71.1453
263800 70.2239 71.145
263900 70.3658 71.1447
264000 70.7283 71.1445
264100 71.1893 71.1445
264200 70.4484 71.1443
264300 70.7431 71.1441
264400 70.4416 71.1438
264500 70.5488 71.1436
264600 70.1769 71.1433
264700 70.5617 71.143
264800 70.8484 71.1429
264900 70.5505 71.1427
265000 70.1977 71.1423
265100 70.1626 71.142
265200 70.6753 71.1418
265300 70.6564 71.1416
265400 70.111 71.1412
265500 70.1206 71.1408
265600 70.5762 71.1406
265700 70.5752 71.1404
265800 70.5383 71.1402
265900 70.2259 71.1398
266000 70.1887 71.1395
266100 70.412 71.1392
266200 70.4333 71.139
266300 69.9712 71.1385
266400 69.9593 71.1381
266500 70.3948 71.1378
266600 70.2498 71.1375
266700 70.2642 71.1371
266800 70.7771 71.137
266900 70.9304 71.1369
267000 70.7242 71.1368
267100 70.5461 71.1365
267200 70.2508 71.1362
267300 70.2393 71.1359
267400 70.0017 71.1355
267500 69.8814 71.135
267600 69.8364 71.1345
267700 70.6439 71.1343
267800 70.8793 71.1342
267900 70.8244 71.1341
268000 70.7946 71.134
268100 70.7627 71.1338
268200 70.828 71.1337
268300 70.3741 71.1334
268400 70.3783 71.1332
268500 70.16 71.1328
268600 70.3313 71.1325
268700 69.9641 71.1321
268800 70.0382 71.1317
268900 70.0383 71.1313
269000 71.1029 71.1312
269100 70.7779 71.1311
269200 69.9097 71.1307
269300 70.1886 71.1303
269400 70.62 71.1301
269500 69.9928 71.1297
269600 70.4229 71.1294
269700 70.3554 71.1291
269800 70.4491 71.1289
269900 70.1046 71.1285
270000 70.3117 71.1282
270100 70.9082 71.1281
270200 70.6337 71.1279
270300 70.5135 71.1277
270400 70.6343 71.1275
270500 70.494 71.1273
270600 70.9642 71.1272
270700 71.0848 71.1272
270800 71.2734 71.1273
270900 71.2254 71.1273
271000 71.2236 71.1274
271100 70.9251 71.1273
271200 70.5782 71.1271
271300 70.078 71.1267
271400 70.0959 71.1263
271500 70.2979 71.126
271600 70.0495 71.1256
271700 69.9678 71.1252
271800 70.1076 71.1248
271900 70.2259 71.1245
272000 70.3382 71.1242
272100 70.3677 71.1239
272200 70.5403 71.1237
272300 70.9214 71.1236
272400 70.1816 71.1233
272500 70.491 71.123
272600 70.8759 71.123
272700 70.8453 71.1229
272800 70.6284 71.1227
272900 69.9969 71.1223
273000 70.0182 71.1219
273100 70.092 71.1215
273200 69.9208 71.121
273300 70.4983 71.1208
273400 70.0062 71.1204
273500 69.8371 71.1199
273600 69.6602 71.1194
273700 69.5833 71.1188
273800 69.6749 71.1183
273900 70.3821 71.118
274000 70.1313 71.1177
274100 70.4236 71.1174
274200 70.5303 71.1172
274300 70.9597 71.1172
274400 70.6637 71.117
274500 70.7101 71.1168
274600 71.1187 71.1168
274700 70.7806 71.1167
274800 70.6074 71.1165
274900 70.5812 71.1163
275000 71.1601 71.1164
275100 70.6982 71.1162
275200 70.8734 71.1161
275300 70.1765 71.1158
275400 69.7027 71.1153
275500 70.3157 71.115
275600 70.6631 71.1148
275700 70.8959 71.1147
275800 70.8938 71.1146
275900 70.2304 71.1143
276000 70.4051 71.1141
276100 70.5847 71.1139
276200 70.2879 71.1136
276300 70.256 71.1133
276400 70.2862 71.113
276500 70.613 71.1128
276600 70.3587 71.1125
276700 70.0455 71.1121
276800 70.6891 71.112
276900 70.6174 71.1118
277000 69.9179 71.1114
277100 69.5287 71.1108
277200 70.1279 71.1104
277300 70.1799 71.1101
277400 70.1799 71.1098
277500 70.26 71.1095
277600 70.7569 71.1093
277700 70.5472 71.1091
277800 70.0785 71.1088
277900 70.6823 71.1086
278000 70.4547 71.1084
278100 70.6089 71.1082
278200 70.7615 71.1081
278300 70.7498 71.1079
278400 70.7688 71.1078
278500 69.8777 71.1074
278600 70.293 71.1071
278700 70.1763 71.1068
278800 69.7036 71.1062
278900 70.0777 71.1059
279000 70.4675 71.1057
279100 70.8477 71.1056
279200 70.6681 71.1054
279300 70.3848 71.1051
279400 69.9914 71.1047
279500 69.658 71.1042
279600 69.4747 71.1036
279700 69.7706 71.1032
279800 69.9524 71.1028
279900 69.4866 71.1022
280000 70.064 71.1018
280100 69.6371 71.1013
280200 69.9522 71.1009
280300 69.8614 71.1004
280400 70.0406 71.1001
280500 70.0097 71.0997
280600 69.3209 71.099
280700 69.1896 71.0984
280800 69.4386 71.0978
280900 69.8395 71.0973
281000 69.6267 71.0968
281100 69.3608 71.0962
281200 70.113 71.0958
281300 70.1167 71.0955
281400 69.7068 71.095
281500 69.781 71.0945
281600 69.748 71.094
281700 70.1269 71.0937
281800 70.4055 71.0935
281900 70.9878 71.0934
282000 70.4642 71.0932
282100 70.5549 71.093
282200 70.6723 71.0928
282300 70.4555 71.0926
282400 70.8098 71.0925
282500 70.0013 71.0921
282600 70.4336 71.0919
282700 70.5529 71.0917
282800 70.4459 71.0915
282900 70.1567 71.0912
283000 70.3003 71.0909
283100 70.2589 71.0906
283200 70.2595 71.0903
283300 70.3894 71.09
283400 70.3807 71.0898
283500 70.3537 71.0895
283600 69.9234 71.0891
283700 70.0752 71.0888
283800 70.0456 71.0884
283900 70.3949 71.0882
284000 70.1297 71.0878
284100 70.2652 71.0875
284200 70.2863 71.0872
284300 70.0133 71.0869
284400 69.8855 71.0864
284500 69.6943 71.086
284600 69.4306 71.0854
284700 69.8241 71.0849
284800 69.6955 71.0844
284900 69.6762 71.0839
285000 70.5275 71.0837
285100 70.0776 71.0834
285200 69.9749 71.083
285300 69.9905 71.0826
285400 70.1519 71.0823
285500 70.088 71.082
285600 69.997 71.0816
285700 70.2135 71.0813
285800 70.3224 71.081
285900 70.0526 71.0806
286000 70.3679 71.0804
286100 70.8309 71.0803
286200 70.629 71.0801
286300 70.3824 71.0799
286400 70.5012 71.0797
286500 70.7069 71.0796
286600 70.8841 71.0795
286700 71.1506 71.0795
286800 70.2109 71.0792
286900 69.9766 71.0788
287000 69.4626 71.0783
287100 70.0523 71.0779
287200 69.9144 71.0775
287300 70.1453 71.0772
287400 70.3431 71.0769
287500 70.4824 71.0767
287600 70.217 71.0764
287700 70.5348 71.0762
287800 69.812 71.0758
287900 70.4265 71.0756
288000 69.8019 71.0751
288100 69.7437 71.0747
288200 69.85 71.0742
288300 70.2138 71.0739
288400 70.0806 71.0736
288500 70.0431 71.0732
288600 70.0766 71.0729
288700 70.4748 71.0727
288800 70.4058 71.0725
288900 70.6498 71.0723
289000 70.93 71.0723
289100 70.8601 71.0722
289200 70.2411 71.0719
289300 70.5417 71.0717
289400 70.2868 71.0715
289500 70.3324 71.0712
289600 70.2473 71.0709
289700 70.7862 71.0708
289800 70.8581 71.0707
289900 70.8396 71.0707
290000 70.6606 71.0705
290100 71.0532 71.0705
290200 70.7277 71.0704
290300 70.4791 71.0702
290400 70.1055 71.0699
290500 70.6621 71.0697
290600 70.2198 71.0694
290700 70.684 71.0693
290800 70.5317 71.0691
290900 70.8164 71.069
291000 70.6946 71.0689
291100 70.9052 71.0688
291200 70.661 71.0687
291300 70.9355 71.0687
291400 70.296 71.0684
291500 70.6076 71.0682
291600 70.6534 71.0681
291700 71.0199 71.0681
291800 70.2189 71.0678
291900 70.6221 71.0676
292000 70.5271 71.0674
292100 70.4483 71.0672
292200 70.8917 71.0672
292300 70.9308 71.0671
292400 70.3947 71.0669
292500 70.7341 71.0668
292600 70.4698 71.0666
292700 70.0997 71.0662
292800 70.4842 71.066
292900 70.9633 71.066
293000 70.4608 71.0658
293100 70.0205 71.0654
293200 70.0747 71.0651
293300 70.1895 71.0648
293400 70.1386 71.0645
293500 70.2448 71.0642
293600 70.3953 71.064
293700 70.6787 71.0639
293800 71.0274 71.0638
293900 71.2083 71.0639
294000 70.2472 71.0636
294100 70.2715 71.0633
294200 70.7982 71.0633
294300 70.482 71.0631
294400 70.4688 71.0629
294500 70.7172 71.0627
294600 70.2249 71.0625
294700 70.2708 71.0622
294800 70.2768 71.0619
294900 70.7335 71.0618
295000 70.0855 71.0615
295100 69.986 71.0611
295200 70.3272 71.0609
295300 70.0882 71.0605
295400 70.3773 71.0603
295500 70.3034 71.06
295600 70.3689 71.0598
295700 70.4321 71.0596
295800 70.3529 71.0594
295900 70.8577 71.0593
296000 70.4164 71.0591
296100 70.7348 71.059
296200 70.8347 71.0589
296300 70.8207 71.0588
296400 70.635 71.0587
296500 70.4102 71.0585
296600 70.3088 71.0582
296700 70.3454 71.058
296800 70.1437 71.0577
296900 70.4077 71.0574
297000 70.2554 71.0572
297100 70.3162 71.0569
297200 70.2946 71.0567
297300 69.8827 71.0563
297400 69.7482 71.0558
297500 69.8195 71.0554
297600 69.8887 71.055
297700 69.7899 71.0546
297800 69.581 71.0541
297900 69.6315 71.0536
298000 69.5613 71.0531
298100 69.8532 71.0527
298200 70.0494 71.0524
298300 70.2018 71.0521
298400 70.2458 71.0518
298500 69.9173 71.0514
298600 70.3879 71.0512
298700 70.8057 71.0511
298800 70.5553 71.051
298900 70.4295 71.0508
299000 70.5501 71.0506
299100 70.3182 71.0504
299200 70.037 71.05
299300 70.4224 71.0498
299400 70.1381 71.0495
299500 70.4857 71.0493
299600 70.6957 71.0492
299700 70.9863 71.0492
299800 70.6865 71.049
299900 70.5482 71.0489
300000 70.9297 71.0488
300100 70.7853 71.0488
300200 70.4575 71.0486
300300 70.6469 71.0484
300400 70.7107 71.0483
300500 70.463 71.0481
300600 70.4486 71.0479
300700 70.4759 71.0477
300800 70.3968 71.0475
300900 70.9841 71.0475
301000 70.73 71.0474
301100 70.8241 71.0473
301200 70.6393 71.0472
301300 70.6322 71.047
301400 70.7274 71.0469
301500 70.5421 71.0468
301600 70.2601 71.0465
301700 70.4236 71.0463
301800 70.5253 71.0461
301900 70.2887 71.0459
302000 70.2045 71.0456
302100 69.8638 71.0452
302200 70.1195 71.0449
302300 70.6552 71.0448
302400 70.7918 71.0447
302500 70.7131 71.0446
302600 70.5705 71.0444
302700 70.9845 71.0444
302800 70.4576 71.0442
302900 70.5164 71.044
303000 70.4849 71.0438
303100 70.6114 71.0437
303200 70.0983 71.0434
303300 70.197 71.0431
303400 70.4853 71.0429
303500 70.7071 71.0428
303600 70.743 71.0427
303700 70.8814 71.0427
303800 70.8686 71.0426
303900 70.8573 71.0425
304000 70.9473 71.0425
304100 70.8386 71.0424
304200 70.8353 71.0424
304300 70.6219 71.0422
304400 70.1969 71.042
304500 70.943 71.0419
304600 70.5574 71.0418
304700 70.8648 71.0417
304800 70.6472 71.0416
304900 71.1959 71.0416
305000 71.6282 71.0418
305100 71.596 71.042
305200 71.1471 71.042
305300 71.3645 71.0421
305400 70.7754 71.0421
305500 71.1375 71.0421
305600 70.9033 71.042
305700 70.8974 71.042
305800 71.0136 71.042
305900 71.0324 71.042
306000 70.6154 71.0418
306100 70.6792 71.0417
306200 70.4003 71.0415
306300 70.6209 71.0414
306400 71.0458 71.0414
306500 70.5036 71.0412
306600 70.7548 71.0411
306700 71.0495 71.0411
306800 70.6683 71.041
306900 70.6861 71.0409
307000 70.2419 71.0406
307100 70.6975 71.0405
307200 70.4292 71.0403
307300 70.4252 71.0401
307400 70.4481 71.0399
307500 70.3511 71.0397
307600 70.4747 71.0395
307700 71.6549 71.0397
307800 71.3225 71.0398
307900 71.1162 71.0398
308000 70.7601 71.0397
308100 70.656 71.0396
308200 71.1513 71.0396
308300 70.9581 71.0396
308400 70.7998 71.0395
308500 71.14 71.0396
308600 70.9076 71.0395
308700 71.1855 71.0396
308800 70.8688 71.0395
308900 70.5201 71.0394
309000 70.881 71.0393
309100 70.3675 71.0391
309200 70.2052 71.0388
309300 70.7803 71.0387
309400 70.7434 71.0386
309500 70.8973 71.0386
309600 70.4887 71.0384
309700 70.6445 71.0383
309800 70.7327 71.0382
309900 70.4491 71.038
310000 71.2734 71.0381
310100 70.3594 71.0379
310200 70.5322 71.0377
310300 70.5573 71.0375
310400 70.4517 71.0374
310500 69.8331 71.037
310600 69.9765 71.0366
310700 70.0671 71.0363
310800 70.2659 71.0361
310900 70.3563 71.0358
311000 70.1805 71.0356
311100 70.4868 71.0354
311200 70.1045 71.0351
311300 70.2536 71.0348
311400 70.0648 71.0345
311500 69.895 71.0342
311600 70.2267 71.0339
311700 69.9455 71.0336
311800 70.3958 71.0334
311900 70.1372 71.0331
312000 70.6404 71.0329
312100 70.5745 71.0328
312200 70.3138 71.0326
312300 70.7351 71.0325
312400 70.659 71.0323
312500 70.6778 71.0322
312600 70.2131 71.032
312700 70.0998 71.0317
312800 70.1586 71.0314
312900 70.3104 71.0312
313000 70.0423 71.0308
313100 69.806 71.0305
313200 69.9916 71.0301
313300 70.044 71.0298
313400 70.1365 71.0295
313500 70.0261 71.0292
313600 69.8915 71.0288
313700 70.2059 71.0286
313800 70.0525 71.0283
313900 70.2713 71.028
314000 70.9725 71.028
314100 70.7184 71.0279
314200 70.5569 71.0278
314300 70.6131 71.0276
314400 70.6339 71.0275
314500 70.853 71.0274
314600 70.0529 71.0271
314700 70.5483 71.027
314800 70.7734 71.0269
314900 70.7886 71.0268
315000 71.0873 71.0268
315100 71.4455 71.027
315200 71.0056 71.027
315300 70.5667 71.0268
315400 70.2122 71.0266
315500 70.3364 71.0264
315600 70.2949 71.0261
315700 70.6948 71.026
315800 70.9785 71.026
315900 70.6697 71.0259
316000 70.9225 71.0259
316100 71.1069 71.0259
316200 70.7702 71.0258
316300 70.8873 71.0258
316400 70.8552 71.0257
316500 71.0386 71.0257
316600 70.6262 71.0256
316700 70.4417 71.0254
316800 70.7256 71.0253
316900 70.63 71.0252
317000 70.102 71.0249
317100 70.2819 71.0247
317200 70.3615 71.0244
317300 69.7829 71.0241
317400 69.9365 71.0237
317500 70.5181 71.0235
317600 70.3373 71.0233
317700 70.1986 71.0231
317800 70.4922 71.0229
317900 69.8196 71.0225
318000 70.2924 71.0223
318100 70.2512 71.0221
318200 70.1424 71.0218
318300 70.6094 71.0216
318400 70.7181 71.0216
318500 70.6835 71.0214
318600 70.3245 71.0212
318700 70.2746 71.021
318800 70.2056 71.0207
318900 70.551 71.0206
319000 70.8037 71.0205
319100 70.6832 71.0204
319200 70.3394 71.0202
319300 70.7848 71.0201
319400 70.6293 71.02
319500 70.6505 71.0199
319600 70.7644 71.0198
319700 71.2268 71.0199
319800 71.1074 71.0199
319900 70.8907 71.0199
320000 70.4499 71.0197
320100 70.0174 71.0194
320200 70.3569 71.0192
320300 70.6945 71.0191
320400 70.5523 71.0189
320500 69.9729 71.0186
320600 70.2031 71.0183
320700 70.3025 71.0181
320800 70.9085 71.0181
320900 71.1881 71.0181
321000 71.2567 71.0182
321100 70.4036 71.018
321200 70.6746 71.0179
321300 70.7963 71.0178
321400 70.4341 71.0177
321500 70.2284 71.0174
321600 69.9304 71.0171
321700 70.5761 71.0169
321800 70.1354 71.0167
321900 70.7132 71.0166
322000 70.398 71.0164
322100 70.1005 71.0161
322200 70.3142 71.0159
322300 69.5787 71.0154
322400 69.6642 71.015
322500 69.9403 71.0147
322600 69.855 71.0143
322700 69.8478 71.014
322800 70.3472 71.0138
322900 69.7743 71.0134
323000 70.3169 71.0132
323100 69.9064 71.0128
323200 70.1642 71.0125
323300 70.0481 71.0122
323400 70.4656 71.0121
323500 70.7433 71.012
323600 70.5911 71.0119
323700 70.2697 71.0116
323800 70.4159 71.0115
323900 70.3873 71.0113
324000 70.1292 71.011
324100 70.0048 71.0107
324200 70.1199 71.0104
324300 70.2199 71.0102
324400 70.4543 71.01
324500 70.3319 71.0098
324600 70.0349 71.0095
324700 70.0844 71.0092
324800 70.2925 71.009
324900 70.2117 71.0087
325000 70.3508 71.0085
325100 70.1036 71.0082
325200 69.8574 71.0079
325300 70.1326 71.0076
325400 70.1816 71.0074
325500 70.3243 71.0072
325600 70.3805 71.007
325700 70.3512 71.0068
325800 70.1657 71.0065
325900 70.2549 71.0063
326000 70.1706 71.006
326100 69.9583 71.0057
326200 70.0374 71.0054
326300 69.9677 71.0051
326400 69.9794 71.0048
326500 70.2433 71.0045
326600 69.9394 71.0042
326700 70.0064 71.0039
326800 69.6886 71.0035
326900 69.4546 71.003
327000 70.2903 71.0028
327100 70.403 71.0026
327200 70.0002 71.0023
327300 70.1306 71.0021
327400 70.1926 71.0018
327500 70.6566 71.0017
327600 70.4041 71.0015
327700 70.3101 71.0013
327800 69.923 71.001
327900 70.1603 71.0007
328000 70.1005 71.0004
328100 70.4032 71.0003
328200 70.0578 71
328300 70.0236 70.9997
328400 69.7599 70.9993
328500 69.9622 70.999
328600 69.5501 70.9985
328700 70.4262 70.9984
328800 70.0031 70.9981
328900 70.0303 70.9978
329000 70.3159 70.9976
329100 70.679 70.9975
329200 70.3755 70.9973
329300 70.396 70.9971
329400 70.6898 70.997
329500 70.1361 70.9967
329600 70.2865 70.9965
329700 70.5166 70.9964
329800 70.0875 70.9961
329900 70.3699 70.9959
330000 70.3714 70.9957
330100 70.2 70.9955
330200 70.4157 70.9953
330300 70.2737 70.9951
330400 70.1654 70.9948
330500 70.1389 70.9946
330600 70.3448 70.9944
330700 70.558 70.9943
330800 70.2759 70.994
330900 70.5884 70.9939
331000 70.4128 70.9937
331100 70.1903 70.9935
331200 69.8921 70.9932
331300 69.4875 70.9927
331400 69.5234 70.9923
331500 70.1018 70.992
331600 69.881 70.9917
331700 69.8691 70.9913
331800 70.1206 70.9911
331900 70.257 70.9908
332000 70.0563 70.9906
332100 70.2294 70.9903
332200 70.1589 70.9901
332300 70.1963 70.9898
332400 70.1353 70.9896
332500 70.0812 70.9893
332600 69.8052 70.989
332700 70.0868 70.9887
332800 70.3654 70.9885
332900 70.4268 70.9883
333000 70.5388 70.9882
333100 69.6662 70.9878
333200 69.994 70.9875
333300 70.2375 70.9873
333400 70.3176 70.9871
333500 70.2329 70.9868
333600 70.0875 70.9866
333700 70.0476 70.9863
333800 70.0756 70.986
333900 70.3991 70.9858
334000 70.1409 70.9856
334100 70.0659 70.9853
334200 69.6028 70.9849
334300 69.5495 70.9845
334400 69.7457 70.9841
334500 69.9445 70.9838
334600 70.0148 70.9835
334700 69.7989 70.9832
334800 70.2904 70.9829
334900 69.9795 70.9826
335000 70.0217 70.9824
335100 70.4323 70.9822
335200 70.2778 70.982
335300 70.4078 70.9818
335400 70.1129 70.9816
335500 69.974 70.9813
335600 70.4627 70.9811
335700 70.2258 70.9809
335800 70.1788 70.9806
335900 70.4507 70.9805
336000 70.4468 70.9803
336100 70.1686 70.9801
336200 69.9431 70.9798
336300 69.985 70.9795
336400 70.3092 70.9793
336500 70.1356 70.979
336600 70.0487 70.9787
336700 69.8983 70.9784
336800 70.1257 70.9782
336900 69.6632 70.9778
337000 69.685 70.9774
337100 69.564 70.977
337200 69.9208 70.9767
337300 69.7994 70.9763
337400 70.0318 70.976
337500 70.4583 70.9759
337600 70.1606 70.9756
337700 70.2454 70.9754
337800 70.0818 70.9752
337900 69.7642 70.9748
338000 70.2866 70.9746
338100 69.7269 70.9742
338200 70.0094 70.9739
338300 69.8768 70.9736
338400 70.3141 70.9734
338500 69.7772 70.9731
338600 69.6982 70.9727
338700 69.8273 70.9724
338800 70.4546 70.9722
338900 70.2893 70.972
339000 70.5128 70.9719
339100 70.6545 70.9718
339200 70.2177 70.9716
339300 70.1844 70.9713
339400 70.3584 70.9711
339500 70.6012 70.971
339600 70.3456 70.9708
339700 70.5978 70.9707
339800 70.8515 70.9707
339900 70.379 70.9705
340000 70.0484 70.9703
340100 70.3864 70.9701
340200 69.9198 70.9698
340300 70.1324 70.9695
340400 70.2213 70.9693
340500 70.6039 70.9692
340600 70.4008 70.969
340700 70.5547 70.9689
340800 69.7158 70.9685
340900 70.0482 70.9683
341000 70.081 70.968
341100 69.9862 70.9677
341200 70.1629 70.9675
341300 70.0109 70.9672
341400 70.0509 70.9669
341500 70.1104 70.9667
341600 70.1716 70.9665
341700 70.1247 70.9662
341800 70.2336 70.966
341900 70.032 70.9657
342000 69.5906 70.9653
342100 70.1901 70.9651
342200 69.8416 70.9648
342300 70.105 70.9645
342400 69.7415 70.9642
342500 70.0449 70.9639
342600 70.0677 70.9636
342700 70.083 70.9634
342800 70.3773 70.9632
342900 70.7347 70.9631
343000 70.7474 70.9631
343100 70.12 70.9628
343200 70.692 70.9627
343300 70.6664 70.9627
343400 70.4345 70.9625
343500 70.106 70.9623
343600 70.0934 70.962
343700 69.9005 70.9617
343800 70.5244 70.9616
343900 70.3388 70.9614
344000 70.1126 70.9611
344100 70.6481 70.9611
344200 70.33 70.9609
344300 70.117 70.9606
344400 70.0839 70.9604
344500 70.4799 70.9602
344600 70.5274 70.9601
344700 70.8526 70.9601
344800 70.5655 70.96
344900 70.2429 70.9598
345000 69.6293 70.9594
345100 70.0749 70.9591
345200 70.6239 70.959
345300 70.4246 70.9589
345400 70.9194 70.9588
345500 70.1609 70.9586
345600 70.278 70.9584
345700 70.1683 70.9582
345800 70.4062 70.958
345900 70.2912 70.9578
346000 69.9182 70.9575
346100 70.3675 70.9574
346200 70.3326 70.9572
346300 70.6211 70.9571
346400 70.1628 70.9569
346500 70.1328 70.9566
346600 70.0468 70.9564
346700 70.0595 70.9561
346800 69.9907 70.9558
346900 70.4343 70.9557
347000 70.7788 70.9556
347100 70.6098 70.9555
347200 70.5542 70.9554
347300 70.2037 70.9552
347400 70.0319 70.9549
347500 70.6491 70.9548
347600 70.512 70.9547
347700 70.8464 70.9547
347800 70.1878 70.9545
347900 70.4045 70.9543
348000 71.1125 70.9543
348100 70.746 70.9543
348200 70.3941 70.9541
348300 70.1553 70.9539
348400 70.2254 70.9537
348500 70.3013 70.9535
348600 69.9489 70.9532
348700 70.5158 70.9531
348800 70.8176 70.953
348900 70.5239 70.9529
349000 70.4106 70.9528
349100 70.6817 70.9527
349200 70.6528 70.9526
349300 70.7292 70.9525
349400 71.0017 70.9526
349500 71.7038 70.9528
349600 70.6216 70.9527
349700 70.7266 70.9526
349800 70.823 70.9526
349900 70.518 70.9524
350000 70.6953 70.9524
350100 70.5909 70.9523
350200 70.6844 70.9522
350300 70.7129 70.9521
350400 70.6462 70.952
350500 70.8755 70.952
350600 70.4244 70.9519
350700 70.7296 70.9518
350800 70.7517 70.9517
350900 71.1239 70.9518
351000 70.8006 70.9518
351100 70.8542 70.9517
351200 70.7828 70.9517
351300 70.8352 70.9516
351400 70.8894 70.9516
351500 70.9407 70.9516
351600 71.3108 70.9517
351700 70.6871 70.9516
351800 70.7426 70.9516
351900 70.8251 70.9516
352000 71.0697 70.9516
352100 70.4705 70.9515
352200 70.4827 70.9513
352300 70.6502 70.9512
352400 71.0212 70.9513
352500 70.7656 70.9512
352600 70.8559 70.9512
352700 70.6373 70.9511
352800 70.5561 70.951
352900 70.571 70.9509
353000 70.8422 70.9508
353100 71.0347 70.9509
353200 71.2265 70.9509
353300 71.3924 70.9511
353400 71.2895 70.9512
353500 71.0512 70.9512
353600 71.4331 70.9513
353700 71.0998 70.9514
353800 71.1479 70.9514
353900 70.894 70.9514
354000 70.8716 70.9514
354100 71.2716 70.9515
354200 71.4103 70.9516
354300 70.882 70.9516
354400 70.6417 70.9515
354500 70.7659 70.9514
354600 70.4531 70.9513
354700 70.6895 70.9512
354800 70.7857 70.9512
354900 70.5155 70.9511
355000 70.7289 70.951
355100 70.8296 70.951
355200 70.5382 70.9508
355300 70.6956 70.9508
355400 70.916 70.9508
355500 70.4818 70.9506
355600 70.5427 70.9505
355700 70.216 70.9503
355800 69.7948 70.95
355900 69.4858 70.9496
356000 69.712 70.9492
356100 70.3187 70.949
356200 69.9831 70.9488
356300 70.0466 70.9485
356400 70.1446 70.9483
356500 69.9542 70.948
356600 69.808 70.9477
356700 70.3434 70.9475
356800 70.1497 70.9473
356900 70.363 70.9471
357000 69.7969 70.9468
357100 70.4292 70.9467
357200 70.2595 70.9465
357300 69.9101 70.9462
357400 70.5549 70.9461
357500 70.4812 70.946
357600 70.2375 70.9458
357700 70.7298 70.9457
357800 70.7348 70.9456
357900 70.9625 70.9456
358000 70.7928 70.9456
358100 70.6072 70.9455
358200 70.7958 70.9455
358300 71.2059 70.9455
358400 71.1214 70.9456
358500 71.4387 70.9457
358600 71.2018 70.9458
358700 70.9074 70.9458
358800 71.0581 70.9458
358900 70.6591 70.9457
359000 70.5128 70.9456
359100 71.1594 70.9457
359200 71.2489 70.9458
359300 71.0911 70.9458
359400 71.2068 70.9459
359500 70.9419 70.9459
359600 70.6432 70.9458
359700 70.8955 70.9458
359800 70.533 70.9457
359900 70.2773 70.9455
360000 70.1019 70.9452
360100 69.8638 70.9449
360200 70.8773 70.9449
360300 70.5785 70.9448
360400 70.5857 70.9447
360500 70.0591 70.9445
360600 69.8731 70.9442
360700 70.3592 70.944
360800 70.1855 70.9438
360900 70.5344 70.9437
361000 70.0796 70.9434
361100 70.1262 70.9432
361200 69.9361 70.9429
361300 70.6744 70.9429
361400 70.2462 70.9427
361500 70.0221 70.9424
361600 69.7355 70.9421
361700 70.2176 70.9419
361800 69.9577 70.9416
361900 70.1043 70.9414
362000 70.4361 70.9412
362100 70.7235 70.9412
362200 70.4619 70.941
362300 70.3233 70.9409
362400 70.3455 70.9407
362500 70.3007 70.9405
362600 70.2281 70.9403
362700 70.3898 70.9402
362800 70.6406 70.9401
362900 70.5328 70.94
363000 70.3414 70.9398
363100 69.7903 70.9395
363200 69.5449 70.9391
363300 69.9933 70.9389
363400 70.0046 70.9386
363500 70.1373 70.9384
363600 70.067 70.9382
363700 69.8917 70.9379
363800 70.2594 70.9377
363900 70.3277 70.9375
364000 70.2313 70.9373
364100 70.4809 70.9372
364200 70.3164 70.937
364300 70.2933 70.9368
364400 70.3791 70.9367
364500 70.4615 70.9366
364600 70.7552 70.9365
364700 70.9299 70.9365
364800 70.2193 70.9363
364900 70.3282 70.9361
365000 70.2199 70.9359
365100 70.4425 70.9358
365200 70.6531 70.9357
365300 70.6344 70.9357
365400 70.3979 70.9355
365500 70.44 70.9354
365600 70.6394 70.9353
365700 70.6208 70.9352
365800 70.9099 70.9352
365900 70.8194 70.9352
366000 71.0215 70.9352
366100 71.2167 70.9353
366200 70.7919 70.9352
366300 71.2986 70.9353
366400 70.8895 70.9353
366500 70.5558 70.9352
366600 71.2182 70.9353
366700 71.1288 70.9353
366800 70.5854 70.9352
366900 70.2716 70.9351
367000 70.1921 70.9349
367100 70.4822 70.9347
367200 70.5953 70.9346
367300 70.0915 70.9344
367400 69.8218 70.9341
367500 69.7929 70.9338
367600 69.4253 70.9334
367700 69.7197 70.9331
367800 69.7932 70.9328
367900 69.9553 70.9325
368000 70.0081 70.9322
368100 70.5293 70.9321
368200 70.1464 70.9319
368300 69.9159 70.9316
368400 70.0733 70.9314
368500 70.0558 70.9312
368600 70.1331 70.9309
368700 70.5813 70.9309
368800 70.0125 70.9306
368900 69.837 70.9303
369000 70.1602 70.9301
369100 70.4916 70.93
369200 70.6372 70.9299
369300 70.2469 70.9297
369400 69.78 70.9294
369500 69.8618 70.9291
369600 70.291 70.9289
369700 70.1498 70.9287
369800 70.4434 70.9286
369900 70.6895 70.9285
370000 70.8741 70.9285
370100 70.9172 70.9285
370200 70.6525 70.9284
370300 70.9125 70.9284
370400 70.3854 70.9283
370500 70.5246 70.9282
370600 70.9576 70.9282
370700 70.3343 70.928
370800 71.1627 70.9281
370900 70.7731 70.9281
371000 71.0839 70.9281
371100 70.9963 70.9281
371200 70.9825 70.9281
371300 70.9504 70.9281
371400 70.886 70.9281
371500 70.9305 70.9281
371600 70.8652 70.9281
371700 70.7703 70.9281
371800 70.233 70.9279
371900 70.11 70.9277
372000 70.3607 70.9275
372100 70.1097 70.9273
372200 70.1922 70.9271
372300 70.6964 70.927
372400 70.7256 70.927
372500 70.1898 70.9268
372600 70.4186 70.9266
372700 70.4827 70.9265
372800 70.065 70.9263
372900 71.1895 70.9264
373000 70.4912 70.9262
373100 70.4511 70.9261
373200 70.2642 70.9259
373300 70.6575 70.9259
373400 70.2893 70.9257
373500 70.5118 70.9256
373600 70.8202 70.9256
373700 70.921 70.9256
373800 70.5048 70.9254
373900 70.303 70.9253
374000 70.1797 70.9251
374100 71.0503 70.9251
374200 70.3869 70.925
374300 70.5198 70.9249
374400 70.8871 70.9248
374500 70.3155 70.9247
374600 70.4605 70.9246
374700 69.9967 70.9243
374800 70.3435 70.9242
374900 70.7026 70.9241
375000 70.2694 70.9239
375100 70.4039 70.9238
375200 70.2727 70.9236
375300 69.564 70.9233
375400 69.5152 70.9229
375500 69.8324 70.9226
375600 70.1653 70.9224
375700 69.6545 70.922
375800 70.0283 70.9218
375900 69.6497 70.9215
376000 69.5758 70.9211
376100 69.9421 70.9209
376200 69.482 70.9205
376300 69.856 70.9202
376400 70.1202 70.92
376500 70.7319 70.9199
376600 70.7625 70.9199
376700 70.6323 70.9198
376800 70.1546 70.9196
376900 70.3444 70.9195
377000 70.7278 70.9194
377100 70.5293 70.9193
377200 70.8384 70.9193
377300 70.5497 70.9192
377400 70.4285 70.919
377500 70.5385 70.9189
377600 70.7719 70.9189
377700 70.1411 70.9187
377800 70.3495 70.9186
377900 70.9046 70.9185
378000 70.6396 70.9185
378100 70.714 70.9184
378200 70.0715 70.9182
378300 70.3163 70.918
378400 70.3856 70.9179
378500 69.8161 70.9176
378600 70.1635 70.9174
378700 70.1986 70.9172
378800 70.1778 70.917
378900 70.1459 70.9168
379000 70.0399 70.9166
379100 70.4381 70.9165
379200 70.3802 70.9163
379300 70.7874 70.9163
379400 70.6467 70.9162
379500 70.3224 70.9161
379600 70.4166 70.9159
379700 70.3745 70.9158
379800 70.6367 70.9157
379900 71.0205 70.9157
380000 70.8431 70.9157
380100 71.057 70.9158
380200 71.5922 70.9159
380300 71.0101 70.916
380400 71.004 70.916
380500 70.836 70.916
380600 70.8275 70.9159
380700 70.896 70.9159
380800 70.7666 70.9159
380900 70.4298 70.9158
381000 70.09 70.9155
381100 70.4264 70.9154
381200 70.2415 70.9152
381300 70.5118 70.9151
381400 70.239 70.915
381500 70.0052 70.9147
381600 70.3501 70.9146
381700 70.8415 70.9146
381800 70.9797 70.9146
381900 70.5102 70.9145
382000 70.0643 70.9142
382100 70.0556 70.914
382200 70.2258 70.9138
382300 70.4892 70.9137
382400 70.7856 70.9137
382500 70.3592 70.9135
382600 70.2028 70.9134
382700 69.879 70.9131
382800 69.8882 70.9128
382900 70.1293 70.9126
383000 70.3336 70.9125
383100 70.397 70.9123
383200 70.595 70.9123
383300 70.515 70.9121
383400 70.2591 70.912
383500 70.4349 70.9119
383600 70.1334 70.9116
383700 70.6405 70.9116
383800 70.8043 70.9116
383900 70.9211 70.9116
384000 70.9624 70.9116
384100 70.5309 70.9115
384200 70.5191 70.9114
384300 70.6203 70.9113
384400 70.2321 70.9111
384500 70.5947 70.911
384600 70.701 70.911
384700 70.4279 70.9108
384800 70.7552 70.9108
384900 70.5869 70.9107
385000 71.2446 70.9108
385100 71.1745 70.9109
385200 70.7365 70.9108
385300 70.7147 70.9108
385400 70.7903 70.9108
385500 70.7908 70.9107
385600 70.6464 70.9107
385700 70.6816 70.9106
385800 70.5073 70.9105
385900 70.3977 70.9104
386000 70.8397 70.9103
386100 70.5557 70.9102
386200 70.487 70.9101
386300 70.6336 70.9101
386400 70.4023 70.9099
386500 70.4045 70.9098
386600 69.8182 70.9095
386700 70.0437 70.9093
386800 70.1245 70.9091
386900 70.5349 70.909
387000 70.3001 70.9088
387100 70.3408 70.9087
387200 70.087 70.9085
387300 70.1279 70.9083
387400 70.6616 70.9082
387500 70.6699 70.9082
387600 70.474 70.908
387700 70.6098 70.908
387800 70.3097 70.9078
387900 70.1611 70.9076
388000 70.0623 70.9074
388100 70.2526 70.9072
388200 70.3156 70.9071
388300 70.2423 70.9069
388400 70.0793 70.9067
388500 70.1832 70.9065
388600 70.5445 70.9064
388700 70.7371 70.9064
388800 70.5055 70.9063
388900 70.3129 70.9061
389000 70.3681 70.906
389100 70.3714 70.9058
389200 70.4134 70.9057
389300 70.6269 70.9056
389400 70.6799 70.9056
389500 70.6041 70.9055
389600 70.1803 70.9053
389700 70.284 70.9052
389800 70.4086 70.905
389900 70.082 70.9048
390000 70.4132 70.9047
390100 70.6698 70.9046
390200 70.6792 70.9046
390300 71.0308 70.9046
390400 70.3711 70.9045
390500 70.7704 70.9044
390600 70.6623 70.9044
390700 70.9314 70.9044
390800 70.1571 70.9042
390900 70.2127 70.904
391000 70.4745 70.9039
391100 70.4171 70.9038
391200 70.4619 70.9037
391300 71.1544 70.9037
391400 71.0022 70.9038
391500 70.7196 70.9037
391600 70.2197 70.9035
391700 70.3366 70.9034
391800 71.0161 70.9034
391900 70.5155 70.9033
392000 70.9021 70.9033
392100 70.5218 70.9032
392200 70.4868 70.9031
392300 70.2805 70.903
392400 70.746 70.9029
392500 70.6109 70.9028
392600 70.3734 70.9027
392700 70.5837 70.9026
392800 70.7175 70.9026
392900 70.3698 70.9024
393000 70.6375 70.9024
393100 70.5673 70.9023
393200 70.4511 70.9022
393300 70.6758 70.9021
393400 70.3842 70.902
393500 70.3193 70.9018
393600 69.9046 70.9016
393700 70.235 70.9014
393800 70.5822 70.9013
393900 70.728 70.9013
394000 70.6597 70.9012
394100 70.8753 70.9012
394200 70.99 70.9012
394300 70.327 70.9011
394400 70.8531 70.9011
394500 70.5189 70.901
394600 70.4739 70.9009
394700 70.152 70.9007
394800 70.315 70.9005
394900 70.0889 70.9003
395000 70.4268 70.9002
395100 70.4589 70.9001
395200 70.1157 70.8999
395300 70.2209 70.8997
395400 70.293 70.8996
395500 70.9744 70.8996
395600 70.6702 70.8995
395700 70.5911 70.8995
395800 70.9454 70.8995
395900 70.744 70.8994
396000 70.4075 70.8993
396100 70.2314 70.8991
396200 69.928 70.8989
396300 69.8893 70.8986
396400 70.1978 70.8985
396500 69.8038 70.8982
396600 70.3512 70.8981
396700 70.3682 70.8979
396800 70.4709 70.8978
396900 70.9707 70.8978
397000 70.3908 70.8977
397100 70.2908 70.8976
397200 70.5104 70.8975
397300 70.4665 70.8973
397400 70.4243 70.8972
397500 70.4372 70.8971
397600 70.5991 70.897
397700 70.3235 70.8969
397800 70.3207 70.8968
397900 70.5039 70.8967
398000 70.7722 70.8966
398100 70.3307 70.8965
398200 70.1942 70.8963
398300 70.306 70.8962
398400 70.5201 70.8961
398500 70.5545 70.896
398600 70.8667 70.896
398700 70.7317 70.8959
398800 70.3611 70.8958
398900 70.5115 70.8957
399000 70.8688 70.8957
399100 70.6382 70.8956
399200 70.5592 70.8955
399300 70.8886 70.8955
399400 70.5417 70.8954
399500 70.1023 70.8953
399600 70.2178 70.8951
399700 70.0567 70.8949
399800 70.3547 70.8947
399900 70.7792 70.8947
400000 70.4374 70.8946
