100 74.8376 74.8376
200 75.2756 75.0566
300 75.6315 75.2482
400 75.589 75.3334
500 75.3667 75.3401
600 74.5646 75.2108
700 74.9937 75.1798
800 75.5122 75.2214
900 75.6233 75.266
1000 76.0869 75.3481
1100 75.5698 75.3683
1200 76.34 75.4492
1300 75.8169 75.4775
1400 75.999 75.5148
1500 75.8909 75.5398
1600 75.7397 75.5523
1700 74.9733 75.5183
1800 75.8316 75.5357
1900 76.1209 75.5665
2000 76.6627 75.6213
2100 76.2599 75.6517
2200 76.4857 75.6896
2300 76.6747 75.7324
2400 76.3741 75.7592
2500 76.3241 75.7818
2600 76.2881 75.8012
2700 76.6336 75.8321
2800 77.2905 75.8842
2900 76.8462 75.9173
3000 77.4372 75.968
3100 77.0764 76.0037
3200 77.2237 76.0419
3300 76.2373 76.0478
3400 76.5155 76.0615
3500 76.4581 76.0729
3600 76.5043 76.0849
3700 76.3934 76.0932
3800 75.905 76.0882
3900 75.9477 76.0846
4000 76.3142 76.0904
4100 76.5053 76.1005
4200 76.5295 76.1107
4300 77.898 76.1523
4400 78.2157 76.1992
4500 78.778 76.2565
4600 78.1755 76.2982
4700 79.1029 76.3579
4800 79.4424 76.4221
4900 78.5972 76.4665
5000 79.0333 76.5179
5100 79.7818 76.5819
5200 80.6031 76.6592
5300 80.6087 76.7337
5400 80.2449 76.7987
5500 79.7748 76.8528
5600 79.6451 76.9027
5700 79.7158 76.9521
5800 79.5428 76.9967
5900 79.6954 77.0425
6000 80.049 77.0926
6100 79.9112 77.1388
6200 79.4763 77.1765
6300 78.7276 77.2011
6400 78.2951 77.2182
6500 78.0547 77.2311
6600 77.7358 77.2387
6700 78.8204 77.2623
6800 78.852 77.2857
6900 79.2085 77.3136
7000 78.7707 77.3344
7100 78.5761 77.3519
7200 79.4085 77.3804
7300 78.0534 77.3897
7400 79.2828 77.4152
7500 79.1511 77.4384
7600 79.4685 77.4651
7700 79.5896 77.4927
7800 79.5983 77.5197
7900 79.9056 77.5499
8000 79.4023 77.573
8100 79.2006 77.5931
8200 79.269 77.6136
8300 78.6342 77.6259
8400 78.6409 77.638
8500 77.8585 77.6405
8600 78.4311 77.6497
8700 78.2932 77.6571
8800 78.0005 77.661
8900 78.5673 77.6712
9000 79.2342 77.6886
9100 79.4271 77.7077
9200 79.0914 77.7227
9300 78.1784 77.7276
9400 78.7078 77.7381
9500 78.5678 77.7468
9600 78.4108 77.7537
9700 78.4227 77.7606
9800 78.6454 77.7696
9900 77.3864 77.7658
10000 77.8217 77.7663
10100 77.8752 77.7674
10200 77.1521 77.7614
10300 77.2708 77.7566
10400 76.9573 77.7489
10500 78.1179 77.7524
10600 78.188 77.7565
10700 77.5749 77.7548
10800 79.1966 77.7682
10900 78.4624 77.7746
11000 78.8234 77.7841
11100 79.2259 77.7971
11200 78.4584 77.803
11300 78.251 77.807
11400 78.249 77.8108
11500 78.5014 77.8168
11600 77.9241 77.8178
11700 77.1963 77.8125
11800 78.0384 77.8144
11900 77.9022 77.8151
12000 77.3528 77.8113
12100 77.5974 77.8095
12200 78.2139 77.8128
12300 77.8911 77.8134
12400 78.0931 77.8157
12500 77.1825 77.8106
12600 77.5581 77.8086
12700 77.8364 77.8088
12800 77.8989 77.8095
12900 77.5248 77.8073
13000 77.5282 77.8052
13100 77.7131 77.8045
13200 78.1137 77.8068
13300 78.4981 77.812
13400 78.6438 77.8182
13500 78.1645 77.8208
13600 78.0039 77.8221
13700 78.5143 77.8272
13800 77.871 77.8275
13900 77.1802 77.8229
14000 77.6132 77.8214
14100 77.6917 77.8204
14200 77.7823 77.8202
14300 77.5338 77.8182
14400 77.6748 77.8172
14500 77.2317 77.8131
14600 77.4852 77.8109
14700 77.9074 77.8115
14800 77.6313 77.8103
14900 77.0816 77.8054
15000 76.0816 77.7939
15100 76.0152 77.7822
15200 76.5762 77.7742
15300 76.5501 77.7662
15400 76.9345 77.7608
15500 76.9869 77.7558
15600 77.361 77.7533
15700 77.7465 77.7533
15800 77.882 77.7541
15900 77.6376 77.7533
16000 77.5177 77.7519
16100 76.9383 77.7468
16200 77.3988 77.7447
16300 77.2471 77.7416
16400 76.4154 77.7335
16500 77.1645 77.7301
16600 76.9547 77.7254
16700 77.1881 77.7222
16800 76.3981 77.7143
16900 76.8001 77.7089
17000 77.217 77.706
17100 77.6574 77.7057
17200 77.2905 77.7033
17300 76.9906 77.6992
17400 77.3614 77.6972
17500 77.1369 77.694
17600 77.6804 77.694
17700 77.3769 77.6922
17800 77.4374 77.6907
17900 77.8163 77.6914
18000 77.886 77.6925
18100 77.4424 77.6911
18200 78.235 77.6941
18300 77.844 77.695
18400 78.2803 77.6981
18500 78.3257 77.7015
18600 78.5326 77.706
18700 78.3111 77.7092
18800 78.6708 77.7143
18900 77.9206 77.7154
19000 77.9529 77.7167
19100 77.6296 77.7162
19200 77.7892 77.7166
19300 77.8792 77.7175
19400 77.2426 77.715
19500 77.439 77.7136
19600 76.982 77.7099
19700 77.6313 77.7095
19800 77.4754 77.7083
19900 76.9529 77.7045
20000 77.1003 77.7015
20100 76.8314 77.6971
20200 76.3354 77.6904
20300 76.1952 77.683
20400 76.5028 77.6772
20500 76.5163 77.6716
20600 76.7078 77.6669
20700 77.0754 77.664
20800 76.8182 77.66
20900 76.1312 77.6527
21000 76.4288 77.6468
21100 75.8939 77.6385
21200 76.7769 77.6345
21300 76.7799 77.6304
21400 76.5294 77.6253
21500 76.037 77.6179
21600 76.0492 77.6107
21700 76.0951 77.6037
21800 76.3577 77.598
21900 76.3038 77.592
22000 76.2073 77.5857
22100 76.3171 77.58
22200 76.0179 77.573
22300 76.8299 77.5696
22400 77.3047 77.5685
22500 77.1091 77.5664
22600 76.4745 77.5616
22700 77.0282 77.5592
22800 76.3153 77.5538
22900 76.9012 77.5509
23000 76.5199 77.5464
23100 76.1115 77.5402
23200 76.8282 77.5372
23300 76.8568 77.5342
23400 76.347 77.5292
23500 76.7407 77.5258
23600 77.5917 77.5261
23700 76.8632 77.5233
23800 76.7331 77.52
23900 77.3393 77.5192
24000 77.6242 77.5197
24100 77.4623 77.5194
24200 77.6455 77.5199
24300 77.4759 77.5198
24400 78.1729 77.5224
24500 78.0584 77.5246
24600 77.8014 77.5258
24700 77.365 77.5251
24800 77.7901 77.5262
24900 77.6667 77.5267
25000 77.1765 77.5253
25100 78.1244 77.5277
25200 77.1812 77.5263
25300 76.7295 77.5232
25400 76.3133 77.5184
25500 76.9176 77.5161
25600 76.8538 77.5135
25700 77.1718 77.5122
25800 77.4137 77.5118
25900 76.7031 77.5087
26000 76.5167 77.5048
26100 76.5492 77.5012
26200 76.9654 77.4991
26300 76.8825 77.4968
26400 76.9391 77.4947
26500 77.1028 77.4932
26600 75.9515 77.4874
26700 75.9519 77.4816
26800 75.7678 77.4753
26900 76.157 77.4704
27000 76.0755 77.4652
27100 76.5429 77.4618
27200 76.6638 77.4589
27300 76.8931 77.4568
27400 76.11 77.4519
27500 76.2775 77.4476
27600 75.8713 77.4419
27700 76.0757 77.4369
27800 76.3823 77.4332
27900 77.133 77.4321
28000 76.91 77.4302
28100 77.0763 77.429
28200 76.7391 77.4265
28300 76.2189 77.4222
28400 76.5501 77.4192
28500 77.3999 77.4191
28600 76.6144 77.4163
28700 76.7952 77.4141
28800 76.9584 77.4125
28900 77.2553 77.412
29000 76.798 77.4099
29100 76.8157 77.4078
29200 76.0677 77.4033
29300 76.3986 77.3998
29400 77.3487 77.3996
29500 76.6469 77.3971
29600 76.7271 77.3948
29700 76.7229 77.3926
29800 77.1725 77.3918
29900 76.7512 77.3897
30000 76.9455 77.3882
30100 77.1124 77.3873
30200 77.1827 77.3866
30300 77.2444 77.3861
30400 77.5233 77.3866
30500 77.702 77.3876
30600 77.7822 77.3889
30700 77.467 77.3892
30800 77.6623 77.3901
30900 77.0646 77.389
31000 76.6906 77.3868
31100 76.4951 77.3839
31200 76.29 77.3804
31300 76.39 77.3772
31400 76.2614 77.3737
31500 76.7621 77.3717
31600 76.9633 77.3704
31700 76.9688 77.3692
31800 76.5973 77.3667
31900 76.8765 77.3652
32000 76.4335 77.3623
32100 76.9302 77.3609
32200 77.3745 77.361
32300 77.0489 77.36
32400 77.8661 77.3616
32500 77.7007 77.3626
32600 77 77.3615
32700 76.9901 77.3604
32800 76.8824 77.3589
32900 77.0381 77.3579
33000 77.5285 77.3585
33100 77.9962 77.3604
33200 78.1019 77.3626
33300 77.8537 77.3641
33400 77.7933 77.3654
33500 78.0286 77.3674
33600 77.7955 77.3686
33700 78.7963 77.3729
33800 78.632 77.3766
33900 77.8489 77.378
34000 78.1782 77.3803
34100 77.1141 77.3796
34200 76.6153 77.3773
34300 76.6209 77.3751
34400 76.04 77.3712
34500 76.1131 77.3676
34600 76.6239 77.3654
34700 77.1288 77.3648
34800 76.6886 77.3628
34900 76.8147 77.3612
35000 77.6435 77.3621
35100 77.228 77.3617
35200 76.8044 77.3601
35300 77.3027 77.3599
35400 77.504 77.3603
35500 78.5645 77.3637
35600 78.7405 77.3676
35700 78.783 77.3716
35800 78.5061 77.3747
35900 78.3607 77.3775
36000 78.6613 77.381
36100 78.0715 77.383
36200 78.3519 77.3856
36300 79.2591 77.3908
36400 78.4451 77.3937
36500 78.3728 77.3964
36600 78.6108 77.3997
36700 78.9879 77.404
36800 78.3884 77.4067
36900 79.2166 77.4116
37000 78.9636 77.4158
37100 79.2251 77.4207
37200 78.7572 77.4243
37300 78.7019 77.4277
37400 78.1237 77.4295
37500 78.3152 77.4319
37600 77.7629 77.4328
37700 78.6706 77.4361
37800 78.2531 77.4382
37900 78.5821 77.4412
38000 78.49 77.444
38100 77.5091 77.4442
38200 77.7408 77.445
38300 77.7791 77.4458
38400 77.9217 77.4471
38500 78.262 77.4492
38600 77.4832 77.4493
38700 77.2072 77.4486
38800 76.966 77.4474
38900 77.301 77.447
39000 76.4326 77.4444
39100 77.3228 77.4441
39200 77.2902 77.4437
39300 77.5423 77.444
39400 77.362 77.4438
39500 76.5682 77.4415
39600 76.8828 77.4401
39700 76.9025 77.4388
39800 76.9334 77.4375
39900 76.2522 77.4345
40000 75.9344 77.4308
40100 76.8809 77.4294
40200 76.5676 77.4273
40300 76.8694 77.4259
40400 77.1088 77.4251
40500 77.1256 77.4244
40600 77.1717 77.4237
40700 76.7498 77.4221
40800 77.0928 77.4213
40900 76.8726 77.4199
41000 76.9378 77.4188
41100 76.7489 77.4171
41200 77.1869 77.4166
41300 76.5525 77.4145
41400 76.6812 77.4127
41500 76.1391 77.4096
41600 76.457 77.4074
41700 76.32 77.4047
41800 76.3455 77.4022
41900 76.3237 77.3996
42000 76.8476 77.3983
42100 76.513 77.3962
42200 76.949 77.3952
42300 77.2527 77.3948
42400 76.9704 77.3938
42500 76.3564 77.3914
42600 76.5627 77.3894
42700 76.1675 77.3866
42800 76.3813 77.3842
42900 76.7339 77.3827
43000 76.1561 77.3799
43100 77.0724 77.3791
43200 76.7979 77.3778
43300 77.0663 77.3771
43400 75.7972 77.3734
43500 75.3156 77.3687
43600 75.793 77.3651
43700 76.1819 77.3624
43800 75.4402 77.358
43900 75.5175 77.3538
44000 76.1002 77.351
44100 76.5564 77.3492
44200 75.5754 77.3451
44300 75.9966 77.3421
44400 75.9576 77.339
44500 76.2369 77.3365
44600 76.3002 77.3342
44700 75.9648 77.3311
44800 75.6709 77.3274
44900 76.165 77.3248
45000 76.133 77.3222
45100 75.9574 77.3191
45200 76.0449 77.3163
45300 76.535 77.3146
45400 76.4379 77.3127
45500 76.4616 77.3108
45600 76.4859 77.309
45700 76.5203 77.3073
45800 76.2514 77.305
45900 75.7813 77.3016
46000 75.9614 77.2987
46100 75.9804 77.2959
46200 76.2076 77.2935
46300 76.1036 77.2909
46400 76.1363 77.2885
46500 75.9264 77.2855
46600 75.0993 77.2808
46700 75.1794 77.2763
46800 75.4797 77.2725
46900 75.6889 77.2691
47000 75.3712 77.2651
47100 74.5669 77.2594
47200 74.9709 77.2545
47300 75.4075 77.2506
47400 75.5359 77.247
47500 75.6917 77.2437
47600 75.7742 77.2406
47700 75.9572 77.2379
47800 76.0449 77.2354
47900 75.917 77.2327
48000 75.8008 77.2297
48100 75.1735 77.2254
48200 74.9136 77.2206
48300 74.8371 77.2157
48400 74.3886 77.2099
48500 75.7435 77.2068
48600 75.9033 77.2041
48700 75.8281 77.2013
48800 76.2775 77.1994
48900 76.196 77.1974
49000 76.5244 77.196
49100 75.7555 77.1931
49200 74.9584 77.1885
49300 75.6341 77.1854
49400 75.8058 77.1826
49500 75.5993 77.1794
49600 76.5179 77.178
49700 76.5272 77.1767
49800 75.9447 77.1743
49900 76.6538 77.1732
50000 76.5587 77.172
50100 76.2074 77.1701
50200 76.2464 77.1682
50300 75.7992 77.1655
50400 75.9748 77.1631
50500 76.6171 77.1621
50600 76.3973 77.1606
50700 76.2636 77.1588
50800 76.7598 77.158
50900 76.7774 77.1572
51000 76.9808 77.1569
51100 76.6518 77.1559
51200 76.2803 77.1542
51300 76.1896 77.1523
51400 76.0107 77.1501
51500 75.7133 77.1473
51600 76.0709 77.1452
51700 76.2445 77.1435
51800 76.9711 77.1432
51900 76.5117 77.1419
52000 77.2876 77.1422
52100 77.1124 77.1422
52200 76.8474 77.1416
52300 76.6048 77.1406
52400 76.6041 77.1395
52500 76.5968 77.1385
52600 77.3245 77.1389
52700 76.66 77.138
52800 76.9576 77.1376
52900 77.1956 77.1377
53000 76.4686 77.1365
53100 77.5533 77.1372
53200 77.6095 77.1381
53300 76.5487 77.137
53400 76.3008 77.1355
53500 75.8836 77.1331
53600 75.8835 77.1308
53700 75.4143 77.1276
53800 75.8177 77.1252
53900 76.4623 77.1239
54000 76.08 77.122
54100 75.9177 77.1198
54200 76.6988 77.119
54300 76.0291 77.117
54400 76.2491 77.1154
54500 76.5974 77.1144
54600 76.6635 77.1136
54700 77.1215 77.1136
54800 77.1667 77.1137
54900 76.761 77.1131
55000 76.7619 77.1124
55100 76.7065 77.1117
55200 77.0607 77.1116
55300 77.3143 77.112
55400 76.7913 77.1114
55500 76.5828 77.1104
55600 76.037 77.1085
55700 76.3528 77.1072
55800 76.5722 77.1062
55900 75.7008 77.1037
56000 76.4914 77.1026
56100 77.1521 77.1027
56200 77.289 77.103
56300 76.7205 77.1023
56400 77.0509 77.1022
56500 76.7945 77.1017
56600 76.5606 77.1007
56700 76.5577 77.0998
56800 76.242 77.0983
56900 75.944 77.0962
57000 76.57 77.0953
57100 76.6408 77.0945
57200 76.5738 77.0936
57300 77.1041 77.0936
57400 76.852 77.0932
57500 76.4237 77.0921
57600 76.0583 77.0903
57700 76.4133 77.0891
57800 76.5465 77.0881
57900 77.1685 77.0883
58000 77.0765 77.0883
58100 77.0608 77.0882
58200 76.899 77.0879
58300 76.7166 77.0873
58400 76.6983 77.0866
58500 76.2372 77.0851
58600 75.8895 77.0831
58700 75.2906 77.08
58800 75.5775 77.0775
58900 75.9262 77.0755
59000 75.6708 77.0732
59100 75.8464 77.0711
59200 75.9077 77.0691
59300 76.3467 77.0679
59400 76.705 77.0673
59500 76.957 77.0671
59600 76.8517 77.0667
59700 76.8323 77.0663
59800 76.7951 77.0659
59900 77.0006 77.0658
60000 76.1927 77.0643
60100 76.3046 77.0631
60200 76.1241 77.0615
60300 76.4252 77.0604
60400 76.7713 77.06
60500 76.7761 77.0595
60600 76.8623 77.0592
60700 76.3409 77.058
60800 76.1888 77.0566
60900 76.2182 77.0552
61000 76.7356 77.0547
61100 76.0741 77.0531
61200 76.1423 77.0516
61300 76.148 77.0501
61400 76.3215 77.0489
61500 75.4858 77.0464
61600 75.5293 77.0439
61700 75.4202 77.0413
61800 76.1318 77.0398
61900 75.9765 77.0381
62000 75.8136 77.0361
62100 75.4144 77.0335
62200 75.5647 77.0311
62300 76.421 77.0302
62400 76.3377 77.029
62500 76.1979 77.0277
62600 76.3029 77.0266
62700 75.8731 77.0247
62800 75.6503 77.0225
62900 75.4272 77.02
63000 75.8188 77.0181
63100 76.1127 77.0166
63200 75.8362 77.0148
63300 75.8992 77.013
63400 75.8448 77.0112
63500 75.2406 77.0084
63600 75.5429 77.0061
63700 75.1443 77.0032
63800 75.6751 77.0011
63900 75.7848 76.9992
64000 76.2541 76.998
64100 76.5903 76.9974
64200 75.9191 76.9957
64300 75.9671 76.9941
64400 76.3732 76.9931
64500 76.2663 76.992
64600 76.2368 76.9908
64700 76.6631 76.9903
64800 76.3205 76.9893
64900 77.189 76.9896
65000 76.966 76.9896
65100 77.0993 76.9897
65200 76.9283 76.9896
65300 76.8926 76.9895
65400 76.8028 76.9892
65500 76.7968 76.9889
65600 76.7082 76.9885
65700 76.3224 76.9875
65800 75.6409 76.9854
65900 75.9246 76.9838
66000 76.3396 76.9828
66100 76.7925 76.9826
66200 76.4058 76.9817
66300 76.7141 76.9813
66400 76.1857 76.9801
66500 76.3217 76.9791
66600 75.8389 76.9774
66700 75.4443 76.9751
66800 75.8304 76.9734
66900 75.4464 76.9711
67000 75.5028 76.9689
67100 75.8602 76.9672
67200 75.8464 76.9656
67300 75.6143 76.9636
67400 75.648 76.9616
67500 75.754 76.9598
67600 75.7053 76.958
67700 75.854 76.9563
67800 75.6504 76.9544
67900 76.2015 76.9533
68000 76.4317 76.9525
68100 76.4377 76.9518
68200 76.503 76.9511
68300 76.4938 76.9504
68400 76.5658 76.9499
68500 76.9463 76.9499
68600 77.023 76.95
68700 76.1664 76.9488
68800 77.2172 76.9492
68900 77.3448 76.9498
69000 77.416 76.9505
69100 76.691 76.9501
69200 76.7454 76.9498
69300 76.5104 76.9492
69400 76.8061 76.949
69500 76.677 76.9486
69600 76.3648 76.9477
69700 76.4857 76.9471
69800 76.8151 76.9469
69900 76.4538 76.9462
70000 77.0148 76.9463
70100 76.6694 76.9459
70200 76.5954 76.9454
70300 76.7501 76.9451
70400 76.8569 76.945
70500 76.7636 76.9447
70600 76.5667 76.9442
70700 76.6504 76.9438
70800 76.3731 76.943
70900 76.2837 76.942
71000 76.4765 76.9414
71100 76.698 76.941
71200 76.7118 76.9407
71300 76.6305 76.9403
71400 76.8562 76.9402
71500 75.7726 76.9385
71600 76.3915 76.9378
71700 77.235 76.9382
71800 76.2637 76.9373
71900 75.7262 76.9356
72000 76.5849 76.9351
72100 76.1541 76.934
72200 76.1849 76.933
72300 76.0788 76.9318
72400 76.8636 76.9317
72500 76.0559 76.9305
72600 76.7312 76.9302
72700 76.5002 76.9296
72800 76.5567 76.9291
72900 76.3346 76.9283
73000 76.3974 76.9276
73100 75.8263 76.926
73200 76.1583 76.925
73300 76.4197 76.9243
73400 76.2433 76.9234
73500 76.2025 76.9224
73600 77.3802 76.923
73700 76.1742 76.922
73800 76.1538 76.921
73900 75.9341 76.9196
74000 75.9133 76.9183
74100 75.6612 76.9166
74200 75.0055 76.914
74300 75.6303 76.9123
74400 76.3778 76.9116
74500 76.1863 76.9106
74600 76.4518 76.91
74700 76.5485 76.9095
74800 76.3174 76.9087
74900 76.1994 76.9077
75000 76.1358 76.9067
75100 76.9265 76.9067
75200 76.2727 76.9059
75300 75.8767 76.9045
75400 75.8852 76.9032
75500 75.8995 76.9018
75600 75.7796 76.9004
75700 75.4801 76.8985
75800 75.9479 76.8972
75900 76.3349 76.8965
76000 76.5772 76.8961
76100 76.4189 76.8954
76200 76.1718 76.8945
76300 76.0156 76.8933
76400 76.0405 76.8922
76500 75.8634 76.8909
76600 75.4529 76.889
76700 75.211 76.8868
76800 76.3968 76.8862
76900 76.1944 76.8853
77000 76.5271 76.8848
77100 76.5014 76.8843
77200 76.0384 76.8832
77300 75.5517 76.8815
77400 75.3456 76.8795
77500 76.1069 76.8785
77600 75.9194 76.8773
77700 76.8101 76.8772
77800 77.2511 76.8777
77900 76.6192 76.8773
78000 76.625 76.877
78100 76.649 76.8767
78200 76.4508 76.8762
78300 76.2142 76.8753
78400 75.95 76.8742
78500 75.5294 76.8724
78600 75.2694 76.8704
78700 75.8591 76.8691
78800 75.8815 76.8679
78900 76.3067 76.8672
79000 76.2769 76.8664
79100 76.7909 76.8663
79200 77.5596 76.8672
79300 76.5013 76.8667
79400 76.343 76.8661
79500 76.4797 76.8656
79600 75.9334 76.8644
79700 75.7948 76.8631
79800 75.608 76.8615
79900 75.9658 76.8604
80000 76.2453 76.8596
80100 76.1344 76.8587
80200 76.4884 76.8582
80300 76.2722 76.8575
80400 76.72 76.8573
80500 77.7859 76.8585
80600 77.8946 76.8598
80700 77.6962 76.8608
80800 77.5138 76.8616
80900 77.2501 76.8621
81000 76.7795 76.862
81100 76.5017 76.8616
81200 76.8339 76.8615
81300 76.7337 76.8614
81400 77.1675 76.8617
81500 76.4354 76.8612
81600 76.9874 76.8614
81700 77.0674 76.8616
81800 76.4958 76.8612
81900 76.3136 76.8605
82000 76.3888 76.8599
82100 76.407 76.8594
82200 76.5488 76.859
82300 76.5676 76.8586
82400 76.6998 76.8585
82500 76.5682 76.8581
82600 76.3427 76.8575
82700 76.5144 76.8571
82800 77.0787 76.8573
82900 76.9433 76.8574
83000 76.7053 76.8573
83100 76.42 76.8567
83200 76.029 76.8557
83300 75.8199 76.8545
83400 75.7637 76.8532
83500 75.8733 76.852
83600 75.6258 76.8505
83700 75.4055 76.8488
83800 75.383 76.8471
83900 74.4394 76.8442
84000 74.3138 76.8412
84100 74.9322 76.8389
84200 75.775 76.8376
84300 75.3863 76.8359
84400 76.0804 76.835
84500 75.4711 76.8334
84600 75.6497 76.832
84700 75.8091 76.8308
84800 75.0649 76.8287
84900 75.262 76.8269
85000 75.4546 76.8253
85100 75.5672 76.8238
85200 76.114 76.823
85300 75.7342 76.8217
85400 75.9023 76.8206
85500 76.1135 76.8198
85600 76.3212 76.8192
85700 76.2525 76.8185
85800 76.0211 76.8176
85900 75.9195 76.8166
86000 76.0266 76.8156
86100 76.0782 76.8148
86200 75.4727 76.8132
86300 74.7568 76.8108
86400 74.848 76.8086
86500 75.3004 76.8068
86600 75.7273 76.8056
86700 76.1296 76.8048
86800 76.2931 76.8042
86900 76.2261 76.8035
87000 75.7567 76.8023
87100 75.2611 76.8006
87200 75.0744 76.7986
87300 75.229 76.7968
87400 75.6017 76.7954
87500 74.6317 76.793
87600 75.3071 76.7913
87700 75.046 76.7893
87800 76.0992 76.7885
87900 75.8272 76.7874
88000 75.6427 76.7861
88100 75.9409 76.7851
88200 76.3324 76.7846
88300 75.6773 76.7834
88400 75.5918 76.782
88500 75.6805 76.7808
88600 74.9742 76.7787
88700 75.6626 76.7775
88800 75.3703 76.7759
88900 74.8613 76.7737
89000 75.6065 76.7724
89100 75.3228 76.7708
89200 75.4689 76.7693
89300 75.6402 76.7681
89400 75.5949 76.7668
89500 75.5503 76.7654
89600 75.7178 76.7642
89700 75.2145 76.7625
89800 75.3625 76.7609
89900 75.2871 76.7593
90000 75.019 76.7574
90100 75.6021 76.7561
90200 76.5553 76.7559
90300 76.4649 76.7555
90400 75.9601 76.7547
90500 76.1323 76.754
90600 76.1244 76.7533
90700 75.4785 76.7519
90800 75.3961 76.7504
90900 75.9568 76.7495
91000 76.943 76.7497
91100 76.928 76.7499
91200 76.191 76.7493
91300 76.3987 76.7489
91400 76.6302 76.7488
91500 76.727 76.7488
91600 76.9965 76.749
91700 76.5331 76.7488
91800 76.1273 76.7481
91900 77.0161 76.7484
92000 76.6594 76.7483
92100 76.5947 76.7482
92200 76.0943 76.7474
92300 76.0768 76.7467
92400 76.1917 76.7461
92500 76.2208 76.7456
92600 76.5485 76.7453
92700 75.9008 76.7444
92800 76.1045 76.7437
92900 77.0193 76.744
93000 77.3803 76.7447
93100 77.6057 76.7456
93200 77.3458 76.7463
93300 76.8676 76.7464
93400 77.1497 76.7468
93500 77.2458 76.7474
93600 76.4097 76.747
93700 76.8323 76.7471
93800 76.6234 76.747
93900 76.1427 76.7463
94000 76.1842 76.7457
94100 76.237 76.7452
94200 77.2182 76.7457
94300 76.7639 76.7457
94400 77.8331 76.7469
94500 77.5786 76.7478
94600 77.2825 76.7483
94700 77.3346 76.7489
94800 77.6829 76.7499
94900 76.9081 76.7501
95000 76.7498 76.7501
95100 75.8452 76.7491
95200 76.6301 76.749
95300 77.003 76.7493
95400 76.4586 76.749
95500 76.7972 76.749
95600 76.589 76.7489
95700 76.2449 76.7483
95800 76.1733 76.7477
95900 75.6751 76.7466
96000 76.5702 76.7464
96100 76.6496 76.7463
96200 76.5921 76.7462
96300 75.9163 76.7453
96400 76.146 76.7447
96500 76.4873 76.7444
96600 76.642 76.7443
96700 76.5993 76.7442
96800 76.2445 76.7436
96900 76.4435 76.7433
97000 76.3922 76.743
97100 76.8873 76.7431
97200 76.4122 76.7428
97300 76.3167 76.7423
97400 76.86 76.7425
97500 75.472 76.7412
97600 76.202 76.7406
97700 76.2832 76.7401
97800 76.3259 76.7397
97900 76.1804 76.7391
98000 76.6036 76.739
98100 76.5922 76.7389
98200 76.2715 76.7384
98300 76.9782 76.7386
98400 76.9971 76.7389
98500 77.3189 76.7395
98600 77.2638 76.74
98700 76.9592 76.7402
98800 78.1292 76.7416
98900 77.8614 76.7428
99000 77.5114 76.7435
99100 77.0157 76.7438
99200 76.5295 76.7436
99300 77.2821 76.7441
99400 77.2821 76.7447
99500 77.9812 76.7459
99600 77.2254 76.7464
99700 77.85 76.7475
99800 77.785 76.7486
99900 77.0393 76.7488
100000 77.298 76.7494
100100 76.7206 76.7494
100200 76.9134 76.7495
100300 76.9367 76.7497
100400 76.5925 76.7496
100500 76.9186 76.7497
100600 76.7424 76.7497
100700 76.6482 76.7496
100800 77.0322 76.7499
100900 77.1173 76.7503
101000 77.6283 76.7511
101100 77.2382 76.7516
101200 77.0241 76.7519
101300 76.156 76.7513
101400 76.095 76.7507
101500 75.7656 76.7497
101600 76.7248 76.7497
101700 76.4222 76.7493
101800 75.9115 76.7485
101900 76.3927 76.7482
102000 77.0764 76.7485
102100 77.1755 76.7489
102200 77.2333 76.7494
102300 77.4177 76.75
102400 77.2847 76.7506
102500 77.4781 76.7513
102600 77.3862 76.7519
102700 77.369 76.7525
102800 77.5123 76.7532
102900 77.0988 76.7536
103000 77.2451 76.754
103100 77.024 76.7543
103200 77.1307 76.7547
103300 77.4812 76.7554
103400 77.2213 76.7558
103500 76.5368 76.7556
103600 76.9093 76.7558
103700 76.9387 76.7559
103800 77.3306 76.7565
103900 77.7414 76.7574
104000 76.8477 76.7575
104100 76.4182 76.7572
104200 77.4285 76.7578
104300 77.3868 76.7584
104400 76.597 76.7583
104500 76.5649 76.7581
104600 76.5167 76.7579
104700 75.8595 76.757
104800 76.6543 76.7569
104900 76.2292 76.7564
105000 76.0277 76.7557
105100 76.5245 76.7555
105200 75.9147 76.7547
105300 75.8914 76.7539
105400 76.1896 76.7533
105500 76.3003 76.7529
105600 76.9734 76.7531
105700 76.9107 76.7533
105800 76.5038 76.753
105900 76.66 76.7529
106000 76.996 76.7532
106100 77.0114 76.7534
106200 76.4451 76.7531
106300 76.8335 76.7532
106400 77.6027 76.754
106500 76.9916 76.7542
106600 75.9142 76.7534
106700 76.2135 76.7529
106800 76.6915 76.7529
106900 77.1863 76.7533
107000 76.1971 76.7528
107100 76.8743 76.7529
107200 77.637 76.7537
107300 77.103 76.754
107400 76.5194 76.7538
107500 76.8336 76.7539
107600 76.6495 76.7538
107700 77.7939 76.7547
107800 77.352 76.7553
107900 77.283 76.7558
108000 76.3709 76.7554
108100 76.2313 76.7549
108200 77.3232 76.7555
108300 77.2979 76.756
108400 76.6642 76.7559
108500 77.2793 76.7564
108600 77.5508 76.7571
108700 76.8043 76.7571
108800 76.1479 76.7566
108900 75.9597 76.7559
109000 76.5069 76.7556
109100 76.6654 76.7555
109200 77.0515 76.7558
109300 76.6975 76.7558
109400 76.5335 76.7556
109500 76.9484 76.7557
109600 76.6835 76.7557
109700 76.4069 76.7554
109800 76.888 76.7555
109900 76.0315 76.7548
110000 76.1082 76.7542
110100 77.0171 76.7545
110200 76.6466 76.7544
110300 77.0114 76.7546
110400 76.536 76.7544
110500 76.3912 76.7541
110600 75.8178 76.7532
110700 76.5114 76.753
110800 76.6641 76.7529
110900 76.61 76.7528
111000 76.6172 76.7527
111100 76.8542 76.7528
111200 76.3087 76.7524
111300 75.9876 76.7517
111400 76.242 76.7512
111500 76.2399 76.7508
111600 76.1776 76.7503
111700 75.7099 76.7493
111800 76.5868 76.7492
111900 76.5644 76.749
112000 76.9512 76.7492
112100 76.8292 76.7493
112200 77.1725 76.7496
112300 77.6892 76.7505
112400 77.6804 76.7513
112500 78.0884 76.7525
112600 78.5927 76.7541
112700 78.3149 76.7555
112800 78.4442 76.757
112900 78.2672 76.7583
113000 78.3572 76.7598
113100 78.8198 76.7616
113200 78.0638 76.7627
113300 77.7466 76.7636
113400 77.9363 76.7646
113500 77.4142 76.7652
113600 78.2841 76.7665
113700 77.2142 76.7669
113800 77.456 76.7675
113900 77.1434 76.7679
114000 77.3058 76.7683
114100 77.3696 76.7689
114200 77.286 76.7693
114300 77.605 76.7701
114400 76.7117 76.77
114500 77.0151 76.7702
114600 76.8305 76.7703
114700 76.7679 76.7703
114800 76.2875 76.7698
114900 76.7915 76.7699
115000 76.7645 76.7699
115100 76.9985 76.7701
115200 76.8862 76.7702
115300 76.6237 76.77
115400 76.6396 76.7699
115500 76.3452 76.7696
115600 77.0208 76.7698
115700 76.7459 76.7698
115800 76.5401 76.7696
115900 75.6977 76.7686
116000 76.71 76.7686
116100 76.6236 76.7685
116200 76.4587 76.7682
116300 75.9621 76.7675
116400 76.3075 76.7671
116500 76.2822 76.7667
116600 76.4628 76.7664
116700 77.0545 76.7667
116800 77.4955 76.7673
116900 76.8217 76.7673
117000 77.0384 76.7676
117100 77.5928 76.7683
117200 77.4673 76.7689
117300 76.9067 76.769
117400 76.7201 76.7689
117500 77.613 76.7697
117600 77.307 76.7701
117700 77.04 76.7704
117800 76.4459 76.7701
117900 76.2935 76.7697
118000 76.8777 76.7698
118100 76.9033 76.7699
118200 76.9968 76.7701
118300 76.1949 76.7696
118400 76.3886 76.7693
118500 77.0416 76.7695
118600 77.1055 76.7698
118700 76.8734 76.7699
118800 76.3034 76.7695
118900 75.7379 76.7686
119000 75.7237 76.7677
119100 76.6579 76.7676
119200 76.3352 76.7673
119300 76.9423 76.7674
119400 76.8523 76.7675
119500 77.4617 76.7681
119600 77.5917 76.7688
119700 76.7952 76.7688
119800 76.6922 76.7687
119900 76.7836 76.7687
120000 76.2093 76.7683
120100 76.1683 76.7678
120200 75.9371 76.7671
120300 76.7532 76.7671
120400 76.3203 76.7667
120500 76.9321 76.7668
120600 76.694 76.7668
120700 75.9366 76.7661
120800 76.3501 76.7657
120900 76.3994 76.7654
121000 76.5783 76.7653
121100 75.8835 76.7645
121200 76.1358 76.764
121300 75.2232 76.7628
121400 76.1584 76.7623
121500 76.8851 76.7624
121600 77.3034 76.7628
121700 76.55 76.7626
121800 76.2527 76.7622
121900 75.7792 76.7614
122000 75.4504 76.7603
122100 75.636 76.7594
122200 75.8239 76.7586
122300 75.9151 76.758
122400 75.99 76.7573
122500 76.0331 76.7567
122600 75.93 76.7561
122700 75.6786 76.7552
122800 76.6863 76.7551
122900 75.9044 76.7544
123000 74.854 76.7529
123100 75.5178 76.7519
123200 75.2635 76.7507
123300 75.7979 76.7499
123400 76.2972 76.7495
123500 76.252 76.7491
123600 76.4664 76.7489
123700 76.1895 76.7485
123800 76.0534 76.7479
123900 76.5636 76.7477
124000 76.5188 76.7476
124100 77.3019 76.748
124200 77.3229 76.7485
124300 77.0389 76.7487
124400 77.269 76.7491
124500 76.9892 76.7493
124600 76.8704 76.7494
124700 76.6841 76.7494
124800 76.5121 76.7492
124900 76.0739 76.7486
125000 76.7002 76.7486
125100 76.4568 76.7484
125200 76.7336 76.7483
125300 77.2195 76.7487
125400 76.9454 76.7489
125500 76.6888 76.7488
125600 77.1697 76.7492
125700 77.135 76.7495
125800 77.3712 76.75
125900 77.7966 76.7508
126000 77.3225 76.7513
126100 77.9883 76.7522
126200 78.3506 76.7535
126300 78.5087 76.7549
126400 78.35 76.7562
126500 77.6659 76.7569
126600 77.6396 76.7576
126700 77.4017 76.7581
126800 77.4002 76.7586
126900 78.2713 76.7598
127000 77.0707 76.76
127100 78.2293 76.7612
127200 78.0555 76.7622
127300 77.4271 76.7627
127400 78.1534 76.7638
127500 77.8555 76.7647
127600 77.4927 76.7652
127700 77.5992 76.7659
127800 77.3367 76.7663
127900 77.927 76.7672
128000 77.4791 76.7678
128100 77.707 76.7685
128200 77.956 76.7695
128300 77.6681 76.7702
128400 77.7749 76.7709
128500 77.3378 76.7714
128600 77.3577 76.7718
128700 77.4509 76.7724
128800 77.7016 76.7731
128900 77.1605 76.7734
129000 76.8302 76.7734
129100 77.3946 76.7739
129200 77.6675 76.7746
129300 76.7938 76.7746
129400 77.8096 76.7754
129500 77.0165 76.7756
129600 77.1483 76.7759
129700 77.0896 76.7761
129800 77.5022 76.7767
129900 76.8759 76.7768
130000 77.1855 76.7771
130100 76.7317 76.777
130200 76.6046 76.7769
130300 76.8736 76.777
130400 76.6512 76.7769
130500 76.7645 76.7769
130600 76.4682 76.7766
130700 76.4783 76.7764
130800 75.9673 76.7758
130900 76.8525 76.7759
131000 77.1262 76.7761
131100 77.0655 76.7763
131200 77.0341 76.7765
131300 76.8822 76.7766
131400 76.3135 76.7763
131500 76.541 76.7761
131600 77.0707 76.7763
131700 76.5734 76.7762
131800 76.7567 76.7761
131900 77.0875 76.7764
132000 77.1911 76.7767
132100 77.3387 76.7771
132200 76.7743 76.7771
132300 76.7426 76.7771
132400 76.6373 76.777
132500 76.6002 76.7769
132600 76.7253 76.7768
132700 76.4516 76.7766
132800 76.2682 76.7762
132900 76.7491 76.7762
133000 76.1962 76.7757
133100 76.4935 76.7755
133200 77.0032 76.7757
133300 77.0993 76.7759
133400 76.1422 76.7755
133500 76.1641 76.775
133600 76.1611 76.7745
133700 75.8045 76.7738
133800 76.9447 76.7739
133900 76.4115 76.7737
134000 77.0042 76.7738
134100 76.4557 76.7736
134200 76.8544 76.7737
134300 76.5907 76.7735
134400 77.2454 76.7739
134500 76.7301 76.7739
134600 77.6361 76.7745
134700 77.2383 76.7748
134800 77.282 76.7752
134900 77.3327 76.7756
135000 78.0783 76.7766
135100 77.6526 76.7772
135200 77.5767 76.7778
135300 77.709 76.7785
135400 77.3789 76.779
135500 77.4682 76.7795
135600 77.1688 76.7798
135700 77.2377 76.7801
135800 77.1305 76.7804
135900 77.8583 76.7811
136000 77.2286 76.7815
136100 76.4221 76.7812
136200 77.2602 76.7816
136300 77.3154 76.782
136400 77.5044 76.7825
136500 76.7642 76.7825
136600 77.058 76.7827
136700 76.1829 76.7822
136800 76.0306 76.7817
136900 75.9076 76.781
137000 75.667 76.7802
137100 75.4634 76.7793
137200 76.1389 76.7788
137300 75.667 76.778
137400 76.9844 76.7781
137500 76.6066 76.778
137600 76.3391 76.7777
137700 76.4804 76.7775
137800 75.8238 76.7768
137900 75.4255 76.7758
138000 76.1649 76.7754
138100 76.1071 76.7749
138200 75.4732 76.7739
138300 74.8183 76.7725
138400 75.4038 76.7715
138500 76.029 76.771
138600 76.5515 76.7708
138700 76.3377 76.7705
138800 76.53 76.7704
138900 76.1152 76.7699
139000 76.7309 76.7699
139100 75.8944 76.7692
139200 76.4197 76.769
139300 76.7393 76.769
139400 76.5068 76.7688
139500 76.0885 76.7683
139600 76.2044 76.7679
139700 75.6441 76.7671
139800 75.9753 76.7665
139900 76.1448 76.7661
140000 76.2409 76.7657
140100 76.6863 76.7656
140200 76.2411 76.7653
140300 76.0896 76.7648
140400 75.9252 76.7642
140500 76.0824 76.7637
140600 75.8095 76.763
140700 76.066 76.7625
140800 76.7376 76.7625
140900 76.0089 76.762
141000 75.9608 76.7614
141100 76.2596 76.761
141200 76.0735 76.7606
141300 76.0705 76.7601
141400 76.5489 76.7599
141500 75.9627 76.7594
141600 76.4286 76.7591
141700 76.7826 76.7591
141800 75.8651 76.7585
141900 76.2494 76.7582
142000 76.1689 76.7577
142100 76.4947 76.7576
142200 76.4095 76.7573
142300 75.894 76.7567
142400 76.3279 76.7564
142500 76.7986 76.7564
142600 76.9553 76.7566
142700 76.537 76.7564
142800 76.6266 76.7563
142900 76.5131 76.7562
143000 76.7269 76.7561
143100 76.8304 76.7562
143200 77.0061 76.7564
143300 77.2524 76.7567
143400 77.2704 76.7571
143500 76.7558 76.7571
143600 76.7536 76.7571
143700 77.4315 76.7575
143800 77.4643 76.758
143900 77.1027 76.7583
144000 77.2762 76.7586
144100 76.6841 76.7586
144200 76.7761 76.7586
144300 76.9957 76.7587
144400 77.0763 76.759
144500 75.9993 76.7584
144600 76.2997 76.7581
144700 76.631 76.758
144800 77.4116 76.7585
144900 76.8928 76.7586
145000 77.159 76.7589
145100 77.279 76.7592
145200 77.5216 76.7597
145300 77.6209 76.7603
145400 77.4952 76.7608
145500 77.3387 76.7612
145600 77.4073 76.7617
145700 77.2894 76.762
145800 76.6396 76.762
145900 77.2635 76.7623
146000 77.3148 76.7627
146100 77.9051 76.7635
146200 77.8231 76.7642
146300 78.0676 76.7651
146400 77.8489 76.7658
146500 78.2685 76.7668
146600 77.454 76.7673
146700 77.2226 76.7676
146800 77.1825 76.7679
146900 76.3705 76.7676
147000 76.1426 76.7672
147100 76.6845 76.7671
147200 76.0307 76.7666
147300 76.3131 76.7663
147400 75.8856 76.7657
147500 75.8224 76.7651
147600 76.2967 76.7648
147700 76.1333 76.7644
147800 76.071 76.7639
147900 75.7828 76.7632
148000 75.6439 76.7625
148100 75.381 76.7615
148200 75.9154 76.761
148300 75.62 76.7602
148400 76.5406 76.76
148500 76.1158 76.7596
148600 76.7649 76.7596
148700 76.188 76.7592
148800 75.8865 76.7586
148900 75.625 76.7579
149000 76.3233 76.7576
149100 75.7405 76.7569
149200 76.1266 76.7565
149300 74.9174 76.7553
149400 75.1209 76.7542
149500 75.6784 76.7534
149600 75.4613 76.7526
149700 75.9398 76.752
149800 76.1732 76.7517
149900 76.0445 76.7512
150000 75.9009 76.7506
150100 76.1739 76.7502
150200 76.2102 76.7499
150300 76.334 76.7496
150400 76.3661 76.7493
150500 76.0647 76.7489
150600 76.0212 76.7484
150700 75.8835 76.7478
150800 76.5316 76.7477
150900 76.3459 76.7474
151000 77.0505 76.7476
151100 76.7289 76.7476
151200 76.8732 76.7477
151300 76.9868 76.7478
151400 76.755 76.7479
151500 76.6493 76.7478
151600 76.6448 76.7477
151700 77.2591 76.7481
151800 76.8461 76.7481
151900 75.9859 76.7476
152000 75.7734 76.747
152100 75.9244 76.7464
152200 76.3864 76.7462
152300 76.2609 76.7459
152400 77.0855 76.7461
152500 77.2256 76.7464
152600 77.1326 76.7467
152700 76.7776 76.7467
152800 76.4783 76.7465
152900 75.4529 76.7457
153000 75.3082 76.7447
153100 75.3231 76.7438
153200 76.1126 76.7434
153300 75.8947 76.7428
153400 75.6977 76.7422
153500 75.3627 76.7413
153600 75.7693 76.7406
153700 75.7761 76.74
153800 76.1463 76.7396
153900 75.2808 76.7387
154000 75.287 76.7377
154100 75.1085 76.7367
154200 75.4663 76.7358
154300 75.8004 76.7352
154400 76.0636 76.7348
154500 76.2478 76.7345
154600 75.9802 76.734
154700 75.4074 76.7331
154800 75.9789 76.7326
154900 75.5872 76.7319
155000 76.8679 76.732
155100 76.8888 76.7321
155200 77.0568 76.7323
155300 77.2393 76.7326
155400 77.4587 76.7331
155500 77.6505 76.7337
155600 77.6864 76.7343
155700 77.6109 76.7349
155800 77.0555 76.7351
155900 77.0729 76.7353
156000 76.4443 76.7351
156100 76.8921 76.7352
156200 76.6464 76.7351
156300 76.524 76.735
156400 76.3569 76.7348
156500 76.7843 76.7348
156600 76.3165 76.7345
156700 76.412 76.7343
156800 75.6845 76.7337
156900 75.3291 76.7328
157000 75.0648 76.7317
157100 74.9425 76.7306
157200 75.5143 76.7298
157300 76.1623 76.7294
157400 76.8492 76.7295
157500 76.319 76.7292
157600 76.1932 76.7289
157700 75.934 76.7284
157800 76.0038 76.7279
157900 75.5277 76.7272
158000 76.126 76.7268
158100 76.0285 76.7264
158200 75.4686 76.7256
158300 75.8485 76.725
158400 75.5726 76.7243
158500 75.2494 76.7233
158600 75.2319 76.7224
158700 75.9392 76.7219
158800 75.7971 76.7213
158900 75.2999 76.7204
159000 75.1366 76.7194
159100 74.102 76.7178
159200 74.4155 76.7164
159300 74.5869 76.715
159400 75.7303 76.7144
159500 75.5364 76.7137
159600 75.0037 76.7126
159700 75.3302 76.7117
159800 75.2108 76.7108
159900 75.5985 76.7101
160000 75.6153 76.7094
160100 75.3055 76.7085
160200 74.7573 76.7073
160300 75.0751 76.7063
160400 75.7003 76.7057
160500 75.3772 76.7048
160600 75.1915 76.7039
160700 75.5602 76.7032
160800 76.3107 76.7029
160900 76.0376 76.7025
161000 76.3972 76.7023
161100 75.5196 76.7016
161200 75.1408 76.7006
161300 75.1893 76.6997
161400 75.3772 76.6989
161500 75.3119 76.698
161600 75.7765 76.6974
161700 75.8395 76.6969
161800 75.1546 76.696
161900 75.1509 76.695
162000 74.6424 76.6937
162100 75.2435 76.6928
162200 74.9683 76.6918
162300 74.5491 76.6905
162400 74.5448 76.6891
162500 74.9966 76.6881
162600 74.7213 76.6869
162700 75.8361 76.6864
162800 76.3822 76.6862
162900 76.1416 76.6858
163000 76.3918 76.6857
163100 76.4895 76.6855
163200 76.4625 76.6854
163300 76.613 76.6854
163400 76.7525 76.6854
163500 76.6701 76.6854
163600 75.9467 76.6849
163700 76.4646 76.6848
163800 76.8189 76.6849
163900 76.3837 76.6847
164000 76.639 76.6847
164100 76.371 76.6845
164200 76.9322 76.6846
164300 76.3506 76.6844
164400 76.6102 76.6844
164500 77.2696 76.6847
164600 76.9254 76.6849
164700 76.6189 76.6849
164800 76.4287 76.6847
164900 76.5559 76.6846
165000 76.779 76.6847
165100 76.0678 76.6843
165200 76.7153 76.6843
165300 76.2733 76.6841
165400 76.411 76.6839
165500 76.4926 76.6838
165600 76.6334 76.6838
165700 75.5361 76.6831
165800 76.1075 76.6827
165900 75.4087 76.682
166000 76.1888 76.6817
166100 75.8709 76.6812
166200 75.9195 76.6807
166300 76.258 76.6805
166400 76.4555 76.6803
166500 76.3241 76.6801
166600 76.7884 76.6802
166700 76.4411 76.68
166800 76.7627 76.6801
166900 77.5334 76.6806
167000 77.8872 76.6813
167100 77.2783 76.6817
167200 77.4312 76.6821
167300 77.1925 76.6824
167400 77.271 76.6828
167500 77.4552 76.6832
167600 77.8028 76.6839
167700 77.4526 76.6844
167800 77.6296 76.6849
167900 77.2102 76.6852
168000 76.8829 76.6854
168100 76.5683 76.6853
168200 77.4098 76.6857
168300 77.0184 76.6859
168400 77.5266 76.6864
168500 77.0797 76.6866
168600 77.028 76.6868
168700 77.5629 76.6874
168800 77.6647 76.6879
168900 76.698 76.688
169000 76.4338 76.6878
169100 76.6577 76.6878
169200 77.3948 76.6882
169300 78.1013 76.689
169400 77.9619 76.6898
169500 78.4362 76.6908
169600 77.4105 76.6912
169700 78.0158 76.692
169800 77.8025 76.6927
169900 77.5565 76.6932
170000 77.0546 76.6934
170100 76.9802 76.6936
170200 76.9622 76.6937
170300 76.5924 76.6937
170400 76.8934 76.6938
170500 76.812 76.6939
170600 76.8626 76.694
170700 76.8904 76.6941
170800 76.4151 76.6939
170900 75.9007 76.6934
171000 76.2993 76.6932
171100 76.1414 76.6929
171200 76.5234 76.6928
171300 76.8449 76.6929
171400 77.0755 76.6931
171500 77.2271 76.6934
171600 76.3276 76.6932
171700 76.706 76.6932
171800 77.0431 76.6934
171900 76.9581 76.6936
172000 76.9237 76.6937
172100 77.7463 76.6943
172200 76.9618 76.6945
172300 77.2139 76.6948
172400 76.6792 76.6948
172500 76.7859 76.6948
172600 77.1497 76.6951
172700 77.1553 76.6953
172800 76.3295 76.6951
172900 76.0221 76.6947
173000 75.7987 76.6942
173100 75.3736 76.6935
173200 75.8414 76.693
173300 76.3048 76.6927
173400 76.1073 76.6924
173500 76.2983 76.6922
173600 76.3049 76.692
173700 76.2655 76.6917
173800 77.6035 76.6922
173900 76.8014 76.6923
174000 76.8743 76.6924
174100 77.3391 76.6928
174200 78.7688 76.694
174300 77.7037 76.6945
174400 77.7233 76.6951
174500 76.9629 76.6953
174600 77.1576 76.6956
174700 77.0756 76.6958
174800 77.1807 76.696
174900 76.771 76.6961
175000 77.0834 76.6963
175100 77.2962 76.6967
175200 76.5309 76.6966
175300 76.7398 76.6966
175400 77.6866 76.6971
175500 77.6098 76.6977
175600 77.116 76.6979
175700 77.0317 76.6981
175800 76.2746 76.6979
175900 75.8815 76.6974
176000 76.7996 76.6974
176100 76.6279 76.6974
176200 76.5747 76.6973
176300 76.2926 76.6971
176400 76.0998 76.6968
176500 75.9674 76.6964
176600 76.1007 76.696
176700 76.4477 76.6959
176800 75.9613 76.6955
176900 76.1636 76.6952
177000 76.461 76.695
177100 75.8547 76.6946
177200 75.3313 76.6938
177300 75.04 76.6929
177400 75.2786 76.6921
177500 75.4674 76.6914
177600 75.6 76.6908
177700 75.1199 76.6899
177800 75.8449 76.6894
177900 75.8376 76.6889
178000 76.4455 76.6888
178100 75.5751 76.6882
178200 75.2526 76.6873
178300 75.3775 76.6866
178400 75.1512 76.6858
178500 75.552 76.6851
178600 76.1415 76.6848
178700 75.8188 76.6843
178800 75.6996 76.6838
178900 76.2623 76.6835
179000 75.9726 76.6831
179100 76.0896 76.6828
179200 76.1965 76.6825
179300 76.4496 76.6824
179400 76.0009 76.682
179500 76.5673 76.682
179600 75.894 76.6815
179700 76.5315 76.6814
179800 75.9861 76.6811
179900 76.2367 76.6808
180000 76.8189 76.6809
180100 76.9692 76.681
180200 76.8953 76.6812
180300 76.5609 76.6811
180400 76.4791 76.681
180500 75.9764 76.6806
180600 76.5285 76.6805
180700 76.135 76.6802
180800 76.8114 76.6803
180900 76.528 76.6802
181000 76.5513 76.6801
181100 77.0223 76.6803
181200 76.8413 76.6804
181300 76.434 76.6803
181400 76.3307 76.6801
181500 75.655 76.6795
181600 75.8669 76.6791
181700 75.9392 76.6787
181800 75.7538 76.6782
181900 75.7397 76.6776
182000 76.3076 76.6774
182100 75.9923 76.6771
182200 76.324 76.6769
182300 75.8088 76.6764
182400 75.8078 76.6759
182500 76.39 76.6758
182600 76.4682 76.6756
182700 76.1519 76.6754
182800 76.1772 76.6751
182900 76.2576 76.6749
183000 76.7405 76.6749
183100 76.495 76.6748
183200 76.496 76.6747
183300 76.8776 76.6748
183400 75.8146 76.6743
183500 75.8665 76.6739
183600 76.1666 76.6736
183700 76.3907 76.6735
183800 76.9818 76.6736
183900 76.73 76.6737
184000 76.3813 76.6735
184100 76.2309 76.6733
184200 76.4733 76.6732
184300 76.3437 76.673
184400 76.5059 76.6729
184500 76.4303 76.6728
184600 76.222 76.6725
184700 76.1596 76.6722
184800 75.9596 76.6718
184900 75.8056 76.6714
185000 75.4583 76.6707
185100 76.049 76.6704
185200 76.3158 76.6702
185300 76.5811 76.6701
185400 76.9679 76.6703
185500 77.3859 76.6707
185600 77.4196 76.6711
185700 76.4943 76.671
185800 76.444 76.6709
185900 76.3519 76.6707
186000 75.8411 76.6703
186100 76.1249 76.67
186200 75.3128 76.6692
186300 75.6308 76.6687
186400 75.6898 76.6682
186500 75.5361 76.6675
186600 75.9237 76.6671
186700 76.8173 76.6672
186800 77.9567 76.6679
186900 77.5635 76.6684
187000 77.8055 76.669
187100 77.7703 76.6696
187200 76.8105 76.6697
187300 76.0786 76.6694
187400 76.3885 76.6692
187500 76.4872 76.6691
187600 76.204 76.6689
187700 75.9172 76.6685
187800 76.7258 76.6685
187900 76.2772 76.6683
188000 75.8608 76.6679
188100 75.8714 76.6674
188200 76.2901 76.6672
188300 76.9679 76.6674
188400 76.3644 76.6672
188500 76.1999 76.667
188600 76.3549 76.6668
188700 76.2385 76.6666
188800 76.6007 76.6666
188900 76.4213 76.6664
189000 76.3402 76.6663
189100 76.4501 76.6661
189200 76.2049 76.6659
189300 76.7499 76.6659
189400 76.8076 76.666
189500 76.5953 76.666
189600 76.9221 76.6661
189700 76.414 76.666
189800 76.2083 76.6657
189900 76.3726 76.6656
190000 76.4771 76.6655
190100 76.6911 76.6655
190200 76.6183 76.6655
190300 76.1877 76.6652
190400 75.9753 76.6649
190500 76.5531 76.6648
190600 76.6139 76.6648
190700 76.8886 76.6649
190800 76.4491 76.6648
190900 76.1944 76.6645
191000 76.7866 76.6646
191100 76.6181 76.6646
191200 76.6716 76.6646
191300 76.8246 76.6647
191400 75.9327 76.6643
191500 76.4131 76.6641
191600 75.993 76.6638
191700 76.2163 76.6636
191800 75.7141 76.6631
191900 76.032 76.6627
192000 76.1489 76.6625
192100 76.1279 76.6622
192200 75.7213 76.6617
192300 75.4587 76.6611
192400 75.2917 76.6604
192500 75.5831 76.6598
192600 75.7484 76.6593
192700 76.5931 76.6593
192800 75.9926 76.6589
192900 76.3832 76.6588
193000 76.6082 76.6588
193100 77.2099 76.6591
193200 76.8022 76.6591
193300 76.0999 76.6589
193400 76.0859 76.6586
193500 76.7565 76.6586
193600 76.1542 76.6583
193700 76.6192 76.6583
193800 76.4694 76.6582
193900 75.8118 76.6578
194000 75.28 76.6571
194100 75.6585 76.6566
194200 75.4508 76.6559
194300 75.7312 76.6555
194400 76.6701 76.6555
194500 76.5577 76.6554
194600 76.5282 76.6554
194700 76.5934 76.6553
194800 76.7576 76.6554
194900 76.3852 76.6552
195000 76.0446 76.6549
195100 75.4895 76.6543
195200 75.3163 76.6536
195300 75.4291 76.653
195400 74.4872 76.6519
195500 75.9806 76.6516
195600 75.643 76.6511
195700 75.472 76.6504
195800 74.9187 76.6496
195900 74.9182 76.6487
196000 74.8381 76.6478
196100 75.2753 76.6471
196200 75.1645 76.6463
196300 75.8871 76.6459
196400 76.1965 76.6457
196500 76.5993 76.6457
196600 76.659 76.6457
196700 76.5999 76.6456
196800 76.7053 76.6457
196900 76.6416 76.6457
197000 76.3344 76.6455
197100 77.313 76.6459
197200 77.3395 76.6462
197300 77.493 76.6466
197400 76.4011 76.6465
197500 76.1975 76.6463
197600 76.02 76.646
197700 75.7049 76.6455
197800 75.4369 76.6449
197900 76.1639 76.6446
198000 75.3446 76.644
198100 75.8319 76.6436
198200 75.7296 76.6431
198300 75.9446 76.6428
198400 75.9211 76.6424
198500 75.6968 76.6419
198600 75.932 76.6416
198700 76.0393 76.6413
198800 76.0244 76.6409
198900 76.1669 76.6407
199000 76.4281 76.6406
199100 76.6027 76.6406
199200 76.2458 76.6404
199300 77.02 76.6406
199400 76.9359 76.6407
199500 77.1797 76.641
199600 77.0779 76.6412
199700 77.7213 76.6418
199800 77.3479 76.6421
199900 77.7736 76.6427
200000 77.7871 76.6432
200100 77.4078 76.6436
200200 78.0222 76.6443
200300 77.2867 76.6446
200400 77.5796 76.6451
200500 76.599 76.6451
200600 77.0605 76.6453
200700 77.3777 76.6457
200800 76.6149 76.6456
200900 76.288 76.6455
201000 77.2159 76.6457
201100 77.0911 76.646
201200 77.0794 76.6462
201300 77.6262 76.6467
201400 77.3685 76.647
201500 77.476 76.6474
201600 77.3641 76.6478
201700 77.8637 76.6484
201800 77.591 76.6489
201900 77.5283 76.6493
202000 77.4227 76.6497
202100 77.4501 76.6501
202200 76.9937 76.6502
202300 77.5479 76.6507
202400 77.8068 76.6513
202500 77.4558 76.6517
202600 77.6179 76.6521
202700 77.7271 76.6527
202800 77.6104 76.6531
202900 77.9633 76.6538
203000 77.4439 76.6542
203100 77.7498 76.6547
203200 76.929 76.6548
203300 76.7834 76.6549
203400 76.9778 76.6551
203500 77.245 76.6554
203600 76.6535 76.6554
203700 76.7408 76.6554
203800 76.264 76.6552
203900 76.5706 76.6552
204000 77.5444 76.6556
204100 77.7934 76.6562
204200 77.4947 76.6566
204300 77.3785 76.6569
204400 77.6245 76.6574
204500 77.7327 76.6579
204600 76.6864 76.6579
204700 76.5009 76.6579
204800 75.8015 76.6574
204900 76.0456 76.6571
205000 76.0607 76.6569
205100 76.1268 76.6566
205200 76.5517 76.6565
205300 76.0306 76.6562
205400 76.7237 76.6563
205500 76.1039 76.656
205600 77.5154 76.6564
205700 77.2062 76.6567
205800 77.0485 76.6569
205900 76.3639 76.6567
206000 76.8575 76.6568
206100 76.7302 76.6569
206200 76.6619 76.6569
206300 76.0314 76.6566
206400 76.109 76.6563
206500 76.4258 76.6562
206600 76.3426 76.656
206700 76.3725 76.6559
206800 75.9146 76.6555
206900 76.5299 76.6555
207000 76.2393 76.6553
207100 75.7228 76.6548
207200 75.8556 76.6544
207300 76.4036 76.6543
207400 75.3592 76.6537
207500 75.773 76.6533
207600 75.7017 76.6528
207700 76.1161 76.6526
207800 75.9188 76.6522
207900 75.9935 76.6519
208000 75.1626 76.6512
208100 74.9157 76.6503
208200 75.5703 76.6498
208300 75.6825 76.6494
208400 75.839 76.649
208500 75.248 76.6483
208600 74.5624 76.6473
208700 75.856 76.6469
208800 75.5854 76.6464
208900 76.0966 76.6461
209000 75.8859 76.6458
209100 77.1693 76.646
209200 77.5336 76.6465
209300 77.1701 76.6467
209400 76.4035 76.6466
209500 76.5889 76.6466
209600 76.5581 76.6465
209700 75.8798 76.6462
209800 75.776 76.6457
209900 76.7328 76.6458
210000 76.4258 76.6457
210100 76.5026 76.6456
210200 76.8666 76.6457
210300 76.4077 76.6456
210400 75.6425 76.6451
210500 76.1432 76.6449
210600 76.1963 76.6447
210700 75.6485 76.6442
210800 75.773 76.6438
210900 76.0222 76.6435
211000 76.1885 76.6433
211100 75.9376 76.6429
211200 75.366 76.6423
211300 75.8769 76.642
211400 75.728 76.6415
211500 75.6286 76.6411
211600 76.0141 76.6408
211700 75.9617 76.6404
211800 76.0486 76.6402
211900 76.42 76.6401
212000 75.8728 76.6397
212100 75.4816 76.6392
212200 76.5313 76.6391
212300 76.1077 76.6389
212400 76.5671 76.6388
212500 76.8643 76.6389
212600 76.4402 76.6388
212700 76.141 76.6386
212800 76.0873 76.6383
212900 76.0465 76.6381
213000 75.5075 76.6375
213100 76.1274 76.6373
213200 76.1747 76.6371
213300 75.7901 76.6367
213400 76.3738 76.6366
213500 76.6059 76.6365
213600 76.7327 76.6366
213700 76.6602 76.6366
213800 76.63 76.6366
213900 77.3842 76.6369
214000 77.3762 76.6373
214100 77.2578 76.6376
214200 76.7912 76.6376
214300 76.3395 76.6375
214400 76.0315 76.6372
214500 76.3475 76.6371
214600 76.6773 76.6371
214700 76.5215 76.6371
214800 76.3566 76.6369
214900 76.3633 76.6368
215000 76.8088 76.6369
215100 76.362 76.6368
215200 76.1276 76.6365
215300 75.5965 76.636
215400 75.6622 76.6356
215500 75.5426 76.6351
215600 75.664 76.6346
215700 75.6056 76.6341
215800 75.7805 76.6337
215900 75.7309 76.6333
216000 75.6624 76.6329
216100 76.2938 76.6327
216200 76.7668 76.6328
216300 76.4245 76.6327
216400 76.2196 76.6325
216500 75.9118 76.6322
216600 75.7335 76.6318
216700 75.8205 76.6314
216800 75.923 76.631
216900 75.3518 76.6305
217000 75.6793 76.63
217100 75.7298 76.6296
217200 75.5171 76.6291
217300 74.8087 76.6283
217400 75.4457 76.6277
217500 75.193 76.6271
217600 74.6624 76.6262
217700 75.5027 76.6256
217800 76.1347 76.6254
217900 75.75 76.625
218000 75.7312 76.6246
218100 75.193 76.6239
218200 75.8873 76.6236
218300 76.1822 76.6234
218400 76.0173 76.6231
218500 75.5366 76.6226
218600 76.1068 76.6224
218700 76.6622 76.6224
218800 76.0722 76.6222
218900 75.9989 76.6219
219000 76.8787 76.622
219100 77.3885 76.6223
219200 77.4971 76.6227
219300 77.8899 76.6233
219400 77.8075 76.6239
219500 77.7928 76.6244
219600 77.8655 76.625
219700 77.2737 76.6252
219800 77.2368 76.6255
219900 77.9076 76.6261
220000 77.9887 76.6267
220100 77.7903 76.6273
220200 77.6452 76.6277
220300 77.8104 76.6283
220400 77.8701 76.6288
220500 78.1662 76.6295
220600 78.0565 76.6302
220700 78.7514 76.6311
220800 78.4904 76.632
220900 77.7893 76.6325
221000 77.1676 76.6327
221100 77.3358 76.6331
221200 77.5979 76.6335
221300 77.6302 76.6339
221400 76.9265 76.6341
221500 76.7396 76.6341
221600 77.1425 76.6343
221700 76.9401 76.6345
221800 76.7955 76.6346
221900 76.697 76.6346
222000 76.8304 76.6347
222100 76.7074 76.6347
222200 77.4321 76.6351
222300 77.2901 76.6354
222400 77.6446 76.6358
222500 77.6248 76.6363
222600 77.4935 76.6366
222700 77.5257 76.637
222800 77.3438 76.6374
222900 77.6475 76.6378
223000 78.0597 76.6385
223100 76.9388 76.6386
223200 76.8384 76.6387
223300 76.9617 76.6388
223400 76.7281 76.6389
223500 77.1295 76.6391
223600 76.5633 76.639
223700 76.9718 76.6392
223800 77.3337 76.6395
223900 77.065 76.6397
224000 77.4689 76.6401
224100 77.3519 76.6404
224200 77.1162 76.6406
224300 76.3458 76.6405
224400 76.2675 76.6403
224500 76.3697 76.6402
224600 76.7177 76.6402
224700 75.7391 76.6398
224800 75.9394 76.6395
224900 76.2014 76.6393
225000 76.4305 76.6392
225100 76.8868 76.6393
225200 76.9542 76.6395
225300 77.1062 76.6397
225400 77.393 76.64
225500 76.9601 76.6401
225600 77.5108 76.6405
225700 77.1756 76.6408
225800 76.9069 76.6409
225900 76.7106 76.6409
226000 76.2744 76.6408
226100 76.8721 76.6409
226200 76.8008 76.6409
226300 76.8419 76.641
226400 76.1185 76.6408
226500 76.3476 76.6407
226600 76.5487 76.6406
226700 76.8038 76.6407
226800 75.9629 76.6404
226900 76.325 76.6402
227000 75.7056 76.6398
227100 75.5363 76.6394
227200 75.8669 76.639
227300 76.7654 76.6391
227400 75.803 76.6387
227500 76.6415 76.6387
227600 77.3483 76.639
227700 76.6019 76.639
227800 76.5422 76.639
227900 76.1775 76.6388
228000 76.1812 76.6386
228100 76.3748 76.6384
228200 76.2109 76.6382
228300 75.5968 76.6378
228400 76.3498 76.6377
228500 76.7675 76.6377
228600 76.5693 76.6377
228700 76.2683 76.6375
228800 76.3726 76.6374
228900 76.0944 76.6372
229000 75.5818 76.6367
229100 75.8081 76.6364
229200 75.5608 76.6359
229300 75.8796 76.6356
229400 76.0931 76.6353
229500 75.2296 76.6347
229600 76.0286 76.6344
229700 74.9946 76.6337
229800 75.2798 76.6331
229900 75.0552 76.6325
230000 75.0896 76.6318
230100 74.9819 76.6311
230200 75.4571 76.6306
230300 75.4456 76.63
230400 74.5555 76.6291
230500 75.7696 76.6288
230600 75.5907 76.6283
230700 76.2311 76.6281
230800 76.07 76.6279
230900 74.9703 76.6272
231000 75.5493 76.6267
231100 75.5297 76.6262
231200 75.7275 76.6259
231300 75.9048 76.6255
231400 75.3117 76.625
231500 75.3946 76.6244
231600 75.1167 76.6238
231700 75.6697 76.6234
231800 75.9237 76.6231
231900 76.3434 76.623
232000 76.3615 76.6228
232100 76.0637 76.6226
232200 76.2093 76.6224
232300 76.4065 76.6223
232400 76.5298 76.6223
232500 76.8179 76.6224
232600 75.9165 76.6221
232700 75.8661 76.6218
232800 75.7323 76.6214
232900 76.4746 76.6213
233000 76.8247 76.6214
233100 76.4025 76.6213
233200 76.9073 76.6214
233300 76.9535 76.6216
233400 76.9043 76.6217
233500 77.5205 76.6221
233600 77.0481 76.6223
233700 76.772 76.6223
233800 76.0336 76.6221
233900 76.1083 76.6218
234000 76.8105 76.6219
234100 76.3316 76.6218
234200 75.9536 76.6215
234300 75.8353 76.6212
234400 76.1267 76.621
234500 76.2785 76.6208
234600 75.5212 76.6204
234700 75.9486 76.6201
234800 75.5413 76.6196
234900 75.2135 76.619
235000 75.6882 76.6186
235100 75.3249 76.6181
235200 75.3911 76.6175
235300 74.9143 76.6168
235400 75.0425 76.6162
235500 74.4914 76.6152
235600 75.4048 76.6147
235700 74.8267 76.614
235800 74.8899 76.6132
235900 75.654 76.6128
236000 75.6622 76.6124
236100 75.8806 76.6121
236200 75.7378 76.6118
236300 75.0822 76.6111
236400 76.0144 76.6109
236500 75.5945 76.6104
236600 75.1536 76.6098
236700 75.3737 76.6093
236800 75.884 76.609
236900 75.3998 76.6085
237000 75.4293 76.608
237100 75.7972 76.6076
237200 75.8815 76.6073
237300 75.0627 76.6067
237400 75.1747 76.6061
237500 75.0695 76.6054
237600 75.0506 76.6048
237700 75.264 76.6042
237800 75.4831 76.6037
237900 76.1607 76.6035
238000 76.208 76.6034
238100 76.0664 76.6032
238200 75.5909 76.6027
238300 75.8519 76.6024
238400 75.4411 76.6019
238500 75.3268 76.6014
238600 75.4514 76.6009
238700 75.6264 76.6005
238800 75.3775 76.6
238900 75.9149 76.5997
239000 76.3625 76.5996
239100 76.0396 76.5994
239200 76.8788 76.5995
239300 76.088 76.5993
239400 76.0334 76.599
239500 76.3165 76.5989
239600 75.9022 76.5986
239700 76.7737 76.5987
239800 75.8507 76.5984
239900 76.5237 76.5984
240000 76.0071 76.5981
240100 76.1244 76.5979
240200 76.3011 76.5978
240300 76.7744 76.5979
240400 76.0696 76.5976
240500 76.1242 76.5974
240600 76.4603 76.5974
240700 76.8537 76.5975
240800 76.314 76.5974
240900 76.1345 76.5972
241000 76.3974 76.5971
241100 76.9615 76.5973
241200 77.2688 76.5975
241300 76.2391 76.5974
241400 76.1402 76.5972
241500 76.5233 76.5972
241600 75.9058 76.5969
241700 76.3376 76.5968
241800 75.6419 76.5964
241900 75.7012 76.596
242000 75.6094 76.5956
242100 76.1779 76.5954
242200 75.6838 76.5951
242300 75.9552 76.5948
242400 75.1766 76.5942
242500 75.544 76.5938
242600 75.589 76.5934
242700 75.8816 76.5931
242800 76.4115 76.593
242900 76.795 76.5931
243000 77.1355 76.5933
243100 76.5019 76.5933
243200 77.1476 76.5935
243300 76.9333 76.5936
243400 77.07 76.5938
243500 76.5962 76.5938
243600 76.9116 76.594
243700 76.9606 76.5941
243800 76.7115 76.5942
243900 76.7247 76.5942
244000 76.7639 76.5943
244100 77.1395 76.5945
244200 77.3935 76.5948
244300 77.2763 76.5951
244400 76.6013 76.5951
244500 76.6129 76.5951
244600 75.6722 76.5947
244700 75.3422 76.5942
244800 75.3866 76.5937
244900 75.6529 76.5933
245000 76.32 76.5932
245100 75.8563 76.5929
245200 76.0822 76.5927
245300 76.3763 76.5926
245400 76.0481 76.5924
245500 76.717 76.5925
245600 75.9868 76.5922
245700 77.1637 76.5925
245800 76.2316 76.5923
245900 76.3641 76.5922
246000 76.0623 76.592
246100 76.1268 76.5918
246200 76.3267 76.5917
246300 77.1198 76.5919
246400 76.9428 76.5921
246500 76.678 76.5921
246600 76.3416 76.592
246700 76.1454 76.5918
246800 76.3868 76.5917
246900 76.1007 76.5915
247000 76.5529 76.5915
247100 76.1847 76.5913
247200 76.4857 76.5913
247300 76.422 76.5912
247400 76.7187 76.5913
247500 77.3386 76.5916
247600 76.5831 76.5916
247700 76.3189 76.5915
247800 75.8722 76.5912
247900 75.9279 76.5909
248000 76.3021 76.5908
248100 76.0888 76.5906
248200 76.5942 76.5906
248300 76.0697 76.5904
248400 76.8379 76.5905
248500 76.7545 76.5906
248600 76.7684 76.5906
248700 77.0897 76.5908
248800 77.4786 76.5912
248900 76.1896 76.591
249000 76.0007 76.5908
249100 75.5536 76.5904
249200 75.8456 76.5901
249300 76.2137 76.5899
249400 76.5118 76.5899
249500 76.3396 76.5898
249600 76.8524 76.5899
249700 76.8836 76.59
249800 76.5869 76.59
249900 76.9853 76.5902
250000 76.5906 76.5902
250100 76.3519 76.5901
250200 76.4293 76.59
250300 75.4927 76.5896
250400 75.2121 76.589
250500 74.784 76.5883
250600 75.0208 76.5877
250700 75.5158 76.5872
250800 76.3431 76.5872
250900 77.4263 76.5875
251000 77.1439 76.5877
251100 77.0872 76.5879
251200 76.3869 76.5878
251300 75.9947 76.5876
251400 75.6598 76.5872
251500 77.0449 76.5874
251600 76.8409 76.5875
251700 76.0253 76.5873
251800 76.6019 76.5873
251900 76.7393 76.5873
252000 76.4356 76.5873
252100 75.8594 76.587
252200 75.8861 76.5867
252300 75.9837 76.5865
252400 76.8004 76.5866
252500 76.3535 76.5865
252600 75.8756 76.5862
252700 75.911 76.5859
252800 75.3004 76.5854
252900 75.2104 76.5849
253000 75.72 76.5845
253100 75.7144 76.5842
253200 75.5249 76.5838
253300 76.0243 76.5835
253400 75.7739 76.5832
253500 76.2683 76.5831
253600 75.7203 76.5828
253700 75.9124 76.5825
253800 75.4331 76.582
253900 75.8164 76.5817
254000 76.1867 76.5816
254100 75.9073 76.5813
254200 75.9286 76.5811
254300 76.3216 76.581
254400 75.6705 76.5806
254500 75.2803 76.5801
254600 75.0428 76.5795
254700 75.9001 76.5792
254800 75.3527 76.5787
254900 75.394 76.5783
255000 75.6498 76.5779
255100 75.5809 76.5775
255200 75.9301 76.5773
255300 75.9221 76.577
255400 75.7409 76.5767
255500 75.8963 76.5764
255600 75.3419 76.5759
255700 75.769 76.5756
255800 76.5053 76.5756
255900 76.3565 76.5755
256000 75.991 76.5753
256100 76.013 76.5751
256200 76.3139 76.575
256300 76.5842 76.575
256400 76.5998 76.575
256500 76.1041 76.5748
256600 76.5698 76.5748
256700 76.6335 76.5748
256800 76.5123 76.5748
256900 76.6646 76.5748
257000 76.7259 76.5749
257100 76.1795 76.5747
257200 76.0349 76.5745
257300 76.2455 76.5744
257400 75.9373 76.5741
257500 75.9531 76.5739
257600 75.9507 76.5737
257700 76.1115 76.5735
257800 76.7997 76.5736
257900 77.3504 76.5739
258000 77.7102 76.5743
258100 77.5908 76.5747
258200 77.144 76.5749
258300 76.9542 76.5751
258400 76.6729 76.5751
258500 76.8436 76.5752
258600 77.5067 76.5756
258700 76.4131 76.5755
258800 77.9251 76.576
258900 78.1916 76.5767
259000 78.5994 76.5774
259100 77.0707 76.5776
259200 77.636 76.578
259300 77.9295 76.5786
259400 77.8323 76.579
259500 78.845 76.5799
259600 78.5165 76.5807
259700 77.6874 76.5811
259800 77.7394 76.5815
259900 77.2831 76.5818
260000 77.893 76.5823
260100 77.9281 76.5828
260200 77.6618 76.5832
260300 77.2262 76.5835
260400 76.844 76.5836
260500 77.2093 76.5838
260600 77.4355 76.5841
260700 77.2252 76.5844
260800 77.695 76.5848
260900 77.4623 76.5852
261000 77.7715 76.5856
261100 77.5061 76.586
261200 77.8689 76.5865
261300 77.5623 76.5868
261400 77.8352 76.5873
261500 78.2542 76.5879
261600 78.5749 76.5887
261700 77.8775 76.5892
261800 77.6414 76.5896
261900 78.2028 76.5902
262000 77.8999 76.5907
262100 77.5575 76.5911
262200 77.9573 76.5916
262300 77.5127 76.592
262400 77.2701 76.5922
262500 78.0296 76.5928
262600 76.9411 76.5929
262700 77.0441 76.5931
262800 76.4674 76.593
262900 76.386 76.5929
263000 76.2768 76.5928
263100 75.7614 76.5925
263200 75.8346 76.5922
263300 76.6667 76.5922
263400 76.9454 76.5924
263500 76.7845 76.5924
263600 77.0316 76.5926
263700 77.6676 76.593
263800 77.6656 76.5934
263900 76.7933 76.5935
264000 77.7952 76.594
264100 77.7014 76.5944
264200 77.2837 76.5946
264300 76.6929 76.5947
264400 76.9513 76.5948
264500 76.9481 76.5949
264600 77.5706 76.5953
264700 77.7073 76.5957
264800 77.1238 76.5959
264900 77.3634 76.5962
265000 76.1968 76.5961
265100 76.1428 76.5959
265200 77.2116 76.5961
265300 77.6027 76.5965
265400 76.5194 76.5965
265500 76.1016 76.5963
265600 76.3603 76.5962
265700 75.5147 76.5958
265800 75.3756 76.5953
265900 75.7123 76.595
266000 75.9612 76.5948
266100 76.4569 76.5947
266200 76.5156 76.5947
266300 76.9841 76.5948
266400 76.8984 76.595
266500 77.0646 76.5951
266600 76.2231 76.595
266700 76.4678 76.5949
266800 76.2792 76.5948
266900 76.8973 76.5949
267000 76.9765 76.5951
267100 77.0676 76.5953
267200 76.2665 76.5951
267300 76.5333 76.5951
267400 76.3754 76.595
267500 76.8578 76.5951
267600 76.7313 76.5952
267700 76.3942 76.5951
267800 76.7678 76.5952
267900 76.2336 76.595
268000 76.4025 76.595
268100 76.7648 76.595
268200 77.1925 76.5952
268300 77.1167 76.5954
268400 77.2957 76.5957
268500 77.879 76.5962
268600 78.0998 76.5967
268700 77.6825 76.5971
268800 77.4541 76.5975
268900 77.4306 76.5978
269000 77.2475 76.598
269100 77.0272 76.5982
269200 76.9866 76.5983
269300 77.4452 76.5986
269400 78.0175 76.5992
269500 77.9697 76.5997
269600 77.5278 76.6
269700 76.9866 76.6002
269800 76.8316 76.6002
269900 76.2299 76.6001
270000 77.4331 76.6004
270100 77.9779 76.6009
270200 77.433 76.6012
270300 77.9677 76.6017
270400 78.1187 76.6023
270500 78.5936 76.603
270600 78.6278 76.6038
270700 78.8621 76.6046
270800 78.4065 76.6053
270900 78.1528 76.6059
271000 77.8089 76.6063
271100 77.2225 76.6065
271200 78.117 76.6071
271300 77.8021 76.6075
271400 77.3344 76.6078
271500 76.8225 76.6079
271600 76.8602 76.608
271700 76.8714 76.6081
271800 76.7664 76.6081
271900 76.849 76.6082
272000 76.9553 76.6083
272100 76.3474 76.6082
272200 76.0514 76.608
272300 76.7974 76.6081
272400 77.5422 76.6084
272500 76.9042 76.6086
272600 76.1392 76.6084
272700 77.0454 76.6085
272800 76.7686 76.6086
272900 76.1236 76.6084
273000 76.3428 76.6083
273100 76.4695 76.6083
273200 76.4581 76.6082
273300 77.3843 76.6085
273400 76.0663 76.6083
273500 76.7372 76.6083
273600 76.4316 76.6083
273700 76.8221 76.6084
273800 76.8696 76.6085
273900 76.6814 76.6085
274000 76.9196 76.6086
274100 77.2716 76.6088
274200 77.3583 76.6091
274300 77.2123 76.6093
274400 76.6758 76.6094
274500 76.286 76.6092
274600 76.7573 76.6093
274700 76.4367 76.6092
274800 76.4549 76.6092
274900 76.6118 76.6092
275000 76.4909 76.6091
275100 77.8304 76.6096
275200 76.6842 76.6096
275300 77.2998 76.6099
275400 77.1474 76.61
275500 76.9484 76.6102
275600 76.6147 76.6102
275700 76.8606 76.6103
275800 77.3661 76.6105
275900 77.7564 76.611
276000 76.8356 76.611
276100 77.4599 76.6113
276200 77.2074 76.6116
276300 77.5319 76.6119
276400 77.6961 76.6123
276500 78.2689 76.6129
276600 77.9352 76.6134
276700 77.5063 76.6137
276800 76.862 76.6138
276900 77.0983 76.6139
277000 76.615 76.6139
277100 76.5936 76.6139
277200 76.1893 76.6138
277300 76.4878 76.6137
277400 76.693 76.6138
277500 75.5823 76.6134
277600 75.245 76.6129
277700 75.0247 76.6123
277800 74.8191 76.6117
277900 74.9695 76.6111
278000 74.8404 76.6105
278100 75.1895 76.61
278200 75.7002 76.6096
278300 75.8279 76.6093
278400 75.4555 76.6089
278500 75.3187 76.6085
278600 75.8992 76.6082
278700 75.975 76.608
278800 75.6864 76.6077
278900 75.606 76.6073
279000 75.9809 76.6071
279100 75.8165 76.6068
279200 76.5297 76.6068
279300 76.3659 76.6067
279400 76.8548 76.6068
279500 76.7757 76.6068
279600 75.9749 76.6066
279700 76.765 76.6067
279800 76.8026 76.6067
279900 76.4184 76.6067
280000 75.7284 76.6063
280100 76.6423 76.6064
280200 76.9406 76.6065
280300 76.4475 76.6064
280400 76.425 76.6064
280500 76.4096 76.6063
280600 76.545 76.6063
280700 76.5741 76.6062
280800 76.2726 76.6061
280900 75.8518 76.6059
281000 76.3925 76.6058
281100 76.9689 76.6059
281200 77.1835 76.6061
281300 77.6604 76.6065
281400 77.6392 76.6069
281500 78.3512 76.6075
281600 77.9843 76.608
281700 77.8574 76.6084
281800 77.4351 76.6087
281900 76.8923 76.6088
282000 77.4954 76.6091
282100 77.161 76.6093
282200 77.2066 76.6095
282300 76.4345 76.6095
282400 76.6807 76.6095
282500 77.5086 76.6098
282600 77.2411 76.61
282700 76.6396 76.61
282800 76.7687 76.6101
282900 76.5006 76.6101
283000 76.2595 76.6099
283100 76.8045 76.61
283200 76.7689 76.6101
283300 76.129 76.6099
283400 76.5037 76.6099
283500 76.8402 76.6099
283600 76.8639 76.61
283700 77.0599 76.6102
283800 77.0714 76.6103
283900 76.9388 76.6105
284000 76.7769 76.6105
284100 77.2138 76.6107
284200 76.636 76.6107
284300 75.6717 76.6104
284400 76.2013 76.6103
284500 75.8868 76.61
284600 76.4901 76.61
284700 75.536 76.6096
284800 76.007 76.6094
284900 76.3319 76.6093
285000 76.7065 76.6093
285100 76.3288 76.6092
285200 76.8822 76.6093
285300 76.8314 76.6094
285400 76.9731 76.6095
285500 76.749 76.6096
285600 76.6474 76.6096
285700 76.3411 76.6095
285800 76.0444 76.6093
285900 76.0703 76.6091
286000 75.9514 76.6089
286100 76.3644 76.6088
286200 76.8688 76.6089
286300 76.4487 76.6088
286400 75.7171 76.6085
286500 76.1354 76.6083
286600 76.2001 76.6082
286700 76.5567 76.6082
286800 76.5814 76.6082
286900 76.6963 76.6082
287000 76.6164 76.6082
287100 76.6726 76.6082
287200 76.8976 76.6083
287300 77.2092 76.6085
287400 77.2789 76.6088
287500 76.9321 76.6089
287600 76.9171 76.609
287700 76.6766 76.609
287800 76.6357 76.609
287900 76.9946 76.6092
288000 77.1642 76.6094
288100 77.6735 76.6097
288200 77.2846 76.61
288300 77.1397 76.6101
288400 77.2543 76.6104
288500 77.2378 76.6106
288600 76.9462 76.6107
288700 76.4409 76.6106
288800 77.054 76.6108
288900 77.311 76.611
289000 77.3021 76.6113
289100 76.4089 76.6112
289200 76.9822 76.6113
289300 77.0399 76.6115
289400 76.8268 76.6116
289500 77.0498 76.6117
289600 76.3256 76.6116
289700 76.1152 76.6114
289800 76.7188 76.6115
289900 77.2059 76.6117
290000 76.1646 76.6115
290100 76.3628 76.6114
290200 76.0021 76.6112
290300 76.894 76.6113
290400 76.9738 76.6115
290500 76.5107 76.6114
290600 76.0998 76.6112
290700 76.4594 76.6112
290800 76.6038 76.6112
290900 76.6233 76.6112
291000 75.9979 76.611
291100 76.4896 76.6109
291200 76.2901 76.6108
291300 76.3227 76.6107
291400 75.9816 76.6105
291500 75.9029 76.6103
291600 75.5836 76.6099
291700 76.526 76.6099
291800 75.88 76.6096
291900 76.4566 76.6096
292000 76.2797 76.6095
292100 76.605 76.6095
292200 77.3778 76.6097
292300 77.4394 76.61
292400 78.0745 76.6105
292500 78.0866 76.611
292600 77.3219 76.6113
292700 76.9141 76.6114
292800 77.6844 76.6117
292900 77.3603 76.612
293000 77.4747 76.6123
293100 78.2113 76.6128
293200 77.0356 76.613
293300 77.2466 76.6132
293400 77.7445 76.6136
293500 77.8641 76.614
293600 78.1498 76.6145
293700 77.1628 76.6147
293800 77.122 76.6149
293900 77.2961 76.6151
294000 76.8466 76.6152
294100 77.1986 76.6154
294200 77.0199 76.6155
294300 77.0525 76.6157
294400 76.8388 76.6158
294500 77.0119 76.6159
294600 77.045 76.616
294700 77.0824 76.6162
294800 77.7048 76.6166
294900 76.8389 76.6166
295000 77.0544 76.6168
295100 77.3912 76.6171
295200 77.7018 76.6174
295300 77.9033 76.6179
295400 77.841 76.6183
295500 77.2528 76.6185
295600 77.6 76.6188
295700 77.1372 76.619
295800 77.4658 76.6193
295900 77.4544 76.6196
296000 78.3814 76.6202
296100 78.6513 76.6208
296200 77.8456 76.6213
296300 76.9096 76.6214
296400 76.8766 76.6214
296500 77.4965 76.6217
296600 77.3551 76.622
296700 77.6137 76.6223
296800 77.6962 76.6227
296900 78.0531 76.6232
297000 78.1445 76.6237
297100 77.6103 76.624
297200 77.4867 76.6243
297300 77.168 76.6245
297400 76.8056 76.6245
297500 77.3245 76.6248
297600 77.5389 76.6251
297700 77.4025 76.6253
297800 77.2698 76.6256
297900 77.7729 76.6259
298000 77.1425 76.6261
298100 76.8844 76.6262
298200 76.5197 76.6262
298300 77.1946 76.6264
298400 77.5481 76.6267
298500 77.5485 76.627
298600 77.2824 76.6272
298700 77.8974 76.6276
298800 77.7099 76.628
298900 77.6297 76.6283
299000 77.7667 76.6287
299100 77.7907 76.6291
299200 77.1838 76.6293
299300 77.2977 76.6295
299400 76.3376 76.6294
299500 76.7964 76.6295
299600 77.6542 76.6298
299700 77.5617 76.6301
299800 77.2253 76.6303
299900 77.2596 76.6305
300000 77.8657 76.6309
300100 77.2956 76.6311
300200 77.7145 76.6315
300300 78.2496 76.632
300400 77.9961 76.6325
300500 77.561 76.6328
300600 76.8709 76.6329
300700 77.4332 76.6332
300800 76.5806 76.6331
300900 76.5509 76.6331
301000 76.5433 76.6331
301100 77.138 76.6332
301200 76.3908 76.6332
301300 75.9918 76.633
301400 76.3881 76.6329
301500 76.5217 76.6328
301600 76.8522 76.6329
301700 77.7214 76.6333
301800 76.8228 76.6333
301900 77.4653 76.6336
302000 77.1416 76.6338
302100 76.7219 76.6338
302200 77.185 76.634
302300 77.0802 76.6341
302400 76.757 76.6342
302500 77.3072 76.6344
302600 77.4419 76.6347
302700 76.8469 76.6347
302800 76.7116 76.6348
302900 77.6849 76.6351
303000 76.9064 76.6352
303100 77.1694 76.6354
303200 76.2482 76.6352
303300 76.2445 76.6351
303400 77.199 76.6353
303500 77.0763 76.6354
303600 77.5467 76.6358
303700 76.981 76.6359
303800 77.5291 76.6362
303900 77.2717 76.6364
304000 76.5533 76.6363
304100 75.782 76.6361
304200 75.5832 76.6357
304300 76.5571 76.6357
304400 75.9414 76.6355
304500 75.8213 76.6352
304600 76.2953 76.6351
304700 76.2754 76.635
304800 76.3719 76.6349
304900 76.9748 76.635
305000 77.4662 76.6353
305100 76.8255 76.6353
305200 77.0036 76.6354
305300 77.1306 76.6356
305400 76.2849 76.6355
305500 76.314 76.6354
305600 76.2465 76.6353
305700 76.2613 76.6351
305800 75.8809 76.6349
305900 75.7423 76.6346
306000 76.076 76.6344
306100 76.2943 76.6343
306200 76.2646 76.6342
306300 77.4295 76.6344
306400 76.5758 76.6344
306500 76.4151 76.6344
306600 76.4045 76.6343
306700 76.2631 76.6342
306800 76.9047 76.6342
306900 76.5011 76.6342
307000 76.2413 76.6341
307100 76.1005 76.6339
307200 76.2495 76.6338
307300 76.7695 76.6338
307400 76.8127 76.6339
307500 77.4103 76.6341
307600 76.7301 76.6342
307700 76.8357 76.6342
307800 77.1341 76.6344
307900 77.0779 76.6345
308000 76.9103 76.6346
308100 76.9884 76.6347
308200 77.0308 76.6349
308300 76.6299 76.6349
308400 76.6222 76.6349
308500 77.162 76.635
308600 77.3021 76.6352
308700 76.8048 76.6353
308800 76.8447 76.6354
308900 76.5388 76.6353
309000 76.462 76.6353
309100 76.5605 76.6353
309200 76.4058 76.6352
309300 76.404 76.6351
309400 76.1125 76.6349
309500 76.0255 76.6347
309600 75.7899 76.6345
309700 76.4595 76.6344
309800 76.7532 76.6345
309900 75.8548 76.6342
310000 76.0951 76.634
310100 76.4879 76.634
310200 75.9652 76.6338
310300 75.9781 76.6336
310400 75.5653 76.6332
310500 75.3053 76.6328
310600 75.6201 76.6325
310700 75.6869 76.6321
310800 75.685 76.6318
310900 75.6092 76.6315
311000 75.784 76.6312
311100 75.7587 76.631
311200 75.8256 76.6307
311300 76.124 76.6305
311400 76.4908 76.6305
311500 76.2562 76.6304
311600 76.08 76.6302
311700 76.3941 76.6301
311800 76.2682 76.63
311900 75.9721 76.6298
312000 75.9958 76.6296
312100 75.6343 76.6293
312200 75.2584 76.6288
312300 75.3855 76.6284
312400 75.4025 76.628
312500 75.5518 76.6277
312600 75.8127 76.6274
312700 76.1558 76.6273
312800 76.7075 76.6273
312900 76.5488 76.6273
313000 77.3258 76.6275
313100 77.87 76.6279
313200 78.1834 76.6284
313300 78.1783 76.6289
313400 78.2074 76.6294
313500 77.8324 76.6298
313600 77.6315 76.6301
313700 77.6485 76.6304
313800 78.3472 76.631
313900 77.5557 76.6313
314000 77.6054 76.6316
314100 76.9718 76.6317
314200 77.7902 76.6321
314300 77.343 76.6323
314400 77.7492 76.6326
314500 78.4802 76.6332
314600 77.9332 76.6336
314700 78.5071 76.6342
314800 78.5353 76.6348
314900 78.8878 76.6356
315000 79.1946 76.6364
315100 79.2431 76.6372
315200 78.5239 76.6378
315300 77.7904 76.6382
315400 77.9022 76.6386
315500 78.2361 76.6391
315600 77.9496 76.6395
315700 77.6726 76.6398
315800 77.2068 76.64
315900 77.3169 76.6402
316000 77.4729 76.6405
316100 77.8779 76.6409
316200 78.1238 76.6413
316300 78.1505 76.6418
316400 78.3563 76.6423
316500 77.6848 76.6427
316600 78.5902 76.6433
316700 78.0493 76.6437
316800 78.1131 76.6442
316900 77.6703 76.6445
317000 77.4451 76.6448
317100 77.483 76.645
317200 77.3252 76.6453
317300 77.6243 76.6456
317400 77.974 76.646
317500 77.9908 76.6464
317600 78.2169 76.6469
317700 78.333 76.6474
317800 77.6536 76.6477
317900 77.565 76.648
318000 77.4943 76.6483
318100 78.0497 76.6487
318200 77.5339 76.649
318300 78.0529 76.6495
318400 77.2945 76.6497
318500 77.4677 76.6499
318600 77.9203 76.6503
318700 77.1253 76.6505
318800 76.5958 76.6505
318900 76.3103 76.6503
319000 76.5183 76.6503
319100 76.1532 76.6501
319200 76.6655 76.6502
319300 76.3315 76.6501
319400 75.8726 76.6498
319500 75.7308 76.6495
319600 75.9461 76.6493
319700 76.6847 76.6493
319800 76.4984 76.6493
319900 76.3635 76.6492
320000 76.96 76.6493
320100 76.7475 76.6493
320200 76.6792 76.6493
320300 76.7906 76.6494
320400 77.3514 76.6496
320500 77.4172 76.6498
320600 76.8293 76.6499
320700 76.4411 76.6498
320800 76.3149 76.6497
320900 76.0473 76.6495
321000 76.4289 76.6494
321100 77.0554 76.6496
321200 76.5825 76.6496
321300 76.5338 76.6495
321400 75.5225 76.6492
321500 75.5004 76.6488
321600 75.21 76.6484
321700 75.4411 76.648
321800 75.7618 76.6477
321900 76.4553 76.6477
322000 76.3042 76.6475
322100 76.6255 76.6475
322200 76.9331 76.6476
322300 76.8578 76.6477
322400 76.6014 76.6477
322500 77.2489 76.6479
322600 76.7416 76.6479
322700 76.0161 76.6477
322800 76.186 76.6476
322900 76.2697 76.6474
323000 76.2873 76.6473
323100 76.6086 76.6473
323200 76.6705 76.6473
323300 76.573 76.6473
323400 77.3744 76.6475
323500 77.1515 76.6477
323600 77.0578 76.6478
323700 77.0567 76.6479
323800 77.4754 76.6482
323900 77.8846 76.6486
324000 77.2896 76.6488
324100 77.6135 76.6491
324200 77.1976 76.6492
324300 77.6476 76.6495
324400 77.3364 76.6498
324500 77.8419 76.6501
324600 77.5114 76.6504
324700 76.9116 76.6505
324800 76.8389 76.6505
324900 77.3274 76.6507
325000 77.9542 76.6511
325100 78.1763 76.6516
325200 77.5174 76.6519
325300 77.4544 76.6521
325400 77.709 76.6524
325500 78.1032 76.6529
325600 77.3892 76.6531
325700 77.5483 76.6534
325800 77.0605 76.6535
325900 77.018 76.6536
326000 77.0798 76.6538
326100 77.3799 76.654
326200 77.205 76.6541
326300 77.0034 76.6543
326400 76.3216 76.6542
326500 76.0219 76.654
326600 76.2958 76.6538
326700 76.8098 76.6539
326800 76.916 76.654
326900 76.7226 76.654
327000 76.7535 76.654
327100 77.22 76.6542
327200 76.5444 76.6542
327300 76.7499 76.6542
327400 76.7416 76.6542
327500 77.5201 76.6545
327600 76.6234 76.6545
327700 76.537 76.6544
327800 77.6777 76.6548
327900 77.6229 76.655
328000 78.2964 76.6555
328100 78.7537 76.6562
328200 78.8843 76.6569
328300 78.5773 76.6575
328400 78.9306 76.6581
328500 78.4476 76.6587
328600 78.9422 76.6594
328700 78.9415 76.6601
328800 78.534 76.6606
328900 78.3086 76.6611
329000 78.6478 76.6618
329100 78.0551 76.6622
329200 77.5797 76.6625
329300 76.6886 76.6625
329400 77.4465 76.6627
329500 76.9372 76.6628
329600 76.3899 76.6627
329700 76.5715 76.6627
329800 77.3218 76.6629
329900 76.8545 76.6629
330000 76.9211 76.663
330100 77.2874 76.6632
330200 77.5948 76.6635
330300 77.2958 76.6637
330400 76.7166 76.6637
330500 77.2757 76.6639
330600 77.0373 76.664
330700 76.8028 76.664
330800 77.1068 76.6642
330900 77.6443 76.6645
331000 76.7871 76.6645
331100 76.3723 76.6644
331200 76.6012 76.6644
331300 76.0093 76.6642
331400 76.2761 76.6641
331500 77.0198 76.6642
331600 76.4871 76.6641
331700 76.7857 76.6642
331800 77.0233 76.6643
331900 76.3891 76.6642
332000 77.0236 76.6643
332100 77.735 76.6646
332200 76.9639 76.6647
332300 76.7296 76.6647
332400 76.7323 76.6648
332500 77.028 76.6649
332600 76.5338 76.6648
332700 76.9547 76.6649
332800 76.8981 76.665
332900 76.3865 76.6649
333000 76.7379 76.6649
333100 75.9367 76.6647
333200 76.366 76.6646
333300 76.0353 76.6644
333400 76.4947 76.6644
333500 76.6325 76.6644
333600 76.4263 76.6643
333700 76.0386 76.6641
333800 77.4044 76.6643
333900 76.7073 76.6643
334000 76.4354 76.6643
334100 77.4402 76.6645
334200 77.6985 76.6648
334300 77.6636 76.6651
334400 76.5929 76.6651
334500 76.0531 76.6649
334600 76.1677 76.6648
334700 76.4591 76.6647
334800 76.4201 76.6646
334900 76.4331 76.6645
335000 76.0804 76.6644
335100 76.9067 76.6644
335200 77.2692 76.6646
335300 77.3616 76.6648
335400 76.8434 76.6649
335500 76.9086 76.665
335600 77.0221 76.6651
335700 76.3033 76.665
335800 77.5293 76.6652
335900 76.6938 76.6652
336000 75.6989 76.6649
336100 76.5816 76.6649
336200 76.1301 76.6648
336300 76.7024 76.6648
336400 76.6602 76.6648
336500 75.9966 76.6646
336600 76.4388 76.6645
336700 76.4888 76.6644
336800 76.2646 76.6643
336900 75.9699 76.6641
337000 76.6479 76.6641
337100 75.7219 76.6638
337200 75.7266 76.6636
337300 75.3287 76.6632
337400 75.5146 76.6628
337500 75.9509 76.6626
337600 75.5709 76.6623
337700 74.9924 76.6618
337800 75.1965 76.6614
337900 75.633 76.6611
338000 75.8285 76.6608
338100 76.0619 76.6606
338200 75.6219 76.6603
338300 74.9816 76.6598
338400 74.2283 76.6591
338500 74.6118 76.6585
338600 74.4562 76.6579
338700 75.2431 76.6574
338800 75.0367 76.657
338900 74.9134 76.6564
339000 74.8152 76.6559
339100 74.8315 76.6554
339200 75.3869 76.655
339300 74.5525 76.6544
339400 75.2484 76.654
339500 74.9736 76.6535
339600 75.3647 76.6531
339700 75.4829 76.6527
339800 75.0197 76.6523
339900 75.1279 76.6518
340000 75.9363 76.6516
340100 76.1908 76.6515
340200 76.6131 76.6515
340300 76.8622 76.6515
340400 76.79 76.6516
340500 76.5698 76.6515
340600 77.0547 76.6516
340700 76.4848 76.6516
340800 76.7574 76.6516
340900 76.5601 76.6516
341000 75.7048 76.6513
341100 76.0045 76.6511
341200 75.8062 76.6509
341300 76.1216 76.6507
341400 76.0555 76.6506
341500 75.8393 76.6503
341600 76.3468 76.6502
341700 75.9478 76.65
341800 75.2718 76.6496
341900 75.1412 76.6492
342000 75.3499 76.6488
342100 75.7561 76.6485
342200 75.8866 76.6483
342300 76.179 76.6482
342400 76.5684 76.6482
342500 76.9332 76.6482
342600 77.4607 76.6485
342700 76.6939 76.6485
342800 77.1527 76.6486
342900 76.7427 76.6487
343000 76.2778 76.6486
343100 76.7245 76.6486
343200 76.9509 76.6487
343300 77.4062 76.6489
343400 77.1822 76.649
343500 76.7617 76.6491
343600 76.4679 76.649
343700 76.566 76.649
343800 76.3297 76.6489
343900 76.6653 76.6489
344000 75.9108 76.6487
344100 75.9821 76.6485
344200 76.3942 76.6484
344300 76.3721 76.6483
344400 77.208 76.6485
344500 77.1774 76.6487
344600 76.4841 76.6486
344700 76.126 76.6485
344800 76.9446 76.6486
344900 76.5401 76.6485
345000 76.5678 76.6485
345100 76.5043 76.6485
345200 76.1368 76.6483
345300 76.7103 76.6483
345400 76.9275 76.6484
345500 76.8989 76.6485
345600 76.171 76.6483
345700 76.0263 76.6482
345800 76.0762 76.648
345900 75.7135 76.6477
346000 75.6222 76.6474
346100 75.8645 76.6472
346200 75.7192 76.6469
346300 76.2682 76.6468
346400 76.72 76.6468
346500 77.619 76.6471
346600 78.1059 76.6475
346700 77.663 76.6478
346800 78.2719 76.6483
346900 78.6643 76.6489
347000 78.3303 76.6494
347100 77.792 76.6497
347200 77.3873 76.6499
347300 77.3856 76.6501
347400 77.8084 76.6505
347500 77.4001 76.6507
347600 77.0529 76.6508
347700 77.4405 76.651
347800 77.7943 76.6513
347900 77.2624 76.6515
348000 77.2646 76.6517
348100 76.2499 76.6516
348200 75.6571 76.6513
348300 76.2732 76.6512
348400 76.1466 76.651
348500 76.6889 76.6511
348600 76.8635 76.6511
348700 76.4198 76.6511
348800 76.611 76.651
348900 76.6418 76.651
349000 76.4783 76.651
349100 75.9459 76.6508
349200 76.1349 76.6506
349300 76.1127 76.6505
349400 76.6223 76.6505
349500 76.162 76.6503
349600 76.6552 76.6503
349700 77.1481 76.6505
349800 76.6341 76.6505
349900 76.4963 76.6504
350000 76.1331 76.6503
350100 76.1191 76.6501
350200 76.6765 76.6501
350300 77.1655 76.6503
350400 77.3885 76.6505
350500 76.8433 76.6506
350600 76.3992 76.6505
350700 76.6957 76.6505
350800 76.9697 76.6506
350900 76.5923 76.6506
351000 76.4041 76.6505
351100 76.7077 76.6505
351200 76.3069 76.6504
351300 76.7895 76.6505
351400 77.014 76.6506
351500 76.3401 76.6505
351600 76.7123 76.6505
351700 76.7948 76.6505
351800 75.9864 76.6503
351900 75.6516 76.6501
352000 76.3076 76.65
352100 76.4537 76.6499
352200 76.0291 76.6497
352300 75.8269 76.6495
352400 76.3387 76.6494
352500 76.716 76.6494
352600 75.9908 76.6492
352700 75.8018 76.649
352800 75.4986 76.6487
352900 75.5542 76.6484
353000 75.8765 76.6481
353100 76.1979 76.648
353200 76.1084 76.6479
353300 76.2585 76.6478
353400 75.9045 76.6475
353500 75.6897 76.6473
353600 76.2431 76.6472
353700 75.959 76.647
353800 76.2975 76.6469
353900 76.5341 76.6468
354000 77.4058 76.647
354100 76.9392 76.6471
354200 77.1685 76.6473
354300 77.0019 76.6474
354400 77.2758 76.6476
354500 77.7257 76.6479
354600 77.1373 76.648
354700 77.4679 76.6482
354800 77.247 76.6484
354900 77.2795 76.6486
355000 76.7232 76.6486
355100 77.287 76.6488
355200 76.8221 76.6488
355300 77.2909 76.649
355400 77.6078 76.6493
355500 77.238 76.6494
355600 77.241 76.6496
355700 76.6554 76.6496
355800 76.1944 76.6495
355900 76.0823 76.6493
356000 76.2403 76.6492
356100 76.1754 76.6491
356200 76.8259 76.6491
356300 76.5213 76.6491
356400 76.5615 76.6491
356500 76.9842 76.6492
356600 76.7449 76.6492
356700 76.365 76.6491
356800 76.4177 76.649
356900 76.4022 76.649
357000 76.7744 76.649
357100 76.8353 76.6491
357200 76.8285 76.6491
357300 77.0223 76.6492
357400 77.2248 76.6494
357500 77.1899 76.6495
357600 77.4387 76.6497
357700 78.3818 76.6502
357800 78.401 76.6507
357900 78.2805 76.6512
358000 77.0969 76.6513
358100 77.127 76.6514
358200 77.5935 76.6517
358300 76.9571 76.6518
358400 76.3484 76.6517
358500 75.3572 76.6513
358600 77.0992 76.6515
358700 76.5637 76.6514
358800 76.4617 76.6514
358900 76.6194 76.6514
359000 76.5373 76.6513
359100 76.1625 76.6512
359200 76.5195 76.6512
359300 76.8041 76.6512
359400 76.5316 76.6512
359500 76.6174 76.6512
359600 76.4317 76.6511
359700 76.3793 76.651
359800 76.3055 76.6509
359900 76.3331 76.6508
360000 76.8741 76.6509
360100 76.4065 76.6508
360200 76.3821 76.6508
360300 76.2276 76.6506
360400 76.6877 76.6507
360500 76.6944 76.6507
360600 76.9203 76.6507
360700 76.7025 76.6508
360800 77.022 76.6509
360900 76.9557 76.6509
361000 76.3888 76.6509
361100 77.3585 76.6511
361200 77.602 76.6513
361300 77.5242 76.6516
361400 77.4663 76.6518
361500 77.2473 76.652
361600 77.2783 76.6521
361700 76.7385 76.6522
361800 77.2607 76.6523
361900 77.731 76.6526
362000 77.5924 76.6529
362100 76.7051 76.6529
362200 76.5821 76.6529
362300 76.9686 76.653
362400 77.1584 76.6531
362500 76.818 76.6532
362600 76.4285 76.6531
362700 77.0705 76.6532
362800 77.035 76.6533
362900 77.6851 76.6536
363000 77.8224 76.6539
363100 77.5442 76.6542
363200 77.1196 76.6543
363300 78.1445 76.6547
363400 77.4737 76.6549
363500 76.2581 76.6548
363600 76.4656 76.6548
363700 76.6015 76.6548
363800 76.8223 76.6548
363900 77.3017 76.655
364000 77.1903 76.6551
364100 76.9539 76.6552
364200 77.2219 76.6554
364300 77.1408 76.6555
364400 77.2491 76.6557
364500 78.2665 76.6561
364600 78.2449 76.6565
364700 78.1715 76.6569
364800 78.3824 76.6574
364900 78.0309 76.6578
365000 78.2609 76.6582
365100 77.7224 76.6585
365200 78.1021 76.6589
365300 78.1827 76.6593
365400 77.4762 76.6596
365500 76.5259 76.6595
365600 76.755 76.6596
365700 76.9378 76.6596
365800 76.8758 76.6597
365900 77.1132 76.6598
366000 77.7226 76.6601
366100 77.9288 76.6605
366200 77.8723 76.6608
366300 77.356 76.661
366400 78.0534 76.6614
366500 77.8122 76.6617
366600 78.8068 76.6623
366700 78.5789 76.6628
366800 78.1826 76.6632
366900 78.7569 76.6638
367000 78.1381 76.6642
367100 78.2927 76.6646
367200 78.312 76.6651
367300 78.402 76.6655
367400 78.3702 76.666
367500 78.5591 76.6665
367600 77.9194 76.6668
367700 78.3386 76.6673
367800 78.6224 76.6678
367900 78.034 76.6682
368000 78.2613 76.6686
368100 79.0135 76.6693
368200 77.6877 76.6695
368300 77.4782 76.6698
368400 77.761 76.6701
368500 77.7927 76.6704
368600 78.1393 76.6708
368700 77.2536 76.6709
368800 78.048 76.6713
368900 77.3926 76.6715
369000 77.4428 76.6717
369100 76.5127 76.6717
369200 76.1381 76.6715
369300 76.9033 76.6716
369400 77.6112 76.6718
369500 77.108 76.672
369600 77.2213 76.6721
369700 77.4312 76.6723
369800 77.3029 76.6725
369900 77.4408 76.6727
370000 77.4493 76.6729
370100 77.3516 76.6731
370200 77.0039 76.6732
370300 77.4718 76.6734
370400 77.8107 76.6737
370500 77.5918 76.6739
370600 77.0486 76.674
370700 76.3553 76.674
370800 76.9529 76.674
370900 76.4784 76.674
371000 76.1885 76.6738
371100 76.8284 76.6739
371200 76.5154 76.6738
371300 77.2975 76.674
371400 76.4639 76.674
371500 76.6831 76.674
371600 76.8618 76.674
371700 77.059 76.6741
371800 77.2545 76.6743
371900 77.0727 76.6744
372000 75.9923 76.6742
372100 76.1292 76.674
372200 75.8146 76.6738
372300 75.1448 76.6734
372400 76.0106 76.6732
372500 75.9274 76.673
372600 75.9776 76.6728
372700 75.2413 76.6725
372800 75.3073 76.6721
372900 75.5845 76.6718
373000 75.7217 76.6715
373100 75.7822 76.6713
373200 76.0864 76.6711
373300 76.1838 76.671
373400 76.4301 76.671
373500 76.2392 76.6708
373600 76.3055 76.6707
373700 76.4858 76.6707
373800 76.0572 76.6705
373900 75.7323 76.6703
374000 75.6976 76.67
374100 75.8675 76.6698
374200 75.4927 76.6695
374300 75.9499 76.6693
374400 75.6331 76.669
374500 76.0132 76.6688
374600 75.6879 76.6686
374700 75.568 76.6683
374800 75.3113 76.6679
374900 75.8635 76.6677
375000 75.5336 76.6674
375100 75.7732 76.6672
375200 76.2006 76.667
375300 76.3993 76.667
375400 76.2453 76.6669
375500 76.2593 76.6668
375600 76.3604 76.6667
375700 76.6614 76.6667
375800 75.9992 76.6665
375900 75.4117 76.6662
376000 76.0035 76.666
376100 76.7446 76.666
376200 76.4657 76.6659
376300 76.2986 76.6658
376400 75.8928 76.6656
376500 75.0622 76.6652
376600 75.1938 76.6648
376700 75.5067 76.6645
376800 75.1991 76.6641
376900 75.6524 76.6639
377000 75.2771 76.6635
377100 75.5332 76.6632
377200 76.0479 76.663
377300 75.9881 76.6629
377400 75.5886 76.6626
377500 75.73 76.6623
377600 76.3407 76.6622
377700 75.7007 76.662
377800 75.4689 76.6617
377900 75.599 76.6614
378000 75.8373 76.6612
378100 75.5861 76.6609
378200 76.1128 76.6607
378300 76.3484 76.6607
378400 75.9014 76.6605
378500 75.6746 76.6602
378600 75.7675 76.66
378700 76.5008 76.6599
378800 76.4663 76.6599
378900 76.345 76.6598
379000 75.6381 76.6595
379100 76.0964 76.6594
379200 76.2686 76.6593
379300 75.9919 76.6591
379400 76.3865 76.659
379500 76.5837 76.659
379600 76.5405 76.659
379700 77.1054 76.6591
379800 77.509 76.6593
379900 77.265 76.6595
380000 77.4469 76.6597
380100 77.2868 76.6598
380200 77.1005 76.66
380300 76.3288 76.6599
380400 76.295 76.6598
380500 76.232 76.6597
380600 75.9654 76.6595
380700 75.8876 76.6593
380800 75.6619 76.659
380900 75.8059 76.6588
381000 76.4962 76.6587
381100 76.0839 76.6586
381200 76.5698 76.6586
381300 76.4976 76.6585
381400 76.1563 76.6584
381500 76.4646 76.6583
381600 76.7563 76.6584
381700 75.6578 76.6581
381800 75.391 76.6578
381900 75.2386 76.6574
382000 75.8701 76.6572
382100 75.7122 76.6569
382200 76.2385 76.6568
382300 76.1318 76.6567
382400 75.9084 76.6565
382500 76.2501 76.6564
382600 75.9792 76.6562
382700 76.7931 76.6563
382800 76.0687 76.6561
382900 75.9293 76.6559
383000 75.1955 76.6555
383100 75.9986 76.6554
383200 75.9204 76.6552
383300 76.0905 76.655
383400 76.4793 76.655
383500 75.3255 76.6546
383600 75.5575 76.6543
383700 75.8997 76.6541
383800 76.1617 76.654
383900 76.2742 76.6539
384000 76.9299 76.654
384100 75.7499 76.6538
384200 75.9654 76.6536
384300 75.9648 76.6534
384400 75.6892 76.6531
384500 75.3638 76.6528
384600 75.2852 76.6525
384700 75.8339 76.6522
384800 75.7552 76.652
384900 75.7705 76.6518
385000 77.1091 76.6519
385100 76.7124 76.6519
385200 77.5904 76.6522
385300 76.9402 76.6522
385400 76.8225 76.6523
385500 76.647 76.6523
385600 76.579 76.6523
385700 76.2783 76.6522
385800 76.1272 76.652
385900 75.2788 76.6517
386000 76.1885 76.6516
386100 76.3423 76.6515
386200 76.792 76.6515
386300 76.9811 76.6516
386400 76.0569 76.6514
386500 76.2089 76.6513
386600 76.1655 76.6512
386700 75.6861 76.6509
386800 75.0288 76.6505
386900 75.5144 76.6502
387000 76.2085 76.6501
387100 76.2249 76.65
387200 75.8315 76.6498
387300 75.7792 76.6496
387400 75.9778 76.6494
387500 76.564 76.6494
387600 76.0934 76.6492
387700 76.1789 76.6491
387800 75.4607 76.6488
387900 75.561 76.6485
388000 75.7347 76.6483
388100 75.1073 76.6479
388200 75.837 76.6477
388300 75.6324 76.6474
388400 76.3252 76.6473
388500 76.185 76.6472
388600 75.3369 76.6469
388700 75.2166 76.6465
388800 75.509 76.6462
388900 75.4906 76.6459
389000 76.0048 76.6458
389100 76.131 76.6456
389200 76.0791 76.6455
389300 75.9757 76.6453
389400 76.1679 76.6452
389500 75.6 76.6449
389600 75.9086 76.6447
389700 76.0354 76.6446
389800 76.3804 76.6445
389900 76.2312 76.6444
390000 76.452 76.6444
390100 76.5585 76.6443
390200 76.2812 76.6442
390300 75.9337 76.6441
390400 76.6205 76.6441
390500 76.4852 76.644
390600 75.9085 76.6438
390700 75.9909 76.6437
390800 76.0905 76.6435
390900 76.7658 76.6435
391000 77.1005 76.6437
391100 76.6002 76.6437
391200 76.2039 76.6435
391300 76.6121 76.6435
391400 75.9974 76.6434
391500 75.9026 76.6432
391600 76.0653 76.643
391700 76.3639 76.643
391800 75.5979 76.6427
391900 75.4488 76.6424
392000 75.3685 76.6421
392100 75.4548 76.6418
392200 75.8284 76.6416
392300 76.1442 76.6414
392400 75.9107 76.6412
392500 75.7863 76.641
392600 76.0322 76.6409
392700 76.0936 76.6407
392800 75.7174 76.6405
392900 75.2197 76.6401
393000 74.8888 76.6397
393100 75.0993 76.6393
393200 75.826 76.6391
393300 75.6741 76.6388
393400 75.4353 76.6385
393500 75.3042 76.6382
393600 75.5487 76.6379
393700 76.1185 76.6378
393800 76.1417 76.6377
393900 75.9288 76.6375
394000 75.417 76.6372
394100 75.7354 76.6369
394200 77.2135 76.6371
394300 77.1091 76.6372
394400 76.3379 76.6371
394500 76.5807 76.6371
394600 76.9741 76.6372
394700 77.1642 76.6373
394800 77.6781 76.6376
394900 77.3592 76.6378
395000 77.5332 76.638
395100 76.8821 76.6381
395200 76.3428 76.638
395300 75.9442 76.6378
395400 76.6124 76.6378
395500 76.3368 76.6377
395600 76.3038 76.6377
395700 77.3337 76.6378
395800 77.6721 76.6381
395900 77.5505 76.6383
396000 77.3958 76.6385
396100 77.2971 76.6387
396200 77.0778 76.6388
396300 77.0125 76.6389
396400 78.0573 76.6392
396500 77.4097 76.6394
396600 77.5585 76.6397
396700 77.0592 76.6398
396800 77.4892 76.64
396900 77.1123 76.6401
397000 76.679 76.6401
397100 76.8219 76.6402
397200 76.926 76.6402
397300 76.4979 76.6402
397400 76.188 76.6401
397500 76.1834 76.64
397600 75.5997 76.6397
397700 75.3398 76.6394
397800 74.7623 76.6389
397900 75.8183 76.6387
398000 75.8674 76.6385
398100 76.4325 76.6385
398200 76.041 76.6383
398300 76.4443 76.6383
398400 76.2247 76.6382
398500 76.1232 76.638
398600 75.9759 76.6379
398700 75.9331 76.6377
398800 75.8803 76.6375
398900 75.021 76.6371
399000 75.2788 76.6367
399100 75.4682 76.6365
399200 75.643 76.6362
399300 76.6503 76.6362
399400 75.9891 76.636
399500 76.0095 76.6359
399600 75.7415 76.6357
399700 76.6639 76.6357
399800 76.8357 76.6357
399900 76.8559 76.6358
400000 76.4869 76.6357
