100 74.2733 74.2733
200 75.2327 74.753
300 75.601 75.0357
400 75.7016 75.2021
500 74.1212 74.986
600 75.005 74.9891
700 75.1879 75.0175
800 75.1398 75.0328
900 74.5606 74.9803
1000 72.9539 74.7777
1100 73.6463 74.6748
1200 73.229 74.5543
1300 73.185 74.449
1400 74.2793 74.4369
1500 74.4777 74.4396
1600 74.6774 74.4545
1700 75.0533 74.4897
1800 75.7248 74.5583
1900 75.8211 74.6248
2000 75.964 74.6917
2100 75.7922 74.7441
2200 76.6905 74.8326
2300 75.6915 74.87
2400 76.2969 74.9294
2500 76.5996 74.9962
2600 76.786 75.0651
2700 75.8037 75.0924
2800 76.1556 75.1304
2900 77.1936 75.2015
3000 76.3301 75.2391
3100 76.403 75.2767
3200 77.5908 75.349
3300 76.9582 75.3978
3400 76.6046 75.4333
3500 76.035 75.4505
3600 76.3713 75.476
3700 75.9198 75.488
3800 75.8073 75.4964
3900 77.4224 75.5458
4000 76.7899 75.5769
4100 76.6018 75.6019
4200 77.1776 75.6394
4300 77.531 75.6834
4400 79.0383 75.7597
4500 78.7558 75.8262
4600 78.4254 75.8828
4700 78.5048 75.9385
4800 78.3454 75.9887
4900 78.605 76.0421
5000 78.3013 76.0873
5100 78.1637 76.128
5200 79.8653 76.1998
5300 78.3286 76.24
5400 79.2609 76.296
5500 79.3989 76.3524
5600 79.1157 76.4017
5700 79.0029 76.4474
5800 78.8285 76.4884
5900 78.689 76.5257
6000 77.7833 76.5467
6100 77.9997 76.5705
6200 77.2624 76.5816
6300 77.0966 76.5898
6400 77.4308 76.603
6500 76.0049 76.5938
6600 76.4712 76.5919
6700 76.5418 76.5912
6800 77.0087 76.5973
6900 76.9515 76.6024
7000 76.0101 76.594
7100 76.0837 76.5868
7200 75.7875 76.5757
7300 75.9352 76.5669
7400 75.8622 76.5574
7500 76.6632 76.5588
7600 76.8409 76.5625
7700 77.7438 76.5778
7800 76.8774 76.5817
7900 78.1245 76.6012
8000 77.2376 76.6092
8100 76.057 76.6024
8200 76.3884 76.5997
8300 75.9658 76.5921
8400 76.0789 76.586
8500 77.0045 76.5909
8600 78.2909 76.6107
8700 77.7007 76.6232
8800 77.8171 76.6368
8900 78.7273 76.6603
9000 78.4588 76.6803
9100 78.5414 76.7007
9200 79.3554 76.7296
9300 79.432 76.7586
9400 79.4894 76.7877
9500 79.8754 76.8202
9600 79.9524 76.8528
9700 80.4817 76.8902
9800 80.9915 76.9321
9900 80.408 76.9672
10000 79.2908 76.9904
10100 78.65 77.0068
10200 77.4021 77.0107
10300 78.3458 77.0237
10400 77.7203 77.0304
10500 76.568 77.026
10600 76.1184 77.0174
10700 76.0094 77.008
10800 76.0948 76.9995
10900 76.1232 76.9915
11000 76.6585 76.9885
11100 77.2266 76.9906
11200 76.549 76.9867
11300 76.5942 76.9832
11400 77.0974 76.9842
11500 77.2408 76.9864
11600 76.5171 76.9824
11700 75.8294 76.9725
11800 76.0902 76.965
11900 77.1551 76.9666
12000 77.304 76.9695
12100 77.3247 76.9724
12200 78.4504 76.9845
12300 78.0871 76.9935
12400 77.8045 77
12500 78.5231 77.0122
12600 78.3451 77.0228
12700 77.4336 77.026
12800 77.4791 77.0295
12900 78.045 77.0374
13000 78.1912 77.0463
13100 78.206 77.0551
13200 77.3961 77.0577
13300 77.2062 77.0588
13400 78.1952 77.0673
13500 78.6278 77.0789
13600 79.3415 77.0955
13700 79.5832 77.1137
13800 79.5305 77.1312
13900 79.1065 77.1454
14000 79.2327 77.1603
14100 77.5332 77.163
14200 78.854 77.1749
14300 78.3962 77.1834
14400 78.6977 77.1939
14500 77.6936 77.1974
14600 78.1497 77.2039
14700 78.4285 77.2122
14800 78.864 77.2234
14900 78.7001 77.2333
15000 79.0907 77.2457
15100 78.9709 77.2571
15200 78.0664 77.2624
15300 79.0847 77.2743
15400 78.2881 77.2809
15500 77.6358 77.2832
15600 77.5632 77.285
15700 76.9629 77.283
15800 76.6994 77.2793
15900 77.2295 77.2789
16000 76.6482 77.275
16100 77.2028 77.2746
16200 78.2837 77.2808
16300 77.6735 77.2832
16400 77.5627 77.2849
16500 77.9039 77.2887
16600 78.3778 77.2952
16700 78.3223 77.3014
16800 78.4459 77.3082
16900 79.0906 77.3187
17000 77.5615 77.3202
17100 77.3299 77.3202
17200 77.6689 77.3222
17300 77.8547 77.3253
17400 78.9302 77.3345
17500 78.9613 77.3438
17600 78.1835 77.3486
17700 78.3643 77.3543
17800 78.1737 77.3589
17900 78.4382 77.365
18000 78.857 77.3733
18100 77.77 77.3755
18200 77.3358 77.3752
18300 77.3428 77.3751
18400 77.2162 77.3742
18500 78.3999 77.3797
18600 78.5401 77.386
18700 77.1844 77.3849
18800 77.4768 77.3854
18900 77.0176 77.3834
19000 77.3495 77.3833
19100 76.2982 77.3776
19200 76.6956 77.374
19300 76.0017 77.3669
19400 76.0842 77.3603
19500 76.7382 77.3571
19600 76.4476 77.3525
19700 75.3804 77.3425
19800 76.8234 77.3398
19900 75.8138 77.3322
20000 76.291 77.327
20100 77.3584 77.3271
20200 77.6085 77.3285
20300 77.8717 77.3312
20400 78.5117 77.337
20500 78.1501 77.341
20600 77.3429 77.341
20700 77.8014 77.3432
20800 76.272 77.338
20900 77.8092 77.3403
21000 77.1953 77.3396
21100 77.0192 77.3381
21200 77.6869 77.3397
21300 77.8515 77.3421
21400 78.1728 77.346
21500 79.1988 77.3546
21600 77.8204 77.3568
21700 77.5523 77.3577
21800 78.0411 77.3608
21900 78.3469 77.3653
22000 78.1708 77.369
22100 78.48 77.374
22200 79.8037 77.385
22300 79.6366 77.3951
22400 79.0308 77.4024
22500 78.6157 77.4077
22600 79.224 77.4158
22700 78.8725 77.4222
22800 79.012 77.4292
22900 79.1603 77.4367
23000 78.2785 77.4404
23100 77.8605 77.4422
23200 77.478 77.4424
23300 78.2848 77.446
23400 79.1909 77.4534
23500 79.2856 77.4612
23600 77.8256 77.4628
23700 77.0313 77.461
23800 77.3605 77.4605
23900 77.1638 77.4593
24000 78.2559 77.4626
24100 78.8892 77.4685
24200 78.1914 77.4715
24300 79.5722 77.4802
24400 78.8628 77.4858
24500 78.5132 77.49
24600 78.6519 77.4947
24700 79.6421 77.5034
24800 79.6474 77.5121
24900 78.7212 77.5169
25000 78.0451 77.5191
25100 77.7346 77.5199
25200 77.9735 77.5217
25300 77.7775 77.5227
25400 77.8191 77.5239
25500 78.3836 77.5273
25600 79.0978 77.5334
25700 78.7733 77.5382
25800 77.4794 77.538
25900 77.5688 77.5381
26000 77.4064 77.5376
26100 77.1061 77.536
26200 77.1127 77.5343
26300 76.739 77.5313
26400 78.2823 77.5342
26500 78.5533 77.538
26600 77.444 77.5377
26700 76.7191 77.5346
26800 76.1098 77.5293
26900 76.9624 77.5272
27000 76.6752 77.524
27100 76.601 77.5206
27200 76.2746 77.516
27300 76.1766 77.5111
27400 76.3886 77.507
27500 76.2292 77.5024
27600 76.8456 77.5
27700 76.5228 77.4965
27800 76.2203 77.4919
27900 75.5715 77.485
28000 76.5594 77.4817
28100 75.3708 77.4742
28200 75.3607 77.4667
28300 75.7053 77.4605
28400 75.5197 77.4536
28500 74.8581 77.4445
28600 75.4436 77.4375
28700 74.9846 77.429
28800 74.8872 77.4201
28900 74.522 77.4101
29000 75.3279 77.4029
29100 75.0292 77.3948
29200 75.8354 77.3894
29300 75.4258 77.3827
29400 75.752 77.3772
29500 76.6947 77.3749
29600 75.9318 77.37
29700 76.8609 77.3683
29800 75.9689 77.3636
29900 76.2241 77.3598
30000 76.4677 77.3568
30100 76.0808 77.3526
30200 75.7984 77.3474
30300 75.6139 77.3417
30400 76.8079 77.3399
30500 76.8678 77.3384
30600 76.8483 77.3368
30700 76.4812 77.334
30800 76.3581 77.3308
30900 75.63 77.3253
31000 76.1181 77.3214
31100 75.3855 77.3152
31200 75.7767 77.3103
31300 74.728 77.302
31400 74.6582 77.2936
31500 73.7699 77.2824
31600 74.0022 77.272
31700 74.6619 77.2638
31800 73.5006 77.252
31900 73.4875 77.2402
32000 73.4021 77.2282
32100 74.8985 77.2209
32200 74.151 77.2114
32300 74.8439 77.2041
32400 74.8841 77.1969
32500 75.8998 77.1929
32600 76.0294 77.1893
32700 75.2816 77.1835
32800 75.5338 77.1785
32900 76.0744 77.1751
33000 76.1264 77.1719
33100 75.8335 77.1679
33200 75.6128 77.1632
33300 75.2737 77.1575
33400 75.9216 77.1538
33500 76.8013 77.1528
33600 76.2986 77.1502
33700 75.3932 77.145
33800 75.8123 77.1411
33900 76.6523 77.1396
34000 76.9895 77.1392
34100 76.2214 77.1365
34200 76.5983 77.1349
34300 76.608 77.1334
34400 76.5641 77.1318
34500 76.4093 77.1297
34600 76.5049 77.1279
34700 76.3788 77.1257
34800 76.2253 77.1231
34900 77.0781 77.123
35000 76.1123 77.1201
35100 75.6544 77.1159
35200 75.5611 77.1115
35300 75.6296 77.1073
35400 74.8125 77.1008
35500 74.5213 77.0935
35600 74.3047 77.0857
35700 73.8097 77.0765
35800 75.0239 77.0708
35900 75.2889 77.0658
36000 75.0814 77.0603
36100 74.5842 77.0535
36200 74.4141 77.0462
36300 74.816 77.04
36400 74.7587 77.0338
36500 75.9214 77.0307
36600 76.9364 77.0305
36700 76.7574 77.0297
36800 76.715 77.0289
36900 75.9361 77.0259
37000 76.1803 77.0236
37100 76.2464 77.0215
37200 75.9927 77.0188
37300 75.3575 77.0143
37400 76.0271 77.0117
37500 76.8197 77.0112
37600 76.5428 77.0099
37700 76.6118 77.0088
37800 76.9561 77.0087
37900 76.3568 77.007
38000 75.7587 77.0037
38100 75.5673 76.9999
38200 76.1625 76.9977
38300 76.5911 76.9967
38400 75.8841 76.9938
38500 75.6753 76.9904
38600 75.8662 76.9874
38700 74.8616 76.982
38800 75.2659 76.9775
38900 76.3416 76.9759
39000 75.9241 76.9732
39100 75.8325 76.9703
39200 75.6665 76.967
39300 75.3093 76.9627
39400 75.6917 76.9595
39500 75.7593 76.9565
39600 75.9409 76.9539
39700 75.6073 76.9505
39800 75.3271 76.9464
39900 74.6997 76.9408
40000 75.6781 76.9377
40100 75.4177 76.9339
40200 75.8151 76.9311
40300 75.4884 76.9275
40400 76.0972 76.9254
40500 76.4738 76.9243
40600 76.6693 76.9237
40700 75.0317 76.9191
40800 75.1604 76.9147
40900 74.7145 76.9094
41000 74.5165 76.9035
41100 74.2838 76.8971
41200 74.5462 76.8914
41300 74.7904 76.8864
41400 75.2849 76.8825
41500 75.5243 76.8792
41600 75.386 76.8756
41700 75.5122 76.8724
41800 75.6874 76.8695
41900 75.7407 76.8668
42000 75.9324 76.8646
42100 75.7989 76.8621
42200 75.1441 76.858
42300 74.9695 76.8535
42400 75.5865 76.8505
42500 75.5385 76.8475
42600 76.0517 76.8456
42700 76.6114 76.845
42800 77.1002 76.8456
42900 76.3749 76.8445
43000 76.7499 76.8443
43100 76.5498 76.8436
43200 76.5841 76.843
43300 76.9591 76.8433
43400 77.6092 76.8451
43500 76.689 76.8447
43600 76.8859 76.8448
43700 76.3515 76.8437
43800 76.9795 76.844
43900 78.3956 76.8475
44000 78.2776 76.8508
44100 78.0881 76.8536
44200 77.7599 76.8556
44300 78.373 76.8591
44400 79.1293 76.8642
44500 78.0965 76.8669
44600 77.6512 76.8687
44700 78.669 76.8727
44800 77.4299 76.874
44900 76.903 76.874
45000 76.9711 76.8742
45100 76.9289 76.8744
45200 76.8428 76.8743
45300 76.5776 76.8736
45400 76.4523 76.8727
45500 76.8708 76.8727
45600 77.2951 76.8736
45700 77.3711 76.8747
45800 78.07 76.8773
45900 77.9215 76.8796
46000 78.3728 76.8829
46100 77.2767 76.8837
46200 77.4053 76.8848
46300 77.2346 76.8856
46400 76.9149 76.8857
46500 77.1719 76.8863
46600 75.9998 76.8844
46700 77.648 76.886
46800 77.01 76.8863
46900 77.087 76.8867
47000 76.9038 76.8867
47100 76.1516 76.8852
47200 75.8732 76.883
47300 76.2996 76.8818
47400 75.9227 76.8798
47500 75.9055 76.8777
47600 75.9819 76.8758
47700 76.0527 76.8741
47800 76.0707 76.8724
47900 75.7591 76.8701
48000 76.022 76.8683
48100 75.4874 76.8655
48200 75.0751 76.8618
48300 74.9035 76.8577
48400 75.3415 76.8546
48500 75.8331 76.8525
48600 74.9746 76.8486
48700 74.3217 76.8434
48800 74.6711 76.839
48900 74.9104 76.835
49000 75.2249 76.8317
49100 74.6795 76.8273
49200 74.8622 76.8234
49300 75.0792 76.8198
49400 74.8809 76.8159
49500 75.6236 76.8135
49600 75.6415 76.8111
49700 74.9854 76.8074
49800 74.7868 76.8034
49900 74.8228 76.7994
50000 74.584 76.795
50100 75.7783 76.793
50200 75.206 76.7898
50300 75.3944 76.787
50400 74.7649 76.783
50500 74.0237 76.7775
50600 73.8529 76.7718
50700 74.7991 76.7679
50800 74.5133 76.7634
50900 75.1919 76.7604
51000 76.5001 76.7598
51100 76.2208 76.7588
51200 76.4369 76.7582
51300 76.7369 76.7581
51400 76.7046 76.758
51500 77.3289 76.7591
51600 77.1951 76.76
51700 77.6614 76.7617
51800 77.045 76.7623
51900 76.9721 76.7627
52000 76.4714 76.7621
52100 77.1704 76.7629
52200 77.3521 76.764
52300 77.004 76.7645
52400 76.9068 76.7647
52500 78.3512 76.7678
52600 77.3128 76.7688
52700 77.5019 76.7702
52800 77.9019 76.7723
52900 78.3592 76.7753
53000 78.9248 76.7794
53100 79.5635 76.7846
53200 79.0282 76.7889
53300 78.1376 76.7914
53400 77.2875 76.7923
53500 77.7943 76.7942
53600 77.8712 76.7962
53700 76.6958 76.796
53800 76.3766 76.7952
53900 77.065 76.7957
54000 78.2868 76.7985
54100 77.3834 76.7996
54200 77.6627 76.8012
54300 78.019 76.8034
54400 78.0393 76.8057
54500 78.1271 76.8081
54600 77.1142 76.8087
54700 77.3516 76.8097
54800 77.3109 76.8106
54900 77.6066 76.812
55000 77.097 76.8125
55100 77.6219 76.814
55200 77.3567 76.815
55300 78.2389 76.8176
55400 78.5154 76.8206
55500 78.9875 76.8245
55600 79.2684 76.8289
55700 78.4983 76.8319
55800 79.0269 76.8359
55900 79.1799 76.8401
56000 79.3364 76.8445
56100 78.4033 76.8473
56200 77.2677 76.848
56300 78.4181 76.8508
56400 77.5268 76.852
56500 77.5639 76.8533
56600 77.3454 76.8542
56700 78.4986 76.8571
56800 79.2193 76.8612
56900 78.8311 76.8647
57000 79.0088 76.8684
57100 79.043 76.8722
57200 79.5633 76.8769
57300 80.2282 76.8828
57400 79.731 76.8878
57500 78.9971 76.8914
57600 79.0528 76.8952
57700 78.932 76.8987
57800 79.2356 76.9028
57900 79.4692 76.9072
58000 78.812 76.9105
58100 78.5254 76.9132
58200 78.5714 76.9161
58300 78.374 76.9186
58400 78.7896 76.9218
58500 78.4787 76.9245
58600 79.3564 76.9286
58700 78.5133 76.9313
58800 78.9512 76.9347
58900 79.9718 76.9399
59000 79.3579 76.944
59100 79.0999 76.9477
59200 79.1609 76.9514
59300 79.4009 76.9555
59400 80.1028 76.9608
59500 81.9346 76.9692
59600 81.6309 76.977
59700 81.4723 76.9845
59800 81.2042 76.9916
59900 81.945 76.9999
60000 81.3294 77.0071
60100 80.6886 77.0132
60200 81.4365 77.0205
60300 81.9813 77.0288
60400 81.538 77.0362
60500 81.5429 77.0437
60600 80.5523 77.0495
60700 81.5497 77.0569
60800 81.0863 77.0635
60900 80.5814 77.0693
61000 81.0345 77.0758
61100 81.5251 77.0831
61200 80.5633 77.0888
61300 81.325 77.0957
61400 81.3499 77.1026
61500 82.6065 77.1116
61600 82.2129 77.1198
61700 82.364 77.1283
61800 81.7622 77.1358
61900 80.3836 77.1411
62000 80.5232 77.1465
62100 81.2627 77.1532
62200 80.1616 77.158
62300 79.842 77.1623
62400 80.2373 77.1672
62500 80.2189 77.1721
62600 80.8345 77.178
62700 81.0906 77.1842
62800 81.4825 77.1911
62900 82.2576 77.1991
63000 81.0039 77.2051
63100 80.3587 77.2101
63200 81.7292 77.2173
63300 82.3964 77.2255
63400 82.462 77.2337
63500 82.2272 77.2416
63600 81.923 77.249
63700 81.2439 77.2552
63800 80.9152 77.261
63900 80.4878 77.266
64000 81.9212 77.2733
64100 80.9783 77.2791
64200 81.399 77.2855
64300 81.682 77.2923
64400 81.6047 77.299
64500 81.4652 77.3055
64600 82.1794 77.313
64700 80.4659 77.3179
64800 81.2055 77.3239
64900 80.5087 77.3288
65000 80.5427 77.3338
65100 80.7644 77.339
65200 79.8344 77.3428
65300 80.195 77.3472
65400 80.5692 77.3521
65500 79.9473 77.3561
65600 79.4087 77.3592
65700 79.2143 77.3621
65800 79.3179 77.365
65900 80.1787 77.3693
66000 79.3538 77.3723
66100 80.4415 77.3769
66200 80.1418 77.3811
66300 79.2934 77.384
66400 79.4793 77.3872
66500 79.6418 77.3906
66600 78.9184 77.3928
66700 79.5293 77.3961
66800 79.7146 77.3995
66900 80.1896 77.4037
67000 79.9515 77.4075
67100 80.5154 77.4121
67200 79.6632 77.4155
67300 79.9286 77.4192
67400 79.9724 77.423
67500 80.4829 77.4275
67600 79.729 77.4309
67700 80.3689 77.4353
67800 80.8679 77.4403
67900 80.7806 77.4453
68000 81.0853 77.4506
68100 80.8049 77.4555
68200 79.6495 77.4588
68300 79.8271 77.4622
68400 79.3047 77.4649
68500 78.9424 77.4671
68600 78.586 77.4687
68700 78.8305 77.4707
68800 78.2421 77.4718
68900 78.7072 77.4736
69000 78.8675 77.4756
69100 78.9947 77.4778
69200 79.2947 77.4804
69300 78.4112 77.4818
69400 78.5561 77.4833
69500 79.7008 77.4865
69600 79.018 77.4887
69700 79.1557 77.4911
69800 78.853 77.4931
69900 78.6595 77.4947
70000 78.3168 77.4959
70100 78.0726 77.4967
70200 79.1826 77.4991
70300 78.5339 77.5006
70400 78.721 77.5023
70500 79.262 77.5048
70600 78.7127 77.5066
70700 78.7844 77.5084
70800 78.7302 77.5101
70900 77.9417 77.5107
71000 77.8498 77.5112
71100 78.5674 77.5127
71200 78.4307 77.5139
71300 77.9693 77.5146
71400 78.8266 77.5164
71500 79.0857 77.5186
71600 79.3349 77.5212
71700 79.2154 77.5235
71800 79.2232 77.5259
71900 80.0862 77.5294
72000 80.5552 77.5336
72100 80.3806 77.5376
72200 79.9887 77.541
72300 79.5043 77.5437
72400 80.0833 77.5472
72500 79.6592 77.5501
72600 79.5981 77.5529
72700 79.2672 77.5553
72800 79.1765 77.5575
72900 79.1703 77.5597
73000 78.9269 77.5616
73100 77.8403 77.562
73200 77.8215 77.5624
73300 77.8876 77.5628
73400 78.7301 77.5644
73500 78.1031 77.5651
73600 77.4094 77.5649
73700 77.8501 77.5653
73800 78.0538 77.566
73900 77.4817 77.5658
74000 78.1016 77.5666
74100 78.4653 77.5678
74200 77.8162 77.5681
74300 78.1825 77.5689
74400 77.7909 77.5692
74500 77.681 77.5694
74600 77.6342 77.5695
74700 78.4305 77.5706
74800 78.9352 77.5725
74900 79.208 77.5746
75000 77.9338 77.5751
75100 78.9033 77.5769
75200 78.3131 77.5779
75300 78.4418 77.579
75400 78.4334 77.5801
75500 77.6638 77.5803
75600 77.201 77.5798
75700 77.013 77.579
75800 77.7708 77.5793
75900 77.855 77.5796
76000 77.9126 77.5801
76100 78.2227 77.5809
76200 78.3117 77.5819
76300 77.4796 77.5817
76400 77.3766 77.5815
76500 77.3903 77.5812
76600 77.0329 77.5805
76700 77.0053 77.5797
76800 77.3566 77.5795
76900 78.2428 77.5803
77000 77.7058 77.5805
77100 77.8761 77.5809
77200 78.1818 77.5816
77300 78.3536 77.5826
77400 78.53 77.5839
77500 78.1671 77.5846
77600 77.657 77.5847
77700 78.435 77.5858
77800 79.2013 77.5879
77900 79.3038 77.5901
78000 78.507 77.5913
78100 79.0438 77.5931
78200 79.2037 77.5952
78300 78.6986 77.5966
78400 78.1905 77.5973
78500 78.1078 77.598
78600 78.4316 77.5991
78700 78.6866 77.6004
78800 79.0914 77.6023
78900 80.0686 77.6055
79000 79.5464 77.6079
79100 79.5722 77.6104
79200 80.0782 77.6135
79300 79.634 77.6161
79400 79.7564 77.6188
79500 79.3323 77.6209
79600 80.1383 77.6241
79700 78.9297 77.6257
79800 79.5563 77.6281
79900 79.3493 77.6303
80000 78.1712 77.631
80100 78.598 77.6322
80200 78.6811 77.6335
80300 78.8559 77.635
80400 77.9952 77.6354
80500 78.4689 77.6365
80600 77.8075 77.6367
80700 77.5226 77.6366
80800 76.7881 77.6355
80900 77.2881 77.6351
81000 77.6634 77.6351
81100 76.707 77.634
81200 77.1827 77.6334
81300 77.414 77.6331
81400 77.9135 77.6335
81500 77.7013 77.6336
81600 77.7361 77.6337
81700 77.7555 77.6338
81800 77.9785 77.6343
81900 77.4676 77.6341
82000 77.2603 77.6336
82100 77.3429 77.6332
82200 78.4375 77.6342
82300 77.4719 77.634
82400 77.6853 77.6341
82500 78.0418 77.6346
82600 77.3327 77.6342
82700 77.6365 77.6342
82800 77.5171 77.6341
82900 77.7098 77.6342
83000 77.6708 77.6342
83100 77.4583 77.634
83200 77.0528 77.6333
83300 77.3758 77.633
83400 77.0237 77.6323
83500 77.5203 77.6321
83600 77.1421 77.6315
83700 77.2142 77.631
83800 76.5917 77.6298
83900 76.9699 77.629
84000 76.5644 77.6278
84100 77.3306 77.6274
84200 78.1546 77.628
84300 78.4501 77.629
84400 77.5488 77.6289
84500 77.9504 77.6293
84600 77.1202 77.6287
84700 77.5367 77.6286
84800 76.7563 77.6275
84900 77.3104 77.6272
85000 76.6409 77.626
85100 76.5532 77.6248
85200 77.3041 77.6244
85300 77.3002 77.624
85400 77.9693 77.6244
85500 77.1853 77.6239
85600 77.81 77.6241
85700 78.272 77.6249
85800 78.1067 77.6254
85900 77.9413 77.6258
86000 78.8272 77.6272
86100 79.0424 77.6288
86200 78.3181 77.6296
86300 78.9952 77.6312
86400 78.2771 77.632
86500 78.3563 77.6328
86600 78.1649 77.6334
86700 77.5633 77.6333
86800 77.3631 77.633
86900 76.3974 77.6316
87000 75.6104 77.6293
87100 76.3039 77.6278
87200 76.5956 77.6266
87300 76.7443 77.6256
87400 77.7687 77.6257
87500 78.1776 77.6264
87600 77.8602 77.6266
87700 78.0541 77.6271
87800 78.1427 77.6277
87900 78.0404 77.6282
88000 77.2195 77.6277
88100 77.5549 77.6276
88200 77.0472 77.627
88300 77.1701 77.6264
88400 77.3461 77.6261
88500 77.8892 77.6264
88600 77.3645 77.6261
88700 76.7452 77.6251
88800 77.1808 77.6246
88900 77.1798 77.6241
89000 78.0377 77.6246
89100 78.6392 77.6257
89200 77.7038 77.6258
89300 78.3986 77.6267
89400 79.8438 77.6292
89500 79.8315 77.6316
89600 79.1681 77.6333
89700 79.0325 77.6349
89800 78.4965 77.6359
89900 78.8395 77.6372
90000 78.327 77.638
90100 78.3996 77.6388
90200 78.7758 77.6401
90300 77.9817 77.6405
90400 79.0011 77.642
90500 78.4656 77.6429
90600 78.2385 77.6435
90700 79.0533 77.6451
90800 79.4753 77.6471
90900 78.5917 77.6481
91000 78.8189 77.6494
91100 79.3079 77.6512
91200 79.4761 77.6532
91300 79.1087 77.6548
91400 79.4737 77.6568
91500 79.4096 77.6587
91600 78.5148 77.6597
91700 79.3087 77.6615
91800 78.4463 77.6623
91900 79.1796 77.664
92000 79.7172 77.6662
92100 79.246 77.6679
92200 79.5595 77.67
92300 79.965 77.6725
92400 79.5171 77.6745
92500 78.9624 77.6759
92600 78.5751 77.6768
92700 78.8621 77.6781
92800 78.4511 77.6789
92900 76.9574 77.6782
93000 76.8438 77.6773
93100 76.8225 77.6763
93200 77.6658 77.6763
93300 77.7294 77.6764
93400 77.8852 77.6766
93500 78.7122 77.6777
93600 79.4403 77.6796
93700 78.2587 77.6802
93800 77.9416 77.6805
93900 78.1743 77.681
94000 76.6176 77.6799
94100 77.0534 77.6792
94200 77.5266 77.6791
94300 78.3145 77.6797
94400 78.3451 77.6804
94500 77.7647 77.6805
94600 78.2492 77.6811
94700 78.6799 77.6822
94800 77.9069 77.6824
94900 77.9876 77.6828
95000 77.7849 77.6829
95100 77.7672 77.6829
95200 78.4256 77.6837
95300 78.2587 77.6843
95400 76.907 77.6835
95500 77.6914 77.6835
95600 78.1327 77.684
95700 77.6778 77.684
95800 79.1199 77.6855
95900 79.1702 77.687
96000 78.6621 77.6881
96100 78.6954 77.6891
96200 77.8722 77.6893
96300 78.158 77.6898
96400 78.5345 77.6907
96500 78.2487 77.6912
96600 78.6568 77.6922
96700 79.1049 77.6937
96800 78.9563 77.695
96900 78.6047 77.6959
97000 79.1175 77.6974
97100 79.2142 77.699
97200 78.3231 77.6996
97300 78.9026 77.7008
97400 79.7862 77.703
97500 80.0002 77.7053
97600 79.7703 77.7075
97700 79.4843 77.7093
97800 78.5151 77.7101
97900 78.7272 77.7111
98000 78.4028 77.7118
98100 78.3541 77.7125
98200 78.3191 77.7131
98300 78.1995 77.7136
98400 78.175 77.7141
98500 78.1426 77.7145
98600 77.9154 77.7147
98700 79.1833 77.7162
98800 79.472 77.718
98900 79.7875 77.7201
99000 79.3181 77.7217
99100 79.8259 77.7238
99200 79.7033 77.7258
99300 79.4439 77.7275
99400 79.1546 77.729
99500 78.6313 77.7299
99600 80.3212 77.7325
99700 79.859 77.7346
99800 79.6824 77.7366
99900 79.6726 77.7385
100000 79.7831 77.7405
100100 80.3886 77.7432
100200 80.3382 77.7458
100300 79.952 77.748
100400 80.6138 77.7508
100500 79.7459 77.7528
100600 79.9513 77.755
100700 79.4227 77.7567
100800 79.3086 77.7582
100900 79.003 77.7594
101000 79.0522 77.7607
101100 79.05 77.762
101200 78.6724 77.7629
101300 77.1382 77.7623
101400 77.8179 77.7623
101500 77.8011 77.7624
101600 78.3243 77.7629
101700 79.7816 77.7649
101800 78.6224 77.7657
101900 77.9963 77.766
102000 78.6768 77.7669
102100 77.9337 77.767
102200 77.2941 77.7666
102300 77.4 77.7662
102400 78.6452 77.7671
102500 78.3317 77.7676
102600 78.1734 77.768
102700 77.8407 77.7681
102800 78.7384 77.769
102900 79.1727 77.7704
103000 78.4183 77.771
103100 78.4231 77.7717
103200 78.9136 77.7728
103300 79.3304 77.7743
103400 78.5044 77.775
103500 78.2018 77.7754
103600 79.0033 77.7766
103700 79.1918 77.7779
103800 79.0611 77.7792
103900 78.3536 77.7797
104000 78.3652 77.7803
104100 78.528 77.781
104200 78.3211 77.7815
104300 78.4194 77.7821
104400 78.4868 77.7828
104500 79.0609 77.784
104600 78.7694 77.785
104700 79.6004 77.7867
104800 79.2229 77.7881
104900 79.0413 77.7893
105000 78.4119 77.7899
105100 78.9154 77.7909
105200 79.2568 77.7923
105300 79.7739 77.7942
105400 80.2363 77.7965
105500 79.6732 77.7983
105600 79.6543 77.8001
105700 79.7231 77.8019
105800 79.8738 77.8038
105900 79.8815 77.8058
106000 79.3734 77.8073
106100 80.2497 77.8096
106200 79.5066 77.8112
106300 79.3568 77.8126
106400 79.045 77.8138
106500 79.4723 77.8154
106600 79.7184 77.8171
106700 79.816 77.819
106800 79.5029 77.8206
106900 79.5986 77.8223
107000 79.118 77.8235
107100 78.7264 77.8243
107200 77.9674 77.8244
107300 78.1899 77.8248
107400 78.5316 77.8254
107500 78.3048 77.8259
107600 78.0755 77.8261
107700 77.9836 77.8263
107800 77.8378 77.8263
107900 78.244 77.8267
108000 78.9241 77.8277
108100 79.2474 77.829
108200 78.5151 77.8296
108300 78.4252 77.8302
108400 78.3007 77.8306
108500 77.3501 77.8302
108600 77.9354 77.8303
108700 77.5512 77.83
108800 77.9327 77.8301
108900 77.8685 77.8301
109000 77.9793 77.8303
109100 78.292 77.8307
109200 78.0571 77.8309
109300 77.9014 77.831
109400 78.6918 77.8318
109500 77.9365 77.8319
109600 78.1134 77.8321
109700 78.5417 77.8328
109800 78.7644 77.8336
109900 79.014 77.8347
110000 78.0974 77.8349
110100 78.0731 77.8351
110200 78.8786 77.8361
110300 78.8123 77.837
110400 79.0924 77.8381
110500 78.6827 77.8389
110600 78.3472 77.8393
110700 78.284 77.8397
110800 78.7662 77.8406
110900 78.6835 77.8413
111000 79.1017 77.8425
111100 78.5276 77.8431
111200 78.8853 77.844
111300 79.047 77.8451
111400 79.0611 77.8462
111500 78.5255 77.8468
111600 78.2486 77.8472
111700 77.4443 77.8468
111800 77.5002 77.8465
111900 77.4206 77.8461
112000 77.7112 77.846
112100 76.6275 77.8449
112200 77.7089 77.8448
112300 77.7804 77.8447
112400 78.2959 77.8451
112500 78.4112 77.8456
112600 78.671 77.8464
112700 78.1216 77.8466
112800 78.836 77.8475
112900 78.3761 77.8479
113000 77.6108 77.8477
113100 77.7858 77.8477
113200 78.1596 77.848
113300 76.8881 77.8471
113400 77.0618 77.8464
113500 77.2557 77.8459
113600 77.3886 77.8455
113700 76.8208 77.8446
113800 76.6935 77.8436
113900 76.7919 77.8427
114000 76.9257 77.8419
114100 77.0407 77.8412
114200 76.8202 77.8403
114300 76.5095 77.8391
114400 75.8089 77.8373
114500 76.3821 77.836
114600 77.1233 77.8354
114700 77.0779 77.8348
114800 77.0294 77.8341
114900 77.1647 77.8335
115000 77.5379 77.8332
115100 78.5916 77.8339
115200 78.7305 77.8347
115300 78.3687 77.8351
115400 78.4979 77.8357
115500 78.3962 77.8362
115600 78.1675 77.8365
115700 77.4297 77.8361
115800 76.8003 77.8352
115900 77.023 77.8345
116000 76.7999 77.8336
116100 77.4265 77.8333
116200 76.8513 77.8324
116300 77.2201 77.8319
116400 77.0037 77.8312
116500 77.584 77.831
116600 76.9645 77.8302
116700 77.5291 77.83
116800 76.6982 77.829
116900 76.9676 77.8283
117000 76.7669 77.8274
117100 77.5706 77.8272
117200 77.9256 77.8272
117300 78.7482 77.828
117400 78.8245 77.8289
117500 78.5642 77.8295
117600 78.3984 77.83
117700 78.3905 77.8305
117800 78.0288 77.8306
117900 78.3482 77.8311
118000 77.6124 77.8309
118100 79.0323 77.8319
118200 78.9766 77.8329
118300 78.4503 77.8334
118400 78.9805 77.8344
118500 79.1274 77.8354
118600 78.8854 77.8363
118700 78.7452 77.8371
118800 78.8988 77.838
118900 78.9927 77.839
119000 78.7112 77.8397
119100 77.7248 77.8396
119200 79.2088 77.8407
119300 78.1015 77.841
119400 78.5345 77.8415
119500 78.6613 77.8422
119600 79.2638 77.8434
119700 80.0255 77.8452
119800 79.2971 77.8465
119900 79.2832 77.8477
120000 79.986 77.8494
120100 79.576 77.8509
120200 79.6739 77.8524
120300 79.1577 77.8535
120400 79.0545 77.8545
120500 79.295 77.8557
120600 79.2506 77.8568
120700 79.4272 77.8581
120800 79.0401 77.8591
120900 78.375 77.8595
121000 78.3112 77.8599
121100 79.7582 77.8615
121200 80.3067 77.8635
121300 79.7005 77.865
121400 79.3296 77.8662
121500 79.4199 77.8675
121600 78.8372 77.8683
121700 78.9762 77.8692
121800 78.3599 77.8696
121900 78.2811 77.8699
122000 76.9897 77.8692
122100 77.6358 77.869
122200 77.6893 77.8689
122300 76.9968 77.8682
122400 77.1278 77.8676
122500 78.0181 77.8677
122600 78.5664 77.8683
122700 78.848 77.8691
122800 78.8335 77.8698
122900 78.7391 77.8705
123000 77.864 77.8705
123100 78.1384 77.8708
123200 77.9099 77.8708
123300 77.8238 77.8708
123400 78.2774 77.8711
123500 78.4658 77.8716
123600 78.1902 77.8718
123700 78.6019 77.8724
123800 77.6061 77.8722
123900 78.0195 77.8723
124000 77.8821 77.8723
124100 78.2379 77.8726
124200 78.6141 77.8732
124300 78.348 77.8736
124400 78.1023 77.8738
124500 78.809 77.8745
124600 77.3627 77.8741
124700 77.6204 77.8739
124800 77.3247 77.8735
124900 78.116 77.8737
125000 77.5652 77.8734
125100 78.0351 77.8736
125200 77.8837 77.8736
125300 78.0806 77.8737
125400 76.6927 77.8728
125500 77.0739 77.8721
125600 77.3495 77.8717
125700 77.497 77.8714
125800 76.8956 77.8707
125900 77.0645 77.87
126000 77.6254 77.8698
126100 77.7207 77.8697
126200 78.538 77.8702
126300 77.9431 77.8703
126400 78.4556 77.8708
126500 78.102 77.8709
126600 78.6537 77.8716
126700 78.3712 77.872
126800 78.8115 77.8727
126900 79.4623 77.8739
127000 79.391 77.8751
127100 79.7443 77.8766
127200 79.57 77.8779
127300 79.8407 77.8795
127400 79.0004 77.8804
127500 79.4324 77.8816
127600 78.9992 77.8825
127700 78.4737 77.8829
127800 79.2489 77.884
127900 78.8749 77.8848
128000 78.9986 77.8856
128100 79.2975 77.8867
128200 80.0724 77.8884
128300 79.744 77.8899
128400 79.3879 77.8911
128500 78.7882 77.8918
128600 78.2928 77.8921
128700 78.6002 77.8926
128800 79.0735 77.8935
128900 78.9183 77.8943
129000 78.5924 77.8949
129100 77.9802 77.8949
129200 77.8296 77.8949
129300 77.4908 77.8946
129400 76.6193 77.8936
129500 76.2271 77.8923
129600 76.9875 77.8916
129700 76.0316 77.8902
129800 76.4042 77.889
129900 76.9757 77.8883
130000 76.664 77.8874
130100 76.5337 77.8863
130200 76.4548 77.8852
130300 76.4834 77.8842
130400 76.0029 77.8827
130500 75.9002 77.8812
130600 76.4114 77.8801
130700 76.3724 77.8789
130800 77.0525 77.8783
130900 76.9154 77.8776
131000 77.5701 77.8773
131100 77.6178 77.8771
131200 77.0977 77.8765
131300 77.3279 77.8761
131400 77.6045 77.8759
131500 77.8624 77.8759
131600 76.5325 77.8749
131700 77.4889 77.8746
131800 77.3588 77.8742
131900 77.4126 77.8738
132000 76.9417 77.8731
132100 76.8135 77.8723
132200 76.5747 77.8713
132300 76.6344 77.8704
132400 76.2801 77.8692
132500 76.9916 77.8685
132600 77.2652 77.8681
132700 77.2777 77.8676
132800 76.9448 77.867
132900 77.8637 77.8669
133000 77.1466 77.8664
133100 76.3858 77.8653
133200 77.1366 77.8647
133300 77.3299 77.8643
133400 77.8795 77.8644
133500 77.614 77.8642
133600 78.0836 77.8643
133700 77.7638 77.8643
133800 78.1608 77.8645
133900 77.908 77.8645
134000 77.6602 77.8644
134100 77.2741 77.8639
134200 77.6825 77.8638
134300 77.6775 77.8636
134400 78.0624 77.8638
134500 77.9805 77.8639
134600 78.0636 77.864
134700 77.9293 77.8641
134800 78.0359 77.8642
134900 78.0477 77.8643
135000 77.2264 77.8639
135100 79.0854 77.8648
135200 78.5397 77.8653
135300 78.5258 77.8658
135400 78.2307 77.866
135500 78.8403 77.8667
135600 79.1628 77.8677
135700 78.3008 77.868
135800 77.0203 77.8674
135900 77.7473 77.8673
136000 77.7518 77.8672
136100 78.6026 77.8678
136200 78.0456 77.8679
136300 77.3627 77.8675
136400 77.5355 77.8673
136500 77.5357 77.867
136600 77.2362 77.8666
136700 76.9288 77.8659
136800 77.2566 77.8654
136900 77.0751 77.8649
137000 77.807 77.8648
137100 77.7088 77.8647
137200 77.9688 77.8648
137300 77.8734 77.8648
137400 77.1572 77.8643
137500 77.7328 77.8642
137600 76.8638 77.8635
137700 76.3032 77.8623
137800 76.9204 77.8616
137900 76.4706 77.8606
138000 76.5617 77.8597
138100 76.9081 77.859
138200 77.5003 77.8587
138300 77.1213 77.8582
138400 77.4293 77.8579
138500 77.5181 77.8577
138600 78.2224 77.8579
138700 77.48 77.8576
138800 76.9278 77.857
138900 77.436 77.8567
139000 77.7902 77.8566
139100 77.8215 77.8566
139200 77.3302 77.8562
139300 78.0518 77.8564
139400 77.9489 77.8564
139500 77.789 77.8564
139600 78.0168 77.8565
139700 77.8737 77.8565
139800 78.386 77.8569
139900 77.6212 77.8567
140000 78.0395 77.8568
140100 78.0765 77.857
140200 77.992 77.8571
140300 79.2803 77.8581
140400 78.3052 77.8584
140500 78.2491 77.8587
140600 78.1531 77.8589
140700 78.352 77.8593
140800 78.4897 77.8597
140900 79.3864 77.8608
141000 79.3216 77.8618
141100 78.8949 77.8626
141200 79.8662 77.864
141300 79.5313 77.8652
141400 79.3028 77.8662
141500 79.1864 77.8671
141600 79.1308 77.868
141700 78.4366 77.8684
141800 78.2851 77.8687
141900 78.1587 77.8689
142000 77.3618 77.8686
142100 77.9189 77.8686
142200 77.7337 77.8685
142300 77.7369 77.8684
142400 77.0346 77.8678
142500 78.0895 77.868
142600 78.2072 77.8682
142700 78.3873 77.8686
142800 78.1148 77.8687
142900 77.4037 77.8684
143000 78.0307 77.8685
143100 78.8357 77.8692
143200 78.9612 77.87
143300 78.9535 77.8707
143400 78.8606 77.8714
143500 78.202 77.8716
143600 78.0209 77.8718
143700 79.4079 77.8728
143800 79.2375 77.8738
143900 77.7008 77.8737
144000 77.928 77.8737
144100 77.3257 77.8733
144200 77.6741 77.8732
144300 77.7094 77.8731
144400 77.9199 77.8731
144500 77.7127 77.873
144600 77.8149 77.8729
144700 78.6305 77.8735
144800 79.1452 77.8743
144900 79.339 77.8754
145000 79.0482 77.8762
145100 78.8781 77.8769
145200 79.5729 77.878
145300 79.2482 77.879
145400 79.4276 77.88
145500 79.5929 77.8812
145600 78.8791 77.8819
145700 79.273 77.8828
145800 79.7926 77.8842
145900 79.9079 77.8855
146000 79.4306 77.8866
146100 79.5853 77.8878
146200 78.8297 77.8884
146300 78.1331 77.8886
146400 78.1139 77.8887
146500 78.4146 77.8891
146600 79.048 77.8899
146700 78.7554 77.8905
146800 78.9567 77.8912
146900 78.3125 77.8915
147000 77.9994 77.8916
147100 78.0781 77.8917
147200 77.2891 77.8913
147300 77.6171 77.8911
147400 77.093 77.8905
147500 77.1251 77.89
147600 77.2566 77.8896
147700 77.7188 77.8895
147800 77.8647 77.8895
147900 77.2726 77.889
148000 76.6957 77.8882
148100 77.3258 77.8879
148200 76.9425 77.8872
148300 76.6996 77.8864
148400 76.762 77.8857
148500 77.5846 77.8855
148600 78.1435 77.8856
148700 77.7217 77.8855
148800 77.5381 77.8853
148900 77.5135 77.885
149000 77.5566 77.8848
149100 77.9465 77.8849
149200 77.8804 77.8849
149300 77.961 77.8849
149400 78.2584 77.8852
149500 78.266 77.8854
149600 77.3305 77.885
149700 76.7436 77.8843
149800 77.1361 77.8838
149900 77.8442 77.8838
150000 77.7199 77.8836
150100 76.655 77.8828
150200 76.7495 77.8821
150300 77.3441 77.8817
150400 77.5741 77.8815
150500 77.4093 77.8812
150600 77.0274 77.8806
150700 78.0373 77.8807
150800 77.8549 77.8807
150900 77.6739 77.8806
151000 78.444 77.881
151100 78.3788 77.8813
151200 77.8432 77.8813
151300 78.1616 77.8814
151400 78.034 77.8815
151500 78.0702 77.8817
151600 77.5528 77.8815
151700 76.6078 77.8806
151800 76.3461 77.8796
151900 76.5174 77.8787
152000 77.2656 77.8783
152100 77.4119 77.878
152200 77.6068 77.8778
152300 76.6192 77.877
152400 76.6628 77.8762
152500 76.9078 77.8756
152600 76.8552 77.8749
152700 77.14 77.8744
152800 77.9475 77.8745
152900 78.0521 77.8746
153000 77.3833 77.8742
153100 78.1069 77.8744
153200 77.704 77.8743
153300 78.3474 77.8746
153400 78.9983 77.8753
153500 78.2086 77.8755
153600 78.6925 77.8761
153700 78.2707 77.8763
153800 79.2636 77.8772
153900 78.7881 77.8778
154000 78.9062 77.8785
154100 78.7825 77.8791
154200 79.4928 77.8801
154300 79.5579 77.8812
154400 79.6757 77.8824
154500 79.0221 77.8831
154600 78.8847 77.8838
154700 79.5137 77.8848
154800 79.8146 77.8861
154900 79.1723 77.8869
155000 78.8194 77.8875
155100 78.5935 77.888
155200 79.4497 77.889
155300 79.3885 77.8899
155400 79.3089 77.8908
155500 79.2844 77.8917
155600 79.5226 77.8928
155700 78.0224 77.8929
155800 78.1248 77.893
155900 79.1523 77.8938
156000 78.4401 77.8942
156100 78.5237 77.8946
156200 78.7279 77.8951
156300 78.333 77.8954
156400 77.9801 77.8954
156500 77.448 77.8952
156600 77.8523 77.8951
156700 78.6865 77.8956
156800 78.4631 77.896
156900 77.804 77.8959
157000 77.9371 77.896
157100 78.9005 77.8966
157200 79.0161 77.8973
157300 78.833 77.8979
157400 78.3621 77.8982
157500 79.407 77.8992
157600 79.037 77.8999
157700 78.8011 77.9005
157800 78.8464 77.9011
157900 78.8981 77.9017
158000 78.6109 77.9021
158100 78.5916 77.9026
158200 79.0621 77.9033
158300 78.6452 77.9038
158400 78.199 77.904
158500 78.9274 77.9046
158600 78.172 77.9048
158700 78.9572 77.9054
158800 78.9256 77.9061
158900 78.37 77.9064
159000 79.4821 77.9074
159100 78.8918 77.908
159200 78.4709 77.9083
159300 78.5339 77.9087
159400 78.4787 77.9091
159500 78.9342 77.9097
159600 78.1582 77.9099
159700 78.1867 77.9101
159800 77.7392 77.91
159900 77.6308 77.9098
160000 78.6163 77.9102
160100 78.253 77.9104
160200 77.3694 77.9101
160300 77.4214 77.9098
160400 77.5449 77.9096
160500 77.9975 77.9096
160600 78.6922 77.9101
160700 77.5321 77.9099
160800 78.9812 77.9105
160900 78.8895 77.9111
161000 78.8033 77.9117
161100 77.6724 77.9116
161200 78.8226 77.9121
161300 78.767 77.9126
161400 78.5562 77.913
161500 78.2714 77.9133
161600 78.0889 77.9134
161700 77.8243 77.9133
161800 77.9734 77.9134
161900 77.3151 77.913
162000 77.4416 77.9127
162100 77.8701 77.9127
162200 77.3697 77.9123
162300 77.384 77.912
162400 77.2324 77.9116
162500 77.668 77.9114
162600 77.4085 77.9111
162700 77.2606 77.9107
162800 77.1056 77.9102
162900 76.5087 77.9094
163000 76.7212 77.9086
163100 77.1675 77.9082
163200 77.0247 77.9077
163300 77.0858 77.9071
163400 77.1493 77.9067
163500 77.3263 77.9063
163600 77.2814 77.9059
163700 77.7997 77.9059
163800 77.1802 77.9054
163900 76.8637 77.9048
164000 76.3698 77.9039
164100 76.6915 77.9031
164200 77.4865 77.9029
164300 77.6336 77.9027
164400 77.3133 77.9024
164500 77.1703 77.9019
164600 78.7204 77.9024
164700 78.7368 77.9029
164800 78.9129 77.9035
164900 79.7997 77.9047
165000 79.0818 77.9054
165100 79.5056 77.9064
165200 79.8876 77.9076
165300 79.3684 77.9084
165400 79.2605 77.9093
165500 78.9942 77.9099
165600 79.241 77.9107
165700 79.1206 77.9114
165800 77.8815 77.9114
165900 78.5453 77.9118
166000 78.9542 77.9124
166100 79.2251 77.9132
166200 80.0593 77.9145
166300 79.3637 77.9154
166400 79.3675 77.9163
166500 78.9529 77.9169
166600 78.4221 77.9172
166700 77.5889 77.917
166800 77.5079 77.9168
166900 77.2407 77.9163
167000 78.3846 77.9166
167100 78.46 77.917
167200 77.6673 77.9168
167300 76.8457 77.9162
167400 78.0625 77.9162
167500 77.8682 77.9162
167600 78.8547 77.9168
167700 78.8295 77.9173
167800 78.4204 77.9176
167900 78.4364 77.9179
168000 77.5494 77.9177
168100 78.4638 77.918
168200 78.8129 77.9186
168300 78.389 77.9188
168400 78.977 77.9195
168500 78.9523 77.9201
168600 77.3121 77.9197
168700 77.8999 77.9197
168800 78.0494 77.9198
168900 78.056 77.9199
169000 78.7605 77.9204
169100 77.9699 77.9204
169200 77.6783 77.9203
169300 77.817 77.9202
169400 77.8775 77.9202
169500 77.8639 77.9201
169600 77.9109 77.9201
169700 77.934 77.9201
169800 78.281 77.9204
169900 78.8431 77.9209
170000 77.8678 77.9209
170100 78.6334 77.9213
170200 78.8325 77.9218
170300 78.576 77.9222
170400 78.8436 77.9227
170500 78.6207 77.9232
170600 78.6524 77.9236
170700 78.2165 77.9238
170800 78.2237 77.9239
170900 78.4006 77.9242
171000 78.3574 77.9245
171100 77.473 77.9242
171200 77.453 77.9239
171300 77.7882 77.9238
171400 77.9547 77.9239
171500 78.5401 77.9242
171600 78.2524 77.9244
171700 77.6731 77.9243
171800 77.8751 77.9242
171900 77.2289 77.9238
172000 77.7696 77.9237
172100 77.6351 77.9236
172200 76.9912 77.923
172300 77.7242 77.9229
172400 78.2286 77.9231
172500 77.8877 77.9231
172600 77.9646 77.9231
172700 77.5326 77.9229
172800 77.7696 77.9228
172900 76.9949 77.9222
173000 77.8206 77.9222
173100 77.9661 77.9222
173200 78.2958 77.9224
173300 78.3258 77.9227
173400 77.8639 77.9226
173500 77.9973 77.9227
173600 77.6875 77.9225
173700 78.0027 77.9226
173800 77.7357 77.9225
173900 78.065 77.9226
174000 77.5641 77.9224
174100 77.3559 77.922
174200 76.7953 77.9214
174300 77.634 77.9212
174400 77.9567 77.9212
174500 77.8725 77.9212
174600 78.4852 77.9215
174700 77.6328 77.9214
174800 78.17 77.9215
174900 77.9311 77.9215
175000 77.8342 77.9215
175100 78.4537 77.9218
175200 78.2815 77.922
175300 78.7838 77.9225
175400 77.9359 77.9225
175500 78.2945 77.9227
175600 78.0517 77.9228
175700 77.2621 77.9224
175800 77.7329 77.9223
175900 78.2877 77.9225
176000 77.6329 77.9223
176100 78.4595 77.9226
176200 78.7964 77.9231
176300 78.6807 77.9235
176400 78.5532 77.9239
176500 79.0659 77.9246
176600 78.5083 77.9249
176700 77.8426 77.9248
176800 78.1068 77.9249
176900 77.7619 77.9248
177000 77.8114 77.9248
177100 77.0046 77.9243
177200 77.8977 77.9242
177300 78.9689 77.9248
177400 78.8122 77.9253
177500 78.6787 77.9258
177600 78.0864 77.9259
177700 78.3286 77.9261
177800 78.2237 77.9262
177900 78.1883 77.9264
178000 77.5485 77.9262
178100 77.5114 77.9259
178200 78.3578 77.9262
178300 78.0889 77.9263
178400 78.5188 77.9266
178500 78.157 77.9267
178600 78.0269 77.9268
178700 78.7901 77.9273
178800 78.5355 77.9276
178900 78.5036 77.9279
179000 78.6361 77.9283
179100 79.2551 77.9291
179200 78.6193 77.9295
179300 78.9319 77.93
179400 78.7192 77.9305
179500 78.4333 77.9307
179600 78.9187 77.9313
179700 78.7904 77.9318
179800 78.5689 77.9321
179900 78.6309 77.9325
180000 77.6532 77.9324
180100 77.8038 77.9323
180200 78.0547 77.9324
180300 77.5566 77.9321
180400 77.441 77.9319
180500 77.9588 77.9319
180600 78.3208 77.9321
180700 78.503 77.9324
180800 78.3689 77.9327
180900 78.2 77.9328
181000 78.6718 77.9332
181100 78.9785 77.9338
181200 78.7563 77.9343
181300 78.4629 77.9345
181400 78.8318 77.935
181500 79.1291 77.9357
181600 78.7356 77.9361
181700 78.7953 77.9366
181800 78.119 77.9367
181900 78.3397 77.9369
182000 78.3394 77.9372
182100 78.65 77.9375
182200 79.0092 77.9381
182300 78.629 77.9385
182400 77.9076 77.9385
182500 77.3719 77.9382
182600 77.7665 77.9381
182700 76.5453 77.9373
182800 77.6091 77.9371
182900 77.2013 77.9367
183000 77.357 77.9364
183100 77.1446 77.936
183200 76.6017 77.9353
183300 77.1757 77.9349
183400 77.027 77.9344
183500 76.8591 77.9338
183600 77.7115 77.9337
183700 77.1365 77.9332
183800 78.1744 77.9333
183900 77.7647 77.9333
184000 77.8921 77.9332
184100 78.0158 77.9333
184200 76.9588 77.9327
184300 76.9874 77.9322
184400 76.8981 77.9317
184500 76.3055 77.9308
184600 76.4547 77.93
184700 76.8323 77.9294
184800 76.7835 77.9288
184900 76.8811 77.9282
185000 76.9282 77.9277
185100 77.7565 77.9276
185200 77.3295 77.9273
185300 78.1654 77.9274
185400 78.0654 77.9275
185500 78.2255 77.9276
185600 77.9738 77.9276
185700 77.3935 77.9274
185800 77.205 77.927
185900 76.829 77.9264
186000 76.762 77.9258
186100 77.1098 77.9253
186200 77.7838 77.9252
186300 77.8324 77.9252
186400 78.0639 77.9253
186500 77.4961 77.925
186600 78.4136 77.9253
186700 78.1844 77.9254
186800 78.3354 77.9257
186900 77.7498 77.9256
187000 77.5823 77.9254
187100 77.0254 77.9249
187200 77.6585 77.9248
187300 78.1443 77.9249
187400 77.826 77.9248
187500 77.7876 77.9247
187600 78.0893 77.9248
187700 78.1291 77.9249
187800 78.1491 77.9251
187900 77.9525 77.9251
188000 78.1473 77.9252
188100 77.9582 77.9252
188200 78.8726 77.9257
188300 78.666 77.9261
188400 78.1142 77.9262
188500 77.5355 77.926
188600 77.4833 77.9258
188700 77.6769 77.9256
188800 78.1436 77.9257
188900 78.8651 77.9262
189000 78.8732 77.9267
189100 78.9195 77.9273
189200 78.0524 77.9273
189300 78.8869 77.9278
189400 78.6932 77.9282
189500 78.632 77.9286
189600 78.7285 77.929
189700 78.7721 77.9295
189800 78.1519 77.9296
189900 77.6579 77.9295
190000 78.2521 77.9296
190100 78.2386 77.9298
190200 78.7256 77.9302
190300 78.0881 77.9303
190400 77.7481 77.9302
190500 77.7946 77.9301
190600 78.3125 77.9303
190700 77.7918 77.9303
190800 77.6809 77.9301
190900 77.9232 77.9301
191000 78.9877 77.9307
191100 79.8384 77.9317
191200 78.9206 77.9322
191300 79.0572 77.9328
191400 79.1687 77.9334
191500 78.5712 77.9338
191600 79.3537 77.9345
191700 78.6828 77.9349
191800 78.8031 77.9353
191900 78.2908 77.9355
192000 78.1702 77.9356
192100 77.6111 77.9355
192200 78.4962 77.9358
192300 77.7822 77.9357
192400 77.3395 77.9354
192500 78.0046 77.9354
192600 77.0496 77.935
192700 77.5785 77.9348
192800 77.6484 77.9346
192900 77.632 77.9345
193000 77.718 77.9344
193100 78.3766 77.9346
193200 78.2127 77.9347
193300 77.745 77.9346
193400 77.1365 77.9342
193500 77.8529 77.9342
193600 77.1181 77.9338
193700 77.4369 77.9335
193800 77.6324 77.9333
193900 77.5202 77.9331
194000 78.1036 77.9332
194100 78.0235 77.9333
194200 78.7271 77.9337
194300 78.6211 77.934
194400 78.1574 77.9341
194500 78.6448 77.9345
194600 78.5659 77.9348
194700 78.1328 77.9349
194800 77.8033 77.9349
194900 78.0565 77.9349
195000 78.1589 77.935
195100 77.1898 77.9347
195200 77.4195 77.9344
195300 77.6809 77.9343
195400 77.1892 77.9339
195500 76.4779 77.9331
195600 76.4548 77.9324
195700 76.8633 77.9318
195800 77.1147 77.9314
195900 76.6903 77.9308
196000 77.3434 77.9305
196100 77.5548 77.9303
196200 77.5151 77.9301
196300 77.1135 77.9297
196400 76.9499 77.9292
196500 76.4887 77.9284
196600 76.1628 77.9275
196700 76.982 77.9271
196800 77.5822 77.9269
196900 78.4338 77.9271
197000 78.503 77.9274
197100 78.8607 77.9279
197200 78.5128 77.9282
197300 79.0888 77.9288
197400 79.2234 77.9294
197500 79.1131 77.93
197600 78.5324 77.9304
197700 78.1342 77.9305
197800 78.7704 77.9309
197900 78.3598 77.9311
198000 77.3125 77.9308
198100 77.2629 77.9304
198200 77.3713 77.9302
198300 77.5019 77.9299
198400 77.4522 77.9297
198500 77.4328 77.9295
198600 77.9 77.9294
198700 78.9652 77.93
198800 79.1877 77.9306
198900 77.5266 77.9304
199000 77.4055 77.9301
199100 76.9865 77.9297
199200 76.4213 77.9289
199300 76.9484 77.9284
199400 77.0943 77.928
199500 76.9722 77.9275
199600 76.9862 77.927
199700 77.7226 77.9269
199800 77.9805 77.927
199900 77.7725 77.9269
200000 77.1068 77.9265
200100 77.7596 77.9264
200200 77.6787 77.9263
200300 77.7114 77.9262
200400 77.1929 77.9258
200500 79.0005 77.9263
200600 78.8696 77.9268
200700 78.5302 77.9271
200800 77.6592 77.927
200900 78.0832 77.927
201000 77.4227 77.9268
201100 77.2266 77.9264
201200 77.3811 77.9262
201300 77.5803 77.926
201400 78.3461 77.9262
201500 78.7321 77.9266
201600 78.4228 77.9269
201700 78.6288 77.9272
201800 78.3908 77.9274
201900 78.6488 77.9278
202000 78.1363 77.9279
202100 78.3232 77.9281
202200 79.3015 77.9288
202300 79.5093 77.9296
202400 78.4354 77.9298
202500 77.4975 77.9296
202600 77.5117 77.9294
202700 77.3628 77.9291
202800 77.5093 77.9289
202900 76.8455 77.9284
203000 77.6419 77.9282
203100 78.0813 77.9283
203200 78.1465 77.9284
203300 78.2293 77.9286
203400 78.6277 77.9289
203500 78.9677 77.9294
203600 78.3305 77.9296
203700 78.9576 77.9301
203800 78.6832 77.9305
203900 78.5462 77.9308
204000 79.2611 77.9314
204100 79.1952 77.932
204200 78.9572 77.9326
204300 79.7217 77.9334
204400 79.3645 77.9341
204500 78.3451 77.9343
204600 78.4555 77.9346
204700 78.371 77.9348
204800 78.0119 77.9348
204900 78.2384 77.935
205000 78.7168 77.9354
205100 79.1036 77.9359
205200 78.799 77.9364
205300 78.0598 77.9364
205400 78.0217 77.9365
205500 78.5925 77.9368
205600 77.9866 77.9368
205700 78.5289 77.9371
205800 78.1636 77.9372
205900 78.4368 77.9374
206000 78.1181 77.9375
206100 77.9509 77.9375
206200 79.2938 77.9382
206300 79.5866 77.939
206400 78.9228 77.9395
206500 79.2546 77.9401
206600 79.5582 77.9409
206700 79.5559 77.9417
206800 80.1282 77.9427
206900 78.8902 77.9432
207000 79.8422 77.9441
207100 79.4843 77.9448
207200 80.0926 77.9459
207300 80.0318 77.9469
207400 79.1237 77.9475
207500 79.363 77.9481
207600 78.673 77.9485
207700 79.948 77.9494
207800 79.5027 77.9502
207900 79.0258 77.9507
208000 78.5071 77.951
208100 78.9205 77.9514
208200 79.1368 77.952
208300 79.1046 77.9526
208400 79.0128 77.9531
208500 78.3425 77.9533
208600 78.1034 77.9533
208700 78.2071 77.9535
208800 78.3115 77.9536
208900 78.5279 77.9539
209000 79.2965 77.9545
209100 79.2849 77.9552
209200 78.9616 77.9557
209300 79.6427 77.9565
209400 78.8098 77.9569
209500 78.7719 77.9573
209600 78.6104 77.9576
209700 78.2719 77.9577
209800 78.5944 77.958
209900 79.739 77.9589
210000 79.1982 77.9595
210100 78.1771 77.9596
210200 78.7304 77.9599
210300 78.5063 77.9602
210400 78.8395 77.9606
210500 79.1034 77.9612
210600 79.4063 77.9618
210700 78.7497 77.9622
210800 78.967 77.9627
210900 78.4186 77.9629
211000 78.3436 77.9631
211100 78.5548 77.9634
211200 78.0886 77.9634
211300 77.6231 77.9633
211400 76.9328 77.9628
211500 76.865 77.9623
211600 76.7668 77.9617
211700 77.6489 77.9616
211800 78.0703 77.9616
211900 78.3848 77.9618
212000 78.654 77.9621
212100 78.3108 77.9623
212200 78.3349 77.9625
212300 78.1861 77.9626
212400 78.2888 77.9627
212500 77.0987 77.9623
212600 77.4704 77.9621
212700 77.7689 77.962
212800 77.3837 77.9617
212900 77.4664 77.9615
213000 77.461 77.9613
213100 78.1042 77.9613
213200 77.6424 77.9612
213300 77.0055 77.9607
213400 76.5253 77.9601
213500 76.8991 77.9596
213600 77.9599 77.9596
213700 77.1964 77.9592
213800 77.5799 77.959
213900 77.5246 77.9588
214000 76.8646 77.9583
214100 76.6005 77.9577
214200 77.6031 77.9575
214300 77.6411 77.9574
214400 77.8356 77.9573
214500 78.1855 77.9574
214600 78.3105 77.9576
214700 77.9806 77.9576
214800 77.8433 77.9575
214900 76.9617 77.9571
215000 77.5819 77.9569
215100 77.8956 77.9569
215200 78.188 77.957
215300 77.8613 77.9569
215400 77.987 77.9569
215500 77.0965 77.9565
215600 77.6752 77.9564
215700 77.6196 77.9563
215800 77.5815 77.9561
215900 78.1817 77.9562
216000 77.932 77.9562
216100 77.5281 77.956
216200 77.7779 77.9559
216300 77.6271 77.9557
216400 77.6288 77.9556
216500 77.3833 77.9553
216600 77.2218 77.955
216700 77.69 77.9549
216800 77.1341 77.9545
216900 77.8879 77.9545
217000 77.9474 77.9545
217100 77.961 77.9545
217200 76.799 77.9539
217300 78.1629 77.954
217400 78.0697 77.9541
217500 77.7413 77.954
217600 78.2491 77.9541
217700 77.8866 77.9541
217800 78.7737 77.9545
217900 79.5008 77.9552
218000 78.177 77.9553
218100 78.1372 77.9554
218200 77.4855 77.9551
218300 77.8914 77.9551
218400 77.2421 77.9548
218500 78.0733 77.9548
218600 77.1235 77.9545
218700 77.4075 77.9542
218800 77.0667 77.9538
218900 77.3621 77.9535
219000 77.3373 77.9533
219100 77.5503 77.9531
219200 77.7303 77.953
219300 77.5666 77.9528
219400 77.5268 77.9526
219500 77.1308 77.9522
219600 78.1687 77.9523
219700 77.887 77.9523
219800 78.0415 77.9523
219900 78.1199 77.9524
220000 77.9171 77.9524
220100 76.9158 77.9519
220200 77.6114 77.9518
220300 77.0304 77.9514
220400 77.4248 77.9511
220500 76.9547 77.9507
220600 76.8187 77.9501
220700 77.4051 77.9499
220800 77.0571 77.9495
220900 76.9416 77.949
221000 77.4769 77.9488
221100 77.8931 77.9488
221200 77.9335 77.9488
221300 77.1577 77.9484
221400 77.8728 77.9484
221500 78.2974 77.9486
221600 77.2081 77.9482
221700 77.5975 77.9481
221800 77.6992 77.948
221900 76.9658 77.9475
222000 77.6702 77.9474
222100 77.4069 77.9471
222200 77.8691 77.9471
222300 77.1675 77.9468
222400 77.0965 77.9464
222500 76.8497 77.9459
222600 76.3488 77.9452
222700 76.1922 77.9444
222800 76.7333 77.9438
222900 76.8936 77.9434
223000 77.1317 77.943
223100 78.4953 77.9432
223200 78.2743 77.9434
223300 78.3854 77.9436
223400 77.5611 77.9434
223500 77.6482 77.9433
223600 78.2424 77.9434
223700 78.3617 77.9436
223800 77.9151 77.9436
223900 78.8371 77.944
224000 78.6528 77.9443
224100 78.5236 77.9446
224200 78.1451 77.9447
224300 78.5653 77.9449
224400 78.678 77.9453
224500 78.1738 77.9454
224600 78.1073 77.9454
224700 78.3929 77.9456
224800 78.1918 77.9457
224900 78.6585 77.9461
225000 78.1886 77.9462
225100 78.7247 77.9465
225200 78.6153 77.9468
225300 77.8757 77.9468
225400 76.9649 77.9463
225500 77.2615 77.946
225600 77.1639 77.9457
225700 77.0563 77.9453
225800 76.5254 77.9447
225900 77.2307 77.9444
226000 76.9738 77.9439
226100 77.5625 77.9438
226200 77.0779 77.9434
226300 76.954 77.9429
226400 76.178 77.9422
226500 76.0431 77.9413
226600 76.4917 77.9407
226700 76.9914 77.9403
226800 77.0682 77.9399
226900 77.308 77.9396
227000 77.0362 77.9392
227100 77.4592 77.939
227200 77.3451 77.9387
227300 76.7969 77.9382
227400 76.6882 77.9377
227500 76.4514 77.937
227600 76.6086 77.9364
227700 77.3744 77.9362
227800 76.6278 77.9356
227900 77.6958 77.9355
228000 77.5478 77.9353
228100 77.9209 77.9353
228200 77.6644 77.9352
228300 77.2892 77.9349
228400 76.3328 77.9342
228500 76.7515 77.9337
228600 77.0826 77.9333
228700 77.0333 77.933
228800 76.8433 77.9325
228900 77.1189 77.9321
229000 76.7926 77.9316
229100 78.2004 77.9317
229200 77.9558 77.9317
229300 78.6189 77.932
229400 78.7637 77.9324
229500 78.111 77.9325
229600 78.8619 77.9329
229700 78.3158 77.9331
229800 77.8426 77.933
229900 77.9888 77.933
230000 78.5683 77.9333
230100 78.14 77.9334
230200 77.2827 77.9331
230300 77.697 77.933
230400 76.9381 77.9326
230500 77.3283 77.9323
230600 76.9382 77.9319
230700 77.5197 77.9317
230800 77.8514 77.9317
230900 78.1099 77.9318
231000 78.2868 77.9319
231100 78.8391 77.9323
231200 79.3783 77.9329
231300 78.2801 77.9331
231400 79.1021 77.9336
231500 79.5002 77.9343
231600 78.6386 77.9346
231700 78.2287 77.9347
231800 78.2795 77.9348
231900 78.4853 77.9351
232000 78.3811 77.9353
232100 77.6823 77.9352
232200 77.3882 77.9349
232300 78.0042 77.935
232400 77.6311 77.9348
232500 77.3892 77.9346
232600 76.7418 77.9341
232700 77.4563 77.9339
232800 77.4385 77.9337
232900 77.4697 77.9335
233000 77.8274 77.9334
233100 78.5762 77.9337
233200 78.837 77.9341
233300 78.1635 77.9342
233400 78.3876 77.9344
233500 78.3686 77.9346
233600 78.8888 77.935
233700 79.172 77.9355
233800 78.8855 77.9359
233900 78.5053 77.9362
234000 78.6844 77.9365
234100 78.1602 77.9366
234200 79.2766 77.9371
234300 80.1136 77.9381
234400 78.9612 77.9385
234500 79.4333 77.9391
234600 78.267 77.9393
234700 77.7872 77.9392
234800 77.2451 77.9389
234900 78.2238 77.939
235000 77.9192 77.939
235100 78.4338 77.9392
235200 78.9174 77.9397
235300 79.3149 77.9402
235400 79.1505 77.9408
235500 79.664 77.9415
235600 79.2976 77.9421
235700 78.9823 77.9425
235800 80.0857 77.9434
235900 78.6966 77.9437
236000 78.7036 77.9441
236100 78.4126 77.9443
236200 78.577 77.9445
236300 78.3089 77.9447
236400 78.1405 77.9448
236500 78.3797 77.9449
236600 77.8506 77.9449
236700 78.5712 77.9452
236800 78.6284 77.9455
236900 78.6504 77.9458
237000 78.1868 77.9459
237100 80.0678 77.9468
237200 79.7611 77.9475
237300 78.9645 77.9479
237400 79.3292 77.9485
237500 78.72 77.9489
237600 79.1187 77.9493
237700 79.2125 77.9499
237800 79.1636 77.9504
237900 78.3847 77.9506
238000 78.4567 77.9508
238100 78.402 77.951
238200 78.2149 77.9511
238300 77.9163 77.9511
238400 78.0229 77.9511
238500 78.3941 77.9513
238600 79.5931 77.952
238700 78.6555 77.9523
238800 80.0149 77.9531
238900 79.5612 77.9538
239000 79.578 77.9545
239100 79.6054 77.9552
239200 79.2931 77.9557
239300 79.6347 77.9564
239400 79.236 77.957
239500 79.2155 77.9575
239600 78.8094 77.9579
239700 77.7724 77.9578
239800 78.1775 77.9579
239900 77.961 77.9579
240000 77.1307 77.9575
240100 77.8097 77.9575
240200 77.2224 77.9572
240300 76.8718 77.9567
240400 76.9689 77.9563
240500 77.5644 77.9561
240600 78.016 77.9562
240700 77.88 77.9561
240800 78.7594 77.9565
240900 78.7171 77.9568
241000 78.6284 77.957
241100 78.7526 77.9574
241200 78.5805 77.9576
241300 78.4332 77.9578
241400 78.0964 77.9579
241500 78.8279 77.9583
241600 78.4833 77.9585
241700 78.0305 77.9585
241800 78.1451 77.9586
241900 78.2611 77.9587
242000 78.1469 77.9588
242100 78.0517 77.9588
242200 78.3882 77.959
242300 78.5061 77.9592
242400 77.7689 77.9591
242500 77.8917 77.9591
242600 77.898 77.9591
242700 78.6165 77.9594
242800 79.0738 77.9598
242900 78.798 77.9602
243000 79.6149 77.9608
243100 78.7992 77.9612
243200 78.3913 77.9614
243300 78.5463 77.9616
243400 78.2867 77.9617
243500 78.8755 77.9621
243600 79.3508 77.9627
243700 78.7533 77.963
243800 78.2826 77.9631
243900 77.5856 77.963
244000 77.6845 77.9629
244100 77.5003 77.9627
244200 78.0591 77.9627
244300 77.9754 77.9627
244400 77.9533 77.9627
244500 78.1471 77.9628
244600 78.5034 77.963
244700 78.3333 77.9632
244800 78.1864 77.9633
244900 77.691 77.9632
245000 78.1836 77.9632
245100 78.4459 77.9634
245200 78.272 77.9636
245300 78.5714 77.9638
245400 78.6121 77.9641
245500 78.0102 77.9641
245600 78.2329 77.9642
245700 78.1847 77.9643
245800 78.2378 77.9644
245900 78.4715 77.9646
246000 77.8931 77.9646
246100 78.049 77.9646
246200 78.2849 77.9647
246300 78.2208 77.9649
246400 78.7191 77.9652
246500 78.1079 77.9652
246600 77.351 77.965
246700 76.9578 77.9646
246800 77.6744 77.9644
246900 77.4405 77.9642
247000 76.1627 77.9635
247100 76.7216 77.963
247200 76.8057 77.9625
247300 76.6065 77.962
247400 76.7686 77.9615
247500 77.456 77.9613
247600 78.1858 77.9614
247700 78.0927 77.9614
247800 78.0097 77.9615
247900 78.5567 77.9617
248000 78.332 77.9618
248100 78.364 77.962
248200 78.5308 77.9622
248300 78.4504 77.9624
248400 78.2512 77.9626
248500 77.993 77.9626
248600 77.7 77.9625
248700 77.9032 77.9624
248800 78.738 77.9627
248900 78.9565 77.9631
249000 78.6226 77.9634
249100 78.8176 77.9638
249200 78.2449 77.9639
249300 78.6096 77.9641
249400 79.0092 77.9645
249500 79.1166 77.965
249600 79.5227 77.9656
249700 79.1801 77.9661
249800 80.1421 77.967
249900 80.4795 77.968
250000 80.4137 77.969
250100 80.5805 77.97
250200 79.9714 77.9708
250300 80.4614 77.9718
250400 80.4856 77.9728
250500 80.2202 77.9737
250600 80.1085 77.9746
250700 80.2857 77.9755
250800 80.043 77.9763
250900 79.4965 77.9769
251000 79.1118 77.9774
251100 78.313 77.9775
251200 78.5585 77.9777
251300 79.2835 77.9783
251400 79.5175 77.9789
251500 79.2127 77.9794
251600 78.3663 77.9795
251700 77.9717 77.9795
251800 77.9395 77.9795
251900 78.295 77.9796
252000 77.827 77.9796
252100 78.5871 77.9798
252200 78.3493 77.9799
252300 79.2753 77.9805
252400 78.9491 77.9808
252500 78.6336 77.9811
252600 78.891 77.9815
252700 78.913 77.9818
252800 78.4548 77.982
252900 78.5308 77.9822
253000 79.0499 77.9827
253100 79.179 77.9831
253200 79.0065 77.9835
253300 78.7995 77.9838
253400 78.1832 77.9839
253500 77.9113 77.9839
253600 78.3714 77.9841
253700 78.4104 77.9842
253800 78.5942 77.9845
253900 78.6413 77.9847
254000 78.5517 77.9849
254100 78.3016 77.9851
254200 77.8689 77.985
254300 78.6818 77.9853
254400 79.828 77.986
254500 78.699 77.9863
254600 78.5105 77.9865
254700 78.6214 77.9868
254800 78.9297 77.9871
254900 78.6044 77.9874
255000 78.307 77.9875
255100 78.0499 77.9875
255200 78.1983 77.9876
255300 78.5613 77.9878
255400 77.8272 77.9878
255500 77.8054 77.9877
255600 77.2957 77.9874
255700 77.8335 77.9874
255800 78.1361 77.9874
255900 77.6192 77.9873
256000 77.9948 77.9873
256100 78.0521 77.9873
256200 78.5655 77.9875
256300 78.4523 77.9877
256400 77.8733 77.9877
256500 78.0102 77.9877
256600 78.763 77.988
256700 77.5872 77.9878
256800 79.0197 77.9882
256900 79.177 77.9887
257000 79.7343 77.9894
257100 79.5151 77.99
257200 79.1427 77.9904
257300 79.1331 77.9908
257400 79.132 77.9913
257500 79.6996 77.992
257600 79.7244 77.9926
257700 79.3423 77.9932
257800 79.1404 77.9936
257900 78.7183 77.9939
258000 78.5381 77.9941
258100 78.1434 77.9941
258200 78.7196 77.9944
258300 78.5951 77.9947
258400 78.9318 77.995
258500 78.9118 77.9954
258600 79.5722 77.996
258700 78.3886 77.9961
258800 77.5188 77.996
258900 76.9086 77.9955
259000 77.4983 77.9953
259100 77.7475 77.9952
259200 77.1469 77.9949
259300 78.3796 77.9951
259400 79.0419 77.9955
259500 78.7314 77.9958
259600 78.1814 77.9958
259700 77.701 77.9957
259800 78.2388 77.9958
259900 78.1404 77.9959
260000 77.9661 77.9959
260100 77.831 77.9958
260200 78.0254 77.9958
260300 77.9021 77.9958
260400 78.2725 77.9959
260500 78.5588 77.9961
260600 77.3134 77.9958
260700 77.0399 77.9955
260800 76.294 77.9948
260900 78.0219 77.9948
261000 78.2155 77.9949
261100 79.0471 77.9953
261200 78.308 77.9954
261300 77.6379 77.9953
261400 77.8325 77.9952
261500 77.8033 77.9951
261600 77.8607 77.9951
261700 77.1442 77.9948
261800 77.6184 77.9946
261900 77.06 77.9943
262000 78.195 77.9943
262100 78.3976 77.9945
262200 78.8203 77.9948
262300 79.6493 77.9954
262400 78.2239 77.9955
262500 77.1853 77.9952
262600 78.2872 77.9953
262700 78.2034 77.9954
262800 78.6069 77.9957
262900 77.2501 77.9954
263000 76.9478 77.995
263100 77.5556 77.9948
263200 77.7503 77.9947
263300 78.2298 77.9948
263400 78.1674 77.9949
263500 77.2507 77.9946
263600 77.8101 77.9945
263700 77.0363 77.9941
263800 77.6135 77.994
263900 78.3476 77.9941
264000 79.269 77.9946
264100 78.3435 77.9948
264200 79.191 77.9952
264300 78.72 77.9955
264400 77.6946 77.9954
264500 78.1365 77.9954
264600 77.2873 77.9952
264700 77.0679 77.9948
264800 77.0096 77.9944
264900 77.2287 77.9941
265000 77.0867 77.9938
265100 77.2023 77.9935
265200 76.8331 77.9931
265300 76.765 77.9926
265400 77.2223 77.9923
265500 77.6596 77.9922
265600 78.4489 77.9924
265700 77.7539 77.9923
265800 78.5448 77.9925
265900 79.0162 77.9929
266000 79.4935 77.9934
266100 78.9758 77.9938
266200 78.9435 77.9941
266300 78.4535 77.9943
266400 78.0155 77.9943
266500 78.3117 77.9944
266600 79.2543 77.9949
266700 78.506 77.9951
266800 78.8481 77.9954
266900 78.9035 77.9958
267000 78.4785 77.996
267100 79.1037 77.9964
267200 78.8396 77.9967
267300 78.6705 77.9969
267400 78.2859 77.997
267500 78.1866 77.9971
267600 78.1866 77.9972
267700 77.606 77.997
267800 78.271 77.9971
267900 78.935 77.9975
268000 78.5738 77.9977
268100 78.2021 77.9978
268200 77.8963 77.9977
268300 79.3433 77.9982
268400 79.2778 77.9987
268500 79.7248 77.9994
268600 78.643 77.9996
268700 78.3626 77.9997
268800 78.1077 77.9998
268900 77.6618 77.9997
269000 78.5128 77.9998
269100 78.6601 78.0001
269200 77.5254 77.9999
269300 77.9069 77.9999
269400 77.3399 77.9996
269500 77.477 77.9994
269600 77.4376 77.9992
269700 77.2301 77.9989
269800 77.95 77.9989
269900 77.5317 77.9988
270000 78.1362 77.9988
270100 78.8463 77.9991
270200 78.792 77.9994
270300 78.6311 77.9996
270400 78.6563 77.9999
270500 78.289 78
270600 79.3213 78.0005
270700 78.2793 78.0006
270800 79.1907 78.001
270900 79.3024 78.0015
271000 79.6383 78.0021
271100 79.3563 78.0026
271200 79.4184 78.0031
271300 80.056 78.0039
271400 80.6089 78.0049
271500 79.3823 78.0054
271600 78.745 78.0056
271700 78.5802 78.0058
271800 78.372 78.006
271900 78.2424 78.0061
272000 78.7167 78.0063
272100 79.1684 78.0068
272200 78.4508 78.0069
272300 77.9379 78.0069
272400 78.1823 78.007
272500 78.2192 78.007
272600 78.0237 78.007
272700 77.7235 78.0069
272800 78.3466 78.0071
272900 78.898 78.0074
273000 79.0248 78.0078
273100 79.1076 78.0082
273200 79.3591 78.0087
273300 78.7638 78.0089
273400 79.5259 78.0095
273500 79.3119 78.01
273600 79.1998 78.0104
273700 78.544 78.0106
273800 79.1907 78.011
273900 79.7161 78.0116
274000 78.6008 78.0119
274100 78.2693 78.012
274200 78.5694 78.0122
274300 79.4239 78.0127
274400 78.8483 78.013
274500 78.6143 78.0132
274600 78.714 78.0135
274700 77.2901 78.0132
274800 77.6747 78.0131
274900 77.3509 78.0128
275000 77.3963 78.0126
275100 77.5972 78.0124
275200 77.6198 78.0123
275300 77.9674 78.0123
275400 78.3308 78.0124
275500 77.4176 78.0122
275600 77.3088 78.0119
275700 77.9611 78.0119
275800 77.355 78.0117
275900 76.9273 78.0113
276000 77.25 78.011
276100 77.6783 78.0109
276200 77.9611 78.0109
276300 78.0091 78.0109
276400 78.4461 78.011
276500 78.7339 78.0113
276600 78.2976 78.0114
276700 77.6837 78.0113
276800 77.3179 78.011
276900 76.9084 78.0106
277000 77.8287 78.0106
277100 78.0669 78.0106
277200 77.4361 78.0104
277300 78.4276 78.0105
277400 78.234 78.0106
277500 78.5389 78.0108
277600 78.834 78.0111
277700 77.9036 78.0111
277800 77.7499 78.011
277900 77.7995 78.0109
278000 77.2589 78.0106
278100 77.441 78.0104
278200 78.2434 78.0105
278300 78.264 78.0106
278400 77.8131 78.0105
278500 78.0692 78.0105
278600 78.1815 78.0106
278700 78.7925 78.0109
278800 79.1822 78.0113
278900 80.2856 78.0121
279000 80.0268 78.0128
279100 80.3377 78.0137
279200 79.9971 78.0144
279300 80.1571 78.0151
279400 79.3787 78.0156
279500 79.0557 78.016
279600 79.1763 78.0164
279700 78.9543 78.0168
279800 78.6935 78.017
279900 77.5624 78.0168
280000 77.8063 78.0168
280100 78.1493 78.0168
280200 78.1994 78.0169
280300 78.0141 78.0169
280400 77.5506 78.0167
280500 78.3033 78.0168
280600 78.8358 78.0171
280700 78.6994 78.0173
280800 79.0264 78.0177
280900 79.4449 78.0182
281000 79.1463 78.0186
281100 79.5263 78.0191
281200 80.2403 78.0199
281300 79.6976 78.0205
281400 78.8181 78.0208
281500 78.8989 78.0211
281600 79.6958 78.0217
281700 79.5973 78.0223
281800 80.3962 78.0231
281900 80.0636 78.0238
282000 79.3268 78.0243
282100 79.2446 78.0247
282200 79.7376 78.0253
282300 78.7505 78.0256
282400 77.7581 78.0255
282500 77.2866 78.0252
282600 77.1566 78.0249
282700 78.0868 78.025
282800 78.2968 78.0251
282900 79.352 78.0255
283000 79.0833 78.0259
283100 78.7175 78.0261
283200 78.2648 78.0262
283300 77.8335 78.0262
283400 77.9632 78.0261
283500 78.1501 78.0262
283600 78.44 78.0263
283700 78.5826 78.0265
283800 78.4541 78.0267
283900 78.518 78.0268
284000 77.9671 78.0268
284100 77.0896 78.0265
284200 77.2093 78.0262
284300 77.5313 78.026
284400 77.3776 78.0258
284500 77.336 78.0256
284600 77.2274 78.0253
284700 76.5425 78.0248
284800 77.621 78.0246
284900 78.2975 78.0247
285000 78.3771 78.0248
285100 78.1215 78.0249
285200 78.2609 78.025
285300 77.1713 78.0247
285400 76.8406 78.0242
285500 77.3001 78.024
285600 78.4988 78.0242
285700 78.5795 78.0244
285800 77.3902 78.0241
285900 77.8188 78.0241
286000 78.3957 78.0242
286100 78.3043 78.0243
286200 78.1223 78.0243
286300 78.4196 78.0245
286400 78.2266 78.0245
286500 78.6862 78.0248
286600 78.1772 78.0248
286700 78.5171 78.025
286800 78.2796 78.0251
286900 77.9763 78.0251
287000 77.6473 78.0249
287100 77.4492 78.0247
287200 77.5473 78.0246
287300 77.2102 78.0243
287400 77.9022 78.0242
287500 78.0658 78.0242
287600 78.4659 78.0244
287700 79.3001 78.0248
287800 79.202 78.0253
287900 79.1586 78.0256
288000 79.5623 78.0262
288100 79.4163 78.0267
288200 79.7892 78.0273
288300 79.2804 78.0277
288400 79.3309 78.0282
288500 78.8108 78.0284
288600 79.2026 78.0288
288700 78.9246 78.0291
288800 78.7048 78.0294
288900 79.5839 78.0299
289000 79.1755 78.0303
289100 79.5472 78.0308
289200 79.1043 78.0312
289300 79.5109 78.0317
289400 79.2276 78.0321
289500 79.8449 78.0328
289600 79.2651 78.0332
289700 79.0952 78.0336
289800 78.8246 78.0338
289900 78.4534 78.034
290000 78.2851 78.0341
290100 78.2159 78.0341
290200 77.8232 78.0341
290300 77.5963 78.0339
290400 77.5707 78.0337
290500 77.3862 78.0335
290600 77.7835 78.0334
290700 78.067 78.0334
290800 78.7062 78.0337
290900 79.0464 78.034
291000 79.2138 78.0344
291100 78.339 78.0345
291200 77.5002 78.0343
291300 78.2387 78.0344
291400 77.9787 78.0344
291500 78.1598 78.0344
291600 78.0468 78.0344
291700 78.1381 78.0345
291800 78.5491 78.0347
291900 78.3874 78.0348
292000 78.0404 78.0348
292100 79.2297 78.0352
292200 79.0887 78.0356
292300 79.171 78.0359
292400 79.2355 78.0364
292500 78.9543 78.0367
292600 78.2522 78.0367
292700 78.4767 78.0369
292800 79.0617 78.0372
292900 79.5268 78.0377
293000 79.1799 78.0381
293100 79.4906 78.0386
293200 79.6189 78.0392
293300 78.9272 78.0395
293400 78.3017 78.0396
293500 78.6297 78.0398
293600 78.277 78.0398
293700 77.9536 78.0398
293800 77.4896 78.0396
293900 77.8976 78.0396
294000 78.7675 78.0398
294100 78.4349 78.04
294200 78.5631 78.0401
294300 77.7928 78.0401
294400 78.859 78.0403
294500 78.1605 78.0404
294600 79.3253 78.0408
294700 79.2464 78.0412
294800 80.1069 78.0419
294900 79.1317 78.0423
295000 78.1748 78.0423
295100 78.2859 78.0424
295200 79.5234 78.0429
295300 79.2403 78.0433
295400 79.5762 78.0438
295500 79.9581 78.0445
295600 79.5348 78.045
295700 80.2017 78.0457
295800 80.0791 78.0464
295900 79.7542 78.047
296000 79.9471 78.0476
296100 79.5088 78.0481
296200 79.7256 78.0487
296300 79.7804 78.0493
296400 79.0018 78.0496
296500 78.7035 78.0498
296600 78.5013 78.05
296700 78.1032 78.05
296800 78.2754 78.0501
296900 78.9369 78.0504
297000 79.24 78.0508
297100 78.3862 78.0509
297200 78.3704 78.051
297300 77.8976 78.0509
297400 78.5126 78.0511
297500 78.2099 78.0511
297600 78.6954 78.0514
297700 78.9314 78.0517
297800 79.2902 78.0521
297900 78.7155 78.0523
298000 79.3307 78.0527
298100 79.7904 78.0533
298200 79.5245 78.0538
298300 78.8957 78.0541
298400 78.9889 78.0544
298500 79.3229 78.0548
298600 79.1731 78.0552
298700 78.89 78.0555
298800 77.8665 78.0554
298900 77.99 78.0554
299000 79.0573 78.0557
299100 78.4781 78.0559
299200 78.1315 78.0559
299300 79.1126 78.0562
299400 77.7505 78.0561
299500 78.35 78.0562
299600 77.9208 78.0562
299700 78.3536 78.0563
299800 77.0509 78.056
299900 77.5191 78.0558
300000 77.381 78.0556
300100 76.9955 78.0552
300200 77.4019 78.055
300300 77.7088 78.0549
300400 77.9361 78.0548
300500 78.1936 78.0549
300600 78.8963 78.0552
300700 79.333 78.0556
300800 78.8516 78.0558
300900 79.1444 78.0562
301000 78.1549 78.0562
301100 78.6254 78.0564
301200 78.3106 78.0565
301300 78.2613 78.0566
301400 78.1053 78.0566
301500 78.3869 78.0567
301600 78.2076 78.0568
301700 78.1391 78.0568
301800 78.8867 78.0571
301900 78.6997 78.0573
302000 79.4081 78.0577
302100 78.016 78.0577
302200 78.0975 78.0577
302300 78.549 78.0579
302400 78.1077 78.0579
302500 78.197 78.0579
302600 77.8986 78.0579
302700 78.0698 78.0579
302800 77.4758 78.0577
302900 78.634 78.0579
303000 78.8167 78.0581
303100 79.0318 78.0585
303200 78.7024 78.0587
303300 78.6064 78.0589
303400 78.781 78.0591
303500 78.2522 78.0592
303600 77.912 78.0591
303700 78.3203 78.0592
303800 78.7286 78.0594
303900 77.9771 78.0594
304000 77.8323 78.0593
304100 79.1059 78.0597
304200 78.5873 78.0598
304300 78.8513 78.0601
304400 78.7223 78.0603
304500 78.4799 78.0604
304600 77.6756 78.0603
304700 77.8225 78.0602
304800 78.5889 78.0604
304900 78.1153 78.0604
305000 77.7143 78.0603
305100 78.2175 78.0604
305200 78.6179 78.0606
305300 78.9656 78.0608
305400 78.4253 78.061
305500 78.7631 78.0612
305600 77.9181 78.0612
305700 78.1783 78.0612
305800 78.5779 78.0614
305900 77.8343 78.0613
306000 78.236 78.0613
306100 79.1222 78.0617
306200 77.6495 78.0616
306300 77.8899 78.0615
306400 78.0329 78.0615
306500 77.8838 78.0614
306600 77.9559 78.0614
306700 77.2264 78.0611
306800 77.513 78.0609
306900 78.2182 78.061
307000 77.5358 78.0608
307100 77.4688 78.0606
307200 77.7902 78.0605
307300 77.7344 78.0604
307400 78.3917 78.0605
307500 78.3586 78.0606
307600 77.7029 78.0605
307700 77.292 78.0603
307800 78.5818 78.0604
307900 78.4169 78.0606
308000 79.02 78.0609
308100 79.1052 78.0612
308200 79.3487 78.0616
308300 78.1426 78.0617
308400 79.4865 78.0621
308500 78.753 78.0623
308600 78.8047 78.0626
308700 78.8629 78.0628
308800 78.8094 78.0631
308900 78.4668 78.0632
309000 78.7863 78.0634
309100 78.236 78.0635
309200 77.5792 78.0633
309300 77.9127 78.0633
309400 77.8181 78.0632
309500 77.9017 78.0632
309600 77.2289 78.0629
309700 77.1765 78.0626
309800 77.4719 78.0624
309900 78.0155 78.0624
310000 77.6315 78.0623
310100 77.9563 78.0622
310200 77.3861 78.062
310300 77.0745 78.0617
310400 77.2657 78.0614
310500 76.5892 78.061
310600 76.8324 78.0606
310700 77.0963 78.0603
310800 77.2222 78.06
310900 78.0499 78.06
311000 77.7613 78.0599
311100 77.6985 78.0598
311200 77.6807 78.0597
311300 77.5941 78.0595
311400 77.7305 78.0594
311500 77.7184 78.0593
311600 77.9898 78.0593
311700 78.7272 78.0595
311800 78.0742 78.0595
311900 77.9632 78.0595
312000 77.5635 78.0593
312100 77.8078 78.0592
312200 77.8961 78.0592
312300 77.8325 78.0591
312400 78.9438 78.0594
312500 78.0406 78.0594
312600 78.4684 78.0595
312700 78.1665 78.0595
312800 77.7869 78.0594
312900 77.8947 78.0594
313000 77.6008 78.0592
313100 77.551 78.0591
313200 77.4503 78.0589
313300 77.4507 78.0587
313400 76.6483 78.0582
313500 76.0657 78.0576
313600 75.9613 78.0569
313700 76.7791 78.0565
313800 77.0673 78.0562
313900 77.0537 78.0559
314000 77.111 78.0556
314100 77.0594 78.0553
314200 77.0839 78.055
314300 77.0416 78.0546
314400 76.7589 78.0542
314500 76.2286 78.0537
314600 76.8767 78.0533
314700 76.8544 78.0529
314800 77.46 78.0527
314900 77.1164 78.0524
315000 77.258 78.0522
315100 77.2055 78.0519
315200 76.6721 78.0515
315300 76.5919 78.051
315400 76.8842 78.0506
315500 77.1246 78.0503
315600 77.3427 78.0501
315700 77.8866 78.0501
315800 77.9557 78.05
315900 77.8658 78.05
316000 77.4501 78.0498
316100 78.3841 78.0499
316200 78.0557 78.0499
316300 77.9859 78.0499
316400 78.6285 78.05
316500 78.2424 78.0501
316600 78.353 78.0502
316700 79.09 78.0505
316800 78.1324 78.0506
316900 77.7123 78.0505
317000 78.2227 78.0505
317100 77.6634 78.0504
317200 77.7288 78.0503
317300 77.3765 78.0501
317400 77.3931 78.0499
317500 77.6653 78.0497
317600 77.6347 78.0496
317700 77.5853 78.0495
317800 78.6834 78.0497
317900 78.089 78.0497
318000 78.4207 78.0498
318100 79.2363 78.0502
318200 79.1965 78.0505
318300 80.4672 78.0513
318400 78.4904 78.0514
318500 78.9958 78.0517
318600 78.7222 78.0519
318700 78.9143 78.0522
318800 79.1264 78.0525
318900 78.7524 78.0528
319000 79.3417 78.0532
319100 79.627 78.0537
319200 80.0505 78.0543
319300 80.5867 78.0551
319400 80.2237 78.0558
319500 79.9831 78.0564
319600 79.578 78.0568
319700 79.2918 78.0572
319800 80.0678 78.0578
319900 79.4214 78.0583
320000 79.0431 78.0586
320100 78.9982 78.0589
320200 78.7427 78.0591
320300 79.2235 78.0595
320400 77.908 78.0594
320500 78.6341 78.0596
320600 78.8501 78.0598
320700 79.037 78.0601
320800 79.6553 78.0606
320900 78.4047 78.0607
321000 78.4545 78.0609
321100 78.56 78.061
321200 79.0395 78.0613
321300 79.0011 78.0616
321400 78.5467 78.0618
321500 78.344 78.0619
321600 78.6341 78.062
321700 78.8408 78.0623
321800 78.2836 78.0623
321900 78.6552 78.0625
322000 77.9467 78.0625
322100 78.0661 78.0625
322200 77.5265 78.0623
322300 78.6234 78.0625
322400 78.6231 78.0627
322500 78.4589 78.0628
322600 79.0916 78.0631
322700 78.9139 78.0634
322800 79.7569 78.0639
322900 79.1384 78.0642
323000 79.0778 78.0645
323100 79.5407 78.065
323200 79.0915 78.0653
323300 79.0477 78.0656
323400 79.114 78.066
323500 79.1347 78.0663
323600 78.8167 78.0665
323700 78.8709 78.0668
323800 78.8946 78.067
323900 78.4561 78.0671
324000 78.2576 78.0672
324100 78.1892 78.0672
324200 77.647 78.0671
324300 78.0474 78.0671
324400 78.5922 78.0673
324500 79.5741 78.0677
324600 79.4718 78.0682
324700 79.5976 78.0686
324800 79.1951 78.069
324900 79.4061 78.0694
325000 79.5981 78.0699
325100 79.0294 78.0702
325200 79.5417 78.0706
325300 79.0942 78.0709
325400 79.9201 78.0715
325500 79.8294 78.072
325600 79.5503 78.0725
325700 79.9316 78.0731
325800 79.4982 78.0735
325900 80.5215 78.0742
326000 79.9558 78.0748
326100 80.2135 78.0755
326200 79.9305 78.076
326300 80.508 78.0768
326400 80.7266 78.0776
326500 79.0018 78.0779
326600 79.3331 78.0783
326700 78.7298 78.0785
326800 78.1541 78.0785
326900 78.4679 78.0786
327000 78.8072 78.0788
327100 79.0412 78.0791
327200 78.6145 78.0793
327300 78.3667 78.0794
327400 79.1722 78.0797
327500 78.8955 78.08
327600 78.458 78.0801
327700 78.3194 78.0801
327800 78.5533 78.0803
327900 79.3383 78.0807
328000 79.1907 78.081
328100 78.5097 78.0811
328200 77.6604 78.081
328300 78.2007 78.0811
328400 77.4494 78.0809
328500 77.7554 78.0808
328600 77.5776 78.0806
328700 77.7345 78.0805
328800 77.9505 78.0805
328900 77.3789 78.0803
329000 78.0303 78.0802
329100 78.8088 78.0805
329200 78.1375 78.0805
329300 78.5737 78.0806
329400 78.2762 78.0807
329500 78.353 78.0808
329600 79.1045 78.0811
329700 78.2287 78.0811
329800 79.5934 78.0816
329900 78.4357 78.0817
330000 78.1929 78.0817
330100 78.9706 78.082
330200 77.8892 78.0819
330300 77.7864 78.0818
330400 78.3532 78.0819
330500 78.5394 78.0821
330600 77.9045 78.082
330700 77.6332 78.0819
330800 77.5207 78.0817
330900 78.3258 78.0818
331000 77.8915 78.0817
331100 78.377 78.0818
331200 78.9311 78.0821
331300 79.0903 78.0824
331400 78.8015 78.0826
331500 78.3137 78.0827
331600 78.6352 78.0828
331700 78.8056 78.083
331800 78.6226 78.0832
331900 78.0164 78.0832
332000 78.6449 78.0834
332100 78.8921 78.0836
332200 78.5974 78.0838
332300 78.697 78.0839
332400 78.2429 78.084
332500 78.5446 78.0841
332600 77.9052 78.0841
332700 76.8319 78.0837
332800 76.8143 78.0833
332900 77.3314 78.0831
333000 77.4243 78.0829
333100 77.9328 78.0828
333200 77.8099 78.0828
333300 78.2543 78.0828
333400 78.4399 78.0829
333500 78.6431 78.0831
333600 78.0268 78.0831
333700 77.5389 78.0829
333800 78.3967 78.083
333900 77.388 78.0828
334000 77.7498 78.0827
334100 77.3327 78.0825
334200 77.9141 78.0824
334300 78.3462 78.0825
334400 77.3672 78.0823
334500 77.4452 78.0821
334600 77.6664 78.082
334700 77.1614 78.0817
334800 77.4388 78.0815
334900 78.0251 78.0815
335000 78.0003 78.0815
335100 77.6691 78.0813
335200 77.4119 78.0811
335300 77.6191 78.081
335400 77.9302 78.081
335500 77.4675 78.0808
335600 76.9141 78.0804
335700 77.406 78.0802
335800 77.2771 78.08
335900 77.9259 78.0799
336000 77.7808 78.0799
336100 76.5431 78.0794
336200 77.2931 78.0792
336300 76.5557 78.0787
336400 76.8143 78.0783
336500 77.2093 78.0781
336600 77.489 78.0779
336700 77.0336 78.0776
336800 76.7459 78.0772
336900 77.1274 78.0769
337000 77.5218 78.0767
337100 78.2268 78.0768
337200 78.2921 78.0769
337300 78.6117 78.077
337400 79.1096 78.0773
337500 79.1401 78.0776
337600 79.1522 78.078
337700 78.8611 78.0782
337800 78.9339 78.0784
337900 78.27 78.0785
338000 78.354 78.0786
338100 78.0456 78.0786
338200 78.5296 78.0787
338300 78.403 78.0788
338400 78.4174 78.0789
338500 78.7709 78.0791
338600 77.7376 78.079
338700 78.272 78.0791
338800 79.0814 78.0794
338900 78.4845 78.0795
339000 79.1306 78.0798
339100 78.2541 78.0798
339200 77.6284 78.0797
339300 78.6519 78.0799
339400 78.7695 78.0801
339500 78.2619 78.0801
339600 77.3222 78.0799
339700 77.2535 78.0797
339800 77.4215 78.0795
339900 77.7436 78.0794
340000 78.0508 78.0794
340100 78.2012 78.0794
340200 79.2025 78.0797
340300 78.3246 78.0798
340400 78.5369 78.0799
340500 78.7525 78.0801
340600 77.8994 78.0801
340700 78.3657 78.0802
340800 78.7065 78.0803
340900 79.8136 78.0808
341000 79.9784 78.0814
341100 79.5343 78.0818
341200 79.0987 78.0821
341300 78.71 78.0823
341400 78.6039 78.0825
341500 79.1084 78.0828
341600 79.4854 78.0832
341700 78.6298 78.0833
341800 78.8174 78.0836
341900 78.325 78.0836
342000 78.3783 78.0837
342100 77.684 78.0836
342200 77.9325 78.0835
342300 77.5537 78.0834
342400 76.9871 78.0831
342500 77.8287 78.083
342600 77.7376 78.0829
342700 77.9089 78.0828
342800 77.9822 78.0828
342900 77.5399 78.0827
343000 78.2573 78.0827
343100 78.0167 78.0827
343200 78.4849 78.0828
343300 78.4809 78.0829
343400 77.1616 78.0827
343500 76.6671 78.0822
343600 77.4692 78.0821
343700 77.1935 78.0818
343800 77.744 78.0817
343900 76.9213 78.0814
344000 76.7463 78.081
344100 77.453 78.0808
344200 78.0835 78.0808
344300 77.8332 78.0807
344400 77.7734 78.0806
344500 77.0658 78.0803
344600 77.2366 78.0801
344700 77.2518 78.0799
344800 77.8418 78.0798
344900 77.2691 78.0796
345000 78.2225 78.0796
345100 78.4036 78.0797
345200 78.5746 78.0798
345300 77.4028 78.0796
345400 77.8666 78.0796
345500 77.9267 78.0795
345600 78.5759 78.0797
345700 78.7191 78.0799
345800 79.5846 78.0803
345900 79.084 78.0806
346000 78.9828 78.0808
346100 78.5974 78.081
346200 78.4482 78.0811
346300 78.037 78.0811
346400 78.461 78.0812
346500 78.5994 78.0813
346600 79.0309 78.0816
346700 78.7653 78.0818
346800 78.6105 78.082
346900 77.6987 78.0819
347000 77.4403 78.0817
347100 78.4081 78.0818
347200 78.8534 78.082
347300 78.9788 78.0823
347400 79.4684 78.0827
347500 79.6752 78.0831
347600 78.6162 78.0833
347700 78.4997 78.0834
347800 78.1687 78.0834
347900 77.7007 78.0833
348000 78.7109 78.0835
348100 79.1017 78.0838
348200 78.9141 78.084
348300 78.6672 78.0842
348400 79.8 78.0847
348500 79.3113 78.085
348600 79.6243 78.0855
348700 79.2763 78.0858
348800 78.9051 78.086
348900 78.9282 78.0863
349000 79.2167 78.0866
349100 78.4108 78.0867
349200 77.3902 78.0865
349300 78.0106 78.0865
349400 77.0984 78.0862
349500 77.7896 78.0861
349600 77.4221 78.0859
349700 77.5696 78.0858
349800 78.0737 78.0858
349900 77.8482 78.0857
350000 77.5686 78.0856
350100 77.8603 78.0855
350200 77.9016 78.0854
350300 77.8726 78.0854
350400 78.5685 78.0855
350500 78.6953 78.0857
350600 78.6685 78.0859
350700 78.4904 78.086
350800 77.9643 78.0859
350900 77.6262 78.0858
351000 77.5569 78.0857
351100 77.4737 78.0855
351200 76.7033 78.0851
351300 77.5037 78.0849
351400 76.4447 78.0845
351500 76.5798 78.084
351600 76.4327 78.0836
351700 75.8103 78.0829
351800 76.4988 78.0825
351900 77.2588 78.0822
352000 78.1043 78.0822
352100 77.6911 78.0821
352200 76.7617 78.0817
352300 76.2413 78.0812
352400 76.693 78.0808
352500 77.4172 78.0806
352600 77.6141 78.0805
352700 77.8157 78.0804
352800 77.4718 78.0803
352900 77.341 78.08
353000 77.5377 78.0799
353100 77.508 78.0797
353200 77.9547 78.0797
353300 77.7686 78.0796
353400 78.4034 78.0797
353500 79.1833 78.08
353600 78.4266 78.0801
353700 78.3845 78.0802
353800 78.442 78.0803
353900 79.0332 78.0806
354000 78.9967 78.0808
354100 79.2978 78.0812
354200 79.0783 78.0815
354300 77.9974 78.0814
354400 78.5732 78.0816
354500 78.1844 78.0816
354600 78.5907 78.0817
354700 78.361 78.0818
354800 78.8181 78.082
354900 78.8411 78.0822
355000 78.2777 78.0823
355100 78.8286 78.0825
355200 79.2822 78.0828
355300 79.7132 78.0833
355400 78.9782 78.0836
355500 78.9768 78.0838
355600 79.1764 78.0841
355700 79.351 78.0845
355800 78.8304 78.0847
355900 79.5942 78.0851
356000 79.7856 78.0856
356100 79.0498 78.0859
356200 78.8022 78.0861
356300 78.5815 78.0862
356400 78.6559 78.0864
356500 77.9402 78.0863
356600 77.8553 78.0862
356700 78.0157 78.0862
356800 78.1996 78.0863
356900 78.9174 78.0865
357000 78.6508 78.0866
357100 78.175 78.0867
357200 78.5463 78.0868
357300 79.0235 78.0871
357400 78.8542 78.0873
357500 78.1147 78.0873
357600 79.0748 78.0876
357700 78.7534 78.0877
357800 78.5492 78.0879
357900 78.3527 78.088
358000 78.494 78.0881
358100 78.3743 78.0881
358200 78.8102 78.0883
358300 78.1363 78.0884
358400 78.664 78.0885
358500 79.1004 78.0888
358600 78.7523 78.089
358700 77.327 78.0888
358800 78.3473 78.0888
358900 78.4459 78.0889
359000 78.5876 78.0891
359100 78.8529 78.0893
359200 78.7999 78.0895
359300 78.2725 78.0895
359400 78.5889 78.0897
359500 78.8511 78.0899
359600 77.7732 78.0898
359700 77.8288 78.0897
359800 77.3653 78.0895
359900 77.99 78.0895
360000 77.9663 78.0895
360100 78.8605 78.0897
360200 78.5942 78.0898
360300 78.4352 78.0899
360400 78.5289 78.09
360500 78.3022 78.0901
360600 78.8772 78.0903
360700 77.6888 78.0902
360800 78.1366 78.0902
360900 77.8172 78.0901
361000 77.1886 78.0899
361100 77.9906 78.0899
361200 77.8492 78.0898
361300 77.1181 78.0895
361400 76.8006 78.0892
361500 76.2495 78.0887
361600 76.5531 78.0882
361700 76.9277 78.0879
361800 76.927 78.0876
361900 76.7074 78.0872
362000 76.8139 78.0869
362100 76.8503 78.0865
362200 76.7632 78.0862
362300 76.3422 78.0857
362400 77.0512 78.0854
362500 77.6309 78.0853
362600 77.7786 78.0852
362700 78.2064 78.0852
362800 78.1616 78.0852
362900 78.5238 78.0854
363000 78.4062 78.0855
363100 78.6114 78.0856
363200 78.9857 78.0858
363300 78.925 78.0861
363400 78.7952 78.0863
363500 77.5917 78.0861
363600 78.1959 78.0862
363700 77.9785 78.0861
363800 77.3268 78.0859
363900 78.0375 78.0859
364000 78.2399 78.086
364100 78.0549 78.0859
364200 78.1913 78.086
364300 77.6106 78.0858
364400 76.7599 78.0855
364500 77.2163 78.0852
364600 77.5252 78.0851
364700 77.0072 78.0848
364800 77.6457 78.0847
364900 76.8002 78.0843
365000 77.2059 78.0841
365100 78.1145 78.0841
365200 78.2597 78.0841
365300 78.0734 78.0841
365400 78.2438 78.0842
365500 77.7142 78.0841
365600 78.902 78.0843
365700 78.2751 78.0844
365800 77.5796 78.0842
365900 77.3417 78.084
366000 77.7018 78.0839
366100 77.1054 78.0836
366200 77.2231 78.0834
366300 77.3266 78.0832
366400 77.7232 78.0831
366500 77.7928 78.083
366600 78.3469 78.0831
366700 78.696 78.0833
366800 78.551 78.0834
366900 78.0482 78.0834
367000 77.5881 78.0832
367100 77.8489 78.0832
367200 77.6004 78.083
367300 77.3683 78.0829
367400 78.0181 78.0828
367500 77.2232 78.0826
367600 77.5107 78.0824
367700 77.7891 78.0824
367800 77.7107 78.0823
367900 77.3577 78.0821
368000 77.8207 78.082
368100 77.8569 78.0819
368200 77.5483 78.0818
368300 78.2054 78.0818
368400 77.6533 78.0817
368500 77.3333 78.0815
368600 77.5997 78.0814
368700 77.563 78.0812
368800 77.1923 78.081
368900 78.1418 78.081
369000 78.5107 78.0811
369100 78.6554 78.0813
369200 79.2013 78.0816
369300 79.3131 78.0819
369400 79.1414 78.0822
369500 78.8433 78.0824
369600 78.8078 78.0826
369700 78.1692 78.0826
369800 78.1153 78.0826
369900 77.1992 78.0824
370000 76.9869 78.0821
370100 76.643 78.0817
370200 77.2507 78.0815
370300 77.9163 78.0814
370400 78.2526 78.0815
370500 78.5639 78.0816
370600 77.4566 78.0815
370700 77.8944 78.0814
370800 77.2201 78.0812
370900 77.4688 78.081
371000 78.0973 78.081
371100 79.0592 78.0813
371200 78.3515 78.0813
371300 78.7965 78.0815
371400 79.0336 78.0818
371500 78.1269 78.0818
371600 78.1465 78.0818
371700 78.8169 78.082
371800 78.0777 78.082
371900 78.4299 78.0821
372000 78.6056 78.0823
372100 79.4187 78.0826
372200 78.6852 78.0828
372300 79.2325 78.0831
372400 79.1294 78.0834
372500 78.3268 78.0834
372600 78.2746 78.0835
372700 79.1869 78.0838
372800 79.5902 78.0842
372900 78.8312 78.0844
373000 79.2693 78.0847
373100 79.0331 78.085
373200 78.7925 78.0851
373300 79.3279 78.0855
373400 80.2795 78.0861
373500 79.3969 78.0864
373600 80.066 78.0869
373700 78.9563 78.0872
373800 78.8698 78.0874
373900 79.8429 78.0879
374000 80.1476 78.0884
374100 80.5521 78.0891
374200 79.9418 78.0896
374300 80.0504 78.0901
374400 80.7095 78.0908
374500 80.851 78.0915
374600 80.4422 78.0922
374700 80.7025 78.0928
374800 80.1333 78.0934
374900 80.1705 78.0939
375000 81.141 78.0948
375100 80.7942 78.0955
375200 80.3927 78.0961
375300 79.9198 78.0966
375400 79.9407 78.0971
375500 78.5418 78.0972
375600 77.9755 78.0972
375700 78.628 78.0973
375800 78.5079 78.0974
375900 78.4422 78.0975
376000 78.7783 78.0977
376100 78.6012 78.0978
376200 78.3868 78.0979
376300 77.8791 78.0978
376400 77.5166 78.0977
376500 78.1586 78.0977
376600 78.2613 78.0977
376700 77.35 78.0975
376800 78.8351 78.0977
376900 78.4518 78.0978
377000 77.3916 78.0976
377100 77.1388 78.0974
377200 77.2464 78.0972
377300 77.2995 78.0969
377400 77.5865 78.0968
377500 77.8472 78.0967
377600 78.3669 78.0968
377700 79.5712 78.0972
377800 78.6644 78.0974
377900 79.173 78.0976
378000 78.8504 78.0978
378100 78.8605 78.098
378200 78.7289 78.0982
378300 78.016 78.0982
378400 78.5191 78.0983
378500 78.6551 78.0984
378600 78.4322 78.0985
378700 77.9824 78.0985
378800 78.4179 78.0986
378900 78.3537 78.0987
379000 78.288 78.0987
379100 78.2022 78.0987
379200 77.7816 78.0986
379300 78.3224 78.0987
379400 77.7357 78.0986
379500 77.4817 78.0984
379600 77.7207 78.0984
379700 77.9621 78.0983
379800 77.8789 78.0983
379900 77.6109 78.0981
380000 77.781 78.098
380100 78.1862 78.0981
380200 77.6082 78.0979
380300 77.7087 78.0978
380400 76.9967 78.0975
380500 76.6257 78.0972
380600 76.2136 78.0967
380700 75.9585 78.0961
380800 75.8837 78.0955
380900 76.7643 78.0952
381000 77.6495 78.0951
381100 77.8698 78.095
381200 78.0416 78.095
381300 77.8799 78.0949
381400 78.052 78.0949
381500 78.1133 78.0949
381600 77.866 78.0949
381700 78.5081 78.095
381800 78.2884 78.095
381900 78.3635 78.0951
382000 78.3064 78.0951
382100 78.1652 78.0952
382200 77.8191 78.0951
382300 77.6124 78.095
382400 77.688 78.0949
382500 77.8325 78.0948
382600 78.176 78.0948
382700 77.9239 78.0948
382800 77.7204 78.0947
382900 77.9909 78.0946
383000 78.0072 78.0946
383100 77.7853 78.0945
383200 77.5146 78.0944
383300 78.4344 78.0945
383400 78.5334 78.0946
383500 78.3787 78.0947
383600 78.0581 78.0947
383700 78.0063 78.0946
383800 77.2841 78.0944
383900 77.4664 78.0943
384000 78.2264 78.0943
384100 78.6772 78.0944
384200 79.5537 78.0948
384300 79.6297 78.0952
384400 79.1795 78.0955
384500 79.2756 78.0958
384600 79.6594 78.0962
384700 79.0779 78.0965
384800 78.2946 78.0965
384900 78.5807 78.0967
385000 78.7557 78.0968
385100 78.2363 78.0969
385200 78.3848 78.0969
385300 77.5494 78.0968
385400 78.6104 78.0969
385500 78.7708 78.0971
385600 77.7641 78.097
385700 77.9854 78.097
385800 77.6923 78.0969
385900 78.0904 78.0969
386000 77.867 78.0968
386100 77.768 78.0967
386200 77.7148 78.0966
386300 77.2201 78.0964
386400 76.9161 78.0961
386500 77.0427 78.0958
386600 77.8253 78.0958
386700 78.1322 78.0958
386800 78.2616 78.0958
386900 77.5332 78.0957
387000 77.4899 78.0955
387100 77.4494 78.0953
387200 76.8977 78.095
387300 76.5211 78.0946
387400 76.8957 78.0943
387500 77.6048 78.0942
387600 77.5522 78.094
387700 77.488 78.0939
387800 77.7045 78.0938
387900 78.7954 78.094
388000 77.9992 78.0939
388100 76.8403 78.0936
388200 76.3816 78.0932
388300 76.8489 78.0929
388400 77.0892 78.0926
388500 78.0532 78.0926
388600 77.9144 78.0926
388700 77.8412 78.0925
388800 78.2288 78.0925
388900 78.505 78.0926
389000 78.3538 78.0927
389100 77.8829 78.0926
389200 77.5234 78.0925
389300 78.307 78.0925
389400 77.8439 78.0925
389500 78.778 78.0927
389600 78.3402 78.0927
389700 78.1812 78.0927
389800 78.1231 78.0928
389900 78.0149 78.0927
390000 78.0272 78.0927
390100 77.5857 78.0926
390200 77.5955 78.0925
390300 78.1422 78.0925
390400 77.6773 78.0924
390500 78.0585 78.0924
390600 78.9192 78.0926
390700 78.7221 78.0927
390800 79.0524 78.093
390900 78.3872 78.0931
391000 77.3181 78.0929
391100 78.0497 78.0928
391200 77.2486 78.0926
391300 77.6952 78.0925
391400 78.3608 78.0926
391500 78.1349 78.0926
391600 77.8654 78.0925
391700 78.4619 78.0926
391800 79.3272 78.093
391900 80.1043 78.0935
392000 79.3365 78.0938
392100 78.0443 78.0938
392200 78.4261 78.0939
392300 79.2742 78.0942
392400 79.4725 78.0945
392500 78.6731 78.0947
392600 78.5163 78.0948
392700 78.9187 78.095
392800 79.0453 78.0952
392900 78.9669 78.0954
393000 80.1613 78.096
393100 79.5397 78.0963
393200 78.4056 78.0964
393300 78.4917 78.0965
393400 78.7796 78.0967
393500 78.4659 78.0968
393600 78.6999 78.0969
393700 78.0879 78.0969
393800 77.7435 78.0968
393900 77.9643 78.0968
394000 78.9419 78.097
394100 79.2818 78.0973
394200 79.0854 78.0976
394300 78.9989 78.0978
394400 78.0812 78.0978
394500 78.1239 78.0978
394600 78.0499 78.0978
394700 77.7678 78.0977
394800 78.0639 78.0977
394900 78.1917 78.0977
395000 78.5593 78.0978
395100 78.3198 78.0979
395200 77.6938 78.0978
395300 78.0035 78.0978
395400 78.0587 78.0978
395500 77.2273 78.0975
395600 77.7549 78.0975
395700 78.2784 78.0975
395800 77.3733 78.0973
395900 77.6576 78.0972
396000 77.8558 78.0971
396100 78.1302 78.0972
396200 78.0716 78.0971
396300 78.1432 78.0972
396400 77.8777 78.0971
396500 77.6984 78.097
396600 76.7992 78.0967
396700 76.4933 78.0963
396800 76.3223 78.0958
396900 76.6446 78.0955
397000 77.3608 78.0953
397100 78.0251 78.0953
397200 77.6777 78.0951
397300 77.7765 78.0951
397400 77.3928 78.0949
397500 77.0539 78.0946
397600 77.8977 78.0946
397700 77.8289 78.0945
397800 77.181 78.0943
397900 77.4857 78.0941
398000 77.2476 78.0939
398100 76.8245 78.0936
398200 77.6265 78.0935
398300 77.7385 78.0934
398400 77.1772 78.0932
398500 77.5723 78.093
398600 77.1224 78.0928
398700 77.0052 78.0925
398800 77.7293 78.0924
398900 77.531 78.0923
399000 76.8613 78.092
399100 77.1808 78.0917
399200 76.8195 78.0914
399300 76.6965 78.0911
399400 77.2346 78.0909
399500 76.8843 78.0906
399600 76.6628 78.0902
399700 77.35 78.09
399800 77.1205 78.0898
399900 77.8076 78.0897
400000 77.8024 78.0896
