100 75.0325 75.0325
200 74.6834 74.858
300 75.1235 74.9465
400 75.915 75.1886
500 76.7831 75.5075
600 76.6868 75.7041
700 75.8522 75.7252
800 75.8531 75.7412
900 75.8439 75.7526
1000 76.3128 75.8086
1100 74.9709 75.7325
1200 76.8396 75.8247
1300 77.4938 75.9531
1400 77.0569 76.032
1500 77.5835 76.1354
1600 77.7623 76.2371
1700 76.7929 76.2698
1800 77.4067 76.3329
1900 77.1314 76.375
2000 76.7211 76.3923
2100 76.8471 76.4139
2200 75.8753 76.3894
2300 75.9204 76.3691
2400 76.5262 76.3756
2500 76.1771 76.3677
2600 76.0886 76.3569
2700 77.8512 76.4123
2800 77.8449 76.4634
2900 78.034 76.5176
3000 77.2402 76.5417
3100 77.601 76.5759
3200 78.4081 76.6331
3300 78.0138 76.675
3400 78.3439 76.724
3500 78.2898 76.7688
3600 78.5646 76.8187
3700 78.9435 76.8761
3800 79.4721 76.9444
3900 79.5988 77.0125
4000 78.1892 77.0419
4100 79.5655 77.1034
4200 79.1735 77.1527
4300 79.4143 77.2053
4400 79.54 77.2584
4500 78.5715 77.2876
4600 78.0811 77.3048
4700 77.6963 77.3131
4800 77.2466 77.3118
4900 77.3795 77.3131
5000 77.907 77.325
5100 77.2778 77.3241
5200 76.4652 77.3076
5300 76.4021 77.2905
5400 76.7552 77.2806
5500 77.3736 77.2823
5600 77.1794 77.2804
5700 77.3202 77.2811
5800 76.8772 77.2742
5900 76.7359 77.265
6000 76.475 77.2519
6100 76.8307 77.245
6200 77.0604 77.242
6300 76.547 77.231
6400 75.9536 77.211
6500 76.1127 77.1941
6600 76.1476 77.1782
6700 75.4726 77.1528
6800 75.5507 77.1292
6900 75.3028 77.1028
7000 75.8323 77.0846
7100 76.2503 77.0729
7200 76.999 77.0718
7300 77.2019 77.0736
7400 77.2491 77.076
7500 76.6672 77.0705
7600 77.8287 77.0805
7700 77.3791 77.0844
7800 77.4859 77.0895
7900 78.1796 77.1033
8000 77.5497 77.1089
8100 77.793 77.1174
8200 78.2252 77.1309
8300 78.1782 77.1435
8400 78.2592 77.1568
8500 77.3697 77.1593
8600 77.4765 77.163
8700 77.2968 77.1645
8800 78.5395 77.1801
8900 78.2976 77.1927
9000 78.1221 77.203
9100 77.8353 77.21
9200 77.8775 77.2172
9300 77.1489 77.2165
9400 77.5138 77.2196
9500 76.9387 77.2167
9600 77.2255 77.2168
9700 77.0361 77.2149
9800 77.3443 77.2162
9900 77.7849 77.222
10000 78.6042 77.2358
10100 78.4992 77.2483
10200 77.7684 77.2534
10300 78.0894 77.2615
10400 78.2246 77.2708
10500 78.1912 77.2795
10600 77.7773 77.2842
10700 78.566 77.2962
10800 78.9703 77.3117
10900 78.485 77.3225
11000 77.9122 77.3279
11100 78.1485 77.3352
11200 77.3046 77.335
11300 77.7618 77.3387
11400 78.2068 77.3464
11500 78.3455 77.3551
11600 78.2253 77.3626
11700 78.4132 77.3715
11800 78.5931 77.3819
11900 79.3676 77.3986
12000 79.2948 77.4144
12100 78.3367 77.422
12200 78.9464 77.4345
12300 78.7408 77.4451
12400 78.887 77.4567
12500 78.2985 77.4635
12600 78.3118 77.4702
12700 77.6002 77.4712
12800 78.2707 77.4775
12900 78.5995 77.4862
13000 78.0143 77.4902
13100 78.0054 77.4942
13200 78.7702 77.5038
13300 78.0175 77.5077
13400 78.0995 77.5121
13500 77.5103 77.5121
13600 77.2728 77.5103
13700 77.5716 77.5108
13800 77.1837 77.5084
13900 78.131 77.5129
14000 78.3283 77.5187
14100 78.8286 77.528
14200 78.8243 77.5371
14300 78.6065 77.5446
14400 78.5585 77.5517
14500 78.7736 77.5601
14600 78.6782 77.5677
14700 78.8502 77.5765
14800 79.1329 77.587
14900 80.2906 77.6051
15000 80.4165 77.6239
15100 78.8821 77.6322
15200 78.5737 77.6384
15300 77.9583 77.6405
15400 78.1808 77.644
15500 78.32 77.6484
15600 79.1556 77.658
15700 79.7724 77.6715
15800 79.3142 77.6819
15900 80.2924 77.6983
16000 80.7547 77.7174
16100 80.1129 77.7323
16200 79.5983 77.7438
16300 80.3283 77.7597
16400 80.2841 77.7751
16500 80.1129 77.7892
16600 80.1298 77.8033
16700 80.1835 77.8176
16800 80.0135 77.8306
16900 80.1792 77.8445
17000 80.4703 77.86
17100 80.3156 77.8744
17200 79.634 77.8846
17300 79.0687 77.8914
17400 78.1464 77.8929
17500 79.0456 77.8995
17600 77.6155 77.8979
17700 77.2598 77.8943
17800 77.1746 77.8902
17900 77.4402 77.8877
18000 78.6289 77.8918
18100 78.2657 77.8939
18200 78.2669 77.8959
18300 78.355 77.8984
18400 78.6931 77.9028
18500 79.2783 77.9102
18600 78.5195 77.9135
18700 77.1562 77.9094
18800 77.7819 77.9087
18900 77.8858 77.9086
19000 77.3782 77.9058
19100 77.9971 77.9063
19200 78.4191 77.909
19300 78.5308 77.9122
19400 79.1798 77.9187
19500 79.1015 77.9248
19600 79.0305 77.9304
19700 77.9978 77.9308
19800 78.3216 77.9328
19900 78.0632 77.9334
20000 78.4518 77.936
20100 78.0458 77.9366
20200 77.9462 77.9366
20300 78.6837 77.9403
20400 78.7532 77.9443
20500 78.8196 77.9485
20600 78.349 77.9505
20700 78.2241 77.9518
20800 78.3889 77.9539
20900 78.8934 77.9584
21000 78.7526 77.9622
21100 78.9089 77.9667
21200 79.2383 77.9727
21300 79.6127 77.9804
21400 79.6036 77.988
21500 78.2086 77.989
21600 78.0098 77.9891
21700 79.3143 77.9952
21800 79.2136 78.0008
21900 78.5605 78.0033
22000 78.7191 78.0066
22100 78.2029 78.0075
22200 78.0932 78.0079
22300 78.8171 78.0115
22400 78.301 78.0128
22500 78.3685 78.0144
22600 77.8182 78.0135
22700 77.473 78.0111
22800 78.1637 78.0118
22900 78.0553 78.012
23000 77.1856 78.0084
23100 77.1317 78.0046
23200 77.3296 78.0017
23300 77.5535 77.9997
23400 78.0009 77.9997
23500 77.638 77.9982
23600 78.0546 77.9984
23700 78.8102 78.0019
23800 78.9257 78.0058
23900 78.4071 78.0074
24000 78.7629 78.0106
24100 78.6361 78.0132
24200 79.1076 78.0177
24300 79.5807 78.0241
24400 79.823 78.0315
24500 80.165 78.0402
24600 80.3677 78.0497
24700 79.5892 78.0559
24800 80.0065 78.0638
24900 80.4269 78.0733
25000 79.2878 78.0781
25100 79.8688 78.0853
25200 81.0416 78.097
25300 80.0528 78.1047
25400 79.8487 78.1116
25500 79.5699 78.1173
25600 79.5941 78.1231
25700 78.2509 78.1236
25800 78.7938 78.1262
25900 79.4404 78.1312
26000 80.0223 78.1385
26100 79.3333 78.1431
26200 78.9257 78.1461
26300 78.9102 78.149
26400 79.0334 78.1523
26500 79.5041 78.1574
26600 78.5108 78.1588
26700 78.6664 78.1607
26800 79.1494 78.1644
26900 79.0283 78.1676
27000 78.9507 78.1705
27100 79.0988 78.1739
27200 79.7436 78.1797
27300 79.6056 78.1849
27400 79.6242 78.1901
27500 79.0077 78.1931
27600 79.0151 78.1961
27700 79.3752 78.2003
27800 78.9786 78.2031
27900 79.7347 78.2086
28000 79.5952 78.2136
28100 79.3245 78.2175
28200 79.9625 78.2237
28300 79.3803 78.2278
28400 78.9519 78.2304
28500 79.3104 78.2342
28600 79.156 78.2374
28700 78.6279 78.2387
28800 77.9902 78.2379
28900 78.0648 78.2373
29000 78.8639 78.2394
29100 78.8225 78.2414
29200 78.8978 78.2437
29300 79.8264 78.2491
29400 79.873 78.2546
29500 79.2641 78.258
29600 79.0929 78.2609
29700 78.9528 78.2632
29800 79.5318 78.2674
29900 79.4031 78.2712
30000 78.9902 78.2736
30100 78.9127 78.2758
30200 78.9554 78.278
30300 78.9083 78.2801
30400 79.3938 78.2838
30500 78.7605 78.2853
30600 78.9468 78.2875
30700 79.0133 78.2898
30800 79.2064 78.2928
30900 79.7852 78.2977
31000 79.7487 78.3023
31100 78.1383 78.3018
31200 78.031 78.3009
31300 78.5252 78.3017
31400 78.5551 78.3025
31500 78.6353 78.3035
31600 77.5506 78.3011
31700 77.4222 78.2984
31800 77.1475 78.2947
31900 77.2944 78.2916
32000 76.6669 78.2865
32100 76.7606 78.2818
32200 76.7823 78.2771
32300 76.4643 78.2715
32400 77.1297 78.268
32500 77.0868 78.2643
32600 77.1559 78.2609
32700 77.5615 78.2588
32800 77.5054 78.2565
32900 77.9258 78.2555
33000 78.5501 78.2564
33100 78.3512 78.2567
33200 78.2946 78.2568
33300 79.1117 78.2594
33400 78.5322 78.2602
33500 78.0675 78.2596
33600 77.3855 78.257
33700 78.2259 78.2569
33800 78.0975 78.2564
33900 77.9983 78.2557
34000 78.3419 78.2559
34100 77.7349 78.2544
34200 78.6771 78.2556
34300 79.8389 78.2603
34400 79.5391 78.264
34500 79.3751 78.2672
34600 78.2687 78.2672
34700 77.4593 78.2649
34800 78.3377 78.2651
34900 77.7416 78.2636
35000 77.9528 78.2627
35100 77.9097 78.2617
35200 78.18 78.2615
35300 78.2873 78.2615
35400 78.2551 78.2615
35500 78.7909 78.263
35600 78.2794 78.263
35700 77.9673 78.2622
35800 77.7266 78.2607
35900 78.2516 78.2607
36000 77.7728 78.2593
36100 78.3881 78.2597
36200 77.8389 78.2585
36300 77.7521 78.2571
36400 78.1145 78.2568
36500 78.4326 78.2572
36600 78.3858 78.2576
36700 79.1727 78.2601
36800 79.0059 78.2621
36900 78.8237 78.2636
37000 78.2354 78.2636
37100 78.5328 78.2643
37200 78.2105 78.2641
37300 77.6658 78.2625
37400 78.2721 78.2626
37500 78.749 78.2639
37600 78.6662 78.2649
37700 78.172 78.2647
37800 77.9664 78.2639
37900 77.8819 78.2629
38000 79.0144 78.2649
38100 78.0315 78.2642
38200 78.1725 78.264
38300 78.111 78.2636
38400 77.4611 78.2615
38500 77.4159 78.2593
38600 78.0009 78.2586
38700 77.7276 78.2573
38800 77.7611 78.256
38900 77.8151 78.2549
39000 76.7698 78.2511
39100 77.0874 78.2481
39200 76.7216 78.2442
39300 77.0855 78.2412
39400 77.3119 78.2389
39500 76.6461 78.2348
39600 76.9379 78.2316
39700 77.8863 78.2307
39800 77.6214 78.2292
39900 77.7465 78.228
40000 78.1238 78.2277
40100 77.3255 78.2255
40200 77.7746 78.2243
40300 78.0962 78.224
40400 77.6545 78.2226
40500 77.5643 78.221
40600 77.6621 78.2196
40700 78.761 78.2209
40800 78.5839 78.2218
40900 77.9592 78.2212
41000 78.0756 78.2208
41100 78.4318 78.2213
41200 78.1391 78.2211
41300 78.1331 78.2209
41400 78.2467 78.221
41500 78.1488 78.2208
41600 79.2483 78.2233
41700 79.3019 78.2259
41800 78.9199 78.2275
41900 78.8341 78.229
42000 79.1048 78.2311
42100 79.5115 78.2341
42200 79.1111 78.2362
42300 78.566 78.237
42400 77.7355 78.2358
42500 77.8259 78.2348
42600 77.1064 78.2322
42700 76.9518 78.2292
42800 77.17 78.2267
42900 76.6625 78.223
43000 77.6368 78.2217
43100 77.6352 78.2203
43200 78.3014 78.2205
43300 78.016 78.22
43400 77.3985 78.2181
43500 77.2451 78.2159
43600 77.2331 78.2137
43700 77.2987 78.2116
43800 77.8274 78.2107
43900 76.8452 78.2076
44000 77.6307 78.2063
44100 77.9942 78.2058
44200 78.2935 78.206
44300 77.8617 78.2052
44400 78.1503 78.2051
44500 77.216 78.2029
44600 77.4262 78.2011
44700 77.7603 78.2001
44800 77.0349 78.1975
44900 78.0725 78.1972
45000 78.4741 78.1979
45100 78.2627 78.198
45200 77.7393 78.197
45300 78.1012 78.1968
45400 78.4206 78.1973
45500 78.2205 78.1973
45600 78.2786 78.1975
45700 78.1829 78.1975
45800 77.9276 78.1969
45900 77.6825 78.1958
46000 77.6461 78.1946
46100 77.6328 78.1933
46200 77.9245 78.1928
46300 77.4895 78.1912
46400 78.6287 78.1922
46500 78.6419 78.1932
46600 78.8067 78.1945
46700 79.3332 78.1969
46800 79.5115 78.1997
46900 78.3784 78.2001
47000 78.3412 78.2004
47100 78.8208 78.2017
47200 77.9997 78.2013
47300 77.351 78.1995
47400 78.0862 78.1993
47500 77.8594 78.1985
47600 77.6395 78.1974
47700 77.6251 78.1962
47800 77.5197 78.1947
47900 78.1945 78.1947
48000 78.7069 78.1958
48100 78.8904 78.1973
48200 79.3927 78.1997
48300 78.9251 78.2012
48400 78.7253 78.2023
48500 78.8627 78.2037
48600 79.228 78.2058
48700 78.7019 78.2068
48800 78.5866 78.2076
48900 78.5583 78.2083
49000 78.8345 78.2096
49100 78.2695 78.2097
49200 78.5734 78.2104
49300 78.5354 78.2111
49400 78.9927 78.2127
49500 78.5248 78.2133
49600 77.7236 78.2123
49700 77.2295 78.2104
49800 77.7157 78.2094
49900 77.4731 78.2079
50000 77.1283 78.2057
50100 77.3516 78.204
50200 76.9543 78.2015
50300 77.5146 78.2002
50400 77.46 78.1987
50500 77.4388 78.1972
50600 77.4994 78.1958
50700 77.048 78.1935
50800 77.796 78.1928
50900 78.1995 78.1928
51000 78.1366 78.1927
51100 77.9772 78.1922
51200 78.1445 78.1922
51300 78.1308 78.192
51400 77.9204 78.1915
51500 77.6845 78.1905
51600 76.9191 78.1881
51700 77.0362 78.1858
51800 77.5919 78.1847
51900 77.3893 78.1832
52000 76.8663 78.1806
52100 77.6154 78.1795
52200 78.2502 78.1797
52300 78.0904 78.1795
52400 78.5941 78.1803
52500 78.3617 78.1806
52600 80.3121 78.1847
52700 78.9305 78.1861
52800 79.6 78.1888
52900 78.8801 78.1901
53000 78.9922 78.1916
53100 78.4114 78.192
53200 78.4448 78.1925
53300 77.5264 78.1912
53400 77.9605 78.1908
53500 78.5659 78.1915
53600 78.1545 78.1914
53700 77.6429 78.1904
53800 77.3951 78.1889
53900 77.8125 78.1882
54000 77.1914 78.1864
54100 78.0711 78.1862
54200 77.7976 78.1855
54300 78.2235 78.1855
54400 78.5731 78.1862
54500 78.7784 78.1873
54600 78.4397 78.1878
54700 77.5402 78.1866
54800 77.8194 78.1859
54900 76.6634 78.1832
55000 77.427 78.1818
55100 77.2736 78.1801
55200 77.3693 78.1787
55300 77.6455 78.1777
55400 77.7842 78.177
55500 77.9636 78.1766
55600 78.8651 78.1779
55700 78.6378 78.1787
55800 78.8041 78.1798
55900 77.8464 78.1792
56000 78.0959 78.1791
56100 78.4208 78.1795
56200 78.8596 78.1807
56300 78.4854 78.1812
56400 77.5494 78.1801
56500 77.8706 78.1796
56600 78.3257 78.1798
56700 77.5104 78.1786
56800 77.3506 78.1772
56900 77.1078 78.1753
57000 76.7138 78.1727
57100 76.885 78.1705
57200 76.9798 78.1684
57300 76.9268 78.1662
57400 77.6728 78.1654
57500 76.6271 78.1627
57600 76.9397 78.1606
57700 77.1393 78.1588
57800 77.3811 78.1575
57900 77.7463 78.1568
58000 78.1687 78.1568
58100 77.4624 78.1556
58200 77.3415 78.1542
58300 77.2499 78.1526
58400 76.6217 78.15
58500 76.9216 78.1479
58600 77.0189 78.146
58700 76.4676 78.1431
58800 76.8007 78.1408
58900 76.8215 78.1386
59000 77.6554 78.1378
59100 77.7597 78.1371
59200 77.5176 78.1361
59300 77.3094 78.1347
59400 77.4525 78.1336
59500 77.5085 78.1325
59600 77.6263 78.1317
59700 77.2419 78.1302
59800 76.9595 78.1282
59900 77.2787 78.1268
60000 77.0361 78.125
60100 77.4329 78.1238
60200 78.2479 78.124
60300 78.0805 78.124
60400 78.4366 78.1245
60500 78.7486 78.1255
60600 78.6027 78.1263
60700 78.8222 78.1274
60800 78.4264 78.1279
60900 78.3427 78.1283
61000 78.662 78.1292
61100 78.6448 78.13
61200 78.303 78.1303
61300 78.1358 78.1303
61400 78.5034 78.1309
61500 78.1905 78.131
61600 78.0614 78.1309
61700 77.9348 78.1306
61800 78.1886 78.1307
61900 78.1103 78.1306
62000 78.331 78.131
62100 78.8712 78.1321
62200 78.0579 78.132
62300 78.1868 78.1321
62400 78.9252 78.1334
62500 78.199 78.1335
62600 77.9084 78.1331
62700 77.6432 78.1323
62800 77.8883 78.132
62900 78.2588 78.1322
63000 78.2797 78.1324
63100 78.5824 78.1331
63200 79.1157 78.1347
63300 79.1536 78.1363
63400 79.3031 78.1381
63500 79.0676 78.1396
63600 78.8488 78.1407
63700 79.0648 78.1421
63800 79.3689 78.1441
63900 79.2693 78.1458
64000 78.3893 78.1462
64100 78.5879 78.1469
64200 78.9319 78.1481
64300 78.7725 78.1491
64400 78.9063 78.1503
64500 78.8957 78.1514
64600 78.2444 78.1516
64700 78.5513 78.1522
64800 78.9346 78.1534
64900 79.0607 78.1548
65000 78.6261 78.1555
65100 78.8638 78.1566
65200 79.683 78.1589
65300 78.9592 78.1602
65400 78.3654 78.1605
65500 77.5774 78.1596
65600 78.3754 78.1599
65700 77.7293 78.1593
65800 77.4595 78.1582
65900 78.6368 78.1589
66000 78.2852 78.1591
66100 78.1385 78.1591
66200 78.8251 78.1601
66300 78.3092 78.1603
66400 78.5405 78.1609
66500 78.1658 78.1609
66600 77.9009 78.1605
66700 78.5288 78.1611
66800 78.3854 78.1614
66900 79.0828 78.1628
67000 78.6428 78.1635
67100 78.331 78.1637
67200 78.1265 78.1637
67300 78.0797 78.1636
67400 78.4946 78.1641
67500 78.712 78.1649
67600 78.8766 78.1659
67700 78.6368 78.1666
67800 78.0796 78.1665
67900 77.6721 78.1658
68000 77.0961 78.1642
68100 77.9923 78.1639
68200 77.2229 78.1626
68300 77.3168 78.1613
68400 77.4471 78.1603
68500 76.7634 78.1582
68600 77.1544 78.1568
68700 77.5731 78.1559
68800 77.5047 78.155
68900 78.3508 78.1553
69000 77.6885 78.1546
69100 76.9845 78.1529
69200 78.1231 78.1528
69300 78.3781 78.1532
69400 78.5473 78.1537
69500 78.3186 78.154
69600 78.0264 78.1538
69700 78.5978 78.1544
69800 78.4202 78.1548
69900 78.0418 78.1546
70000 78.7961 78.1556
70100 78.9783 78.1567
70200 80.0632 78.1594
70300 79.2045 78.1609
70400 78.1883 78.161
70500 77.7477 78.1604
70600 78.0611 78.1602
70700 77.4481 78.1592
70800 77.6042 78.1585
70900 78.5652 78.159
71000 77.9864 78.1588
71100 77.2431 78.1575
71200 77.8058 78.157
71300 77.399 78.1559
71400 77.8468 78.1555
71500 78.5519 78.1561
71600 78.868 78.1571
71700 78.3769 78.1574
71800 78.7654 78.1582
71900 78.7939 78.1591
72000 78.3738 78.1594
72100 78.3113 78.1596
72200 78.5234 78.1601
72300 78.0728 78.16
72400 77.4668 78.159
72500 77.2888 78.1578
72600 77.2426 78.1566
72700 77.4348 78.1556
72800 78.7119 78.1563
72900 78.3952 78.1567
73000 79.1948 78.1581
73100 78.3264 78.1583
73200 77.988 78.1581
73300 77.5498 78.1573
73400 78.2281 78.1574
73500 78.0146 78.1572
73600 77.907 78.1568
73700 77.9203 78.1565
73800 77.4741 78.1556
73900 77.0092 78.154
74000 77.047 78.1525
74100 76.7394 78.1506
74200 77.3567 78.1496
74300 77.1548 78.1482
74400 77.9216 78.1479
74500 77.5281 78.1471
74600 77.647 78.1464
74700 78.1411 78.1464
74800 78.3616 78.1467
74900 79.2099 78.1481
75000 79.4248 78.1498
75100 79.3052 78.1513
75200 79.2612 78.1528
75300 79.2058 78.1542
75400 79.6445 78.1562
75500 79.1308 78.1575
75600 79.0387 78.1587
75700 78.5667 78.1592
75800 78.757 78.16
75900 78.2401 78.1601
76000 78.1619 78.1601
76100 78.2564 78.1602
76200 77.6813 78.1596
76300 78.0403 78.1594
76400 77.8873 78.1591
76500 77.6069 78.1584
76600 77.0081 78.1569
76700 77.1738 78.1556
76800 76.8591 78.1539
76900 77.2678 78.1527
77000 77.3037 78.1516
77100 76.5977 78.1496
77200 77.4578 78.1487
77300 77.8522 78.1483
77400 78.1446 78.1483
77500 77.595 78.1476
77600 77.06 78.1462
77700 77.1227 78.1449
77800 77.3343 78.1439
77900 77.7041 78.1433
78000 77.5055 78.1425
78100 77.4963 78.1416
78200 78.1234 78.1416
78300 78.3931 78.1419
78400 77.4894 78.1411
78500 77.8329 78.1407
78600 77.8275 78.1403
78700 77.3697 78.1393
78800 77.672 78.1387
78900 78.1156 78.1387
79000 77.8704 78.1384
79100 77.9743 78.1382
79200 78.0085 78.138
79300 77.8173 78.1376
79400 77.1251 78.1363
79500 77.4036 78.1354
79600 78.5692 78.1359
79700 77.4955 78.1351
79800 77.6331 78.1345
79900 78.5469 78.135
80000 78.081 78.135
80100 77.8584 78.1346
80200 77.9741 78.1344
80300 78.0585 78.1343
80400 78.0959 78.1343
80500 78.0784 78.1342
80600 78.6078 78.1348
80700 78.4563 78.1352
80800 78.4955 78.1356
80900 78.3649 78.1359
81000 78.9973 78.137
81100 79.223 78.1383
81200 79.0565 78.1395
81300 78.8402 78.1403
81400 78.7515 78.1411
81500 79.0928 78.1422
81600 78.2443 78.1424
81700 78.176 78.1424
81800 77.7932 78.142
81900 77.5806 78.1413
82000 77.2326 78.1402
82100 77.3732 78.1392
82200 77.1166 78.138
82300 77.4801 78.1372
82400 78.0967 78.1372
82500 78.5411 78.1376
82600 77.9863 78.1375
82700 77.7759 78.137
82800 77.4709 78.1362
82900 76.9766 78.1348
83000 77.7715 78.1344
83100 77.5086 78.1336
83200 78.1009 78.1336
83300 78.6561 78.1342
83400 78.7168 78.1349
83500 77.7709 78.1345
83600 77.5209 78.1337
83700 77.2003 78.1326
83800 77.4312 78.1318
83900 78.1082 78.1318
84000 77.9265 78.1315
84100 78.1658 78.1316
84200 78.6578 78.1322
84300 78.1854 78.1323
84400 77.9777 78.1321
84500 77.4904 78.1313
84600 77.5247 78.1306
84700 77.766 78.1302
84800 78.0256 78.13
84900 77.6607 78.1295
85000 77.8899 78.1292
85100 77.7055 78.1287
85200 77.7981 78.1283
85300 78.5925 78.1289
85400 77.5274 78.1282
85500 77.0415 78.1269
85600 78.2581 78.127
85700 78.2323 78.1272
85800 78.0312 78.127
85900 78.3845 78.1273
86000 77.777 78.1269
86100 77.6835 78.1264
86200 78.1676 78.1265
86300 78.8171 78.1273
86400 78.6883 78.1279
86500 78.3314 78.1282
86600 77.8288 78.1278
86700 77.7357 78.1274
86800 78.0745 78.1273
86900 78.3551 78.1276
87000 78.1278 78.1276
87100 77.7995 78.1272
87200 77.7866 78.1268
87300 78.3836 78.1271
87400 78.655 78.1277
87500 78.6292 78.1283
87600 78.4596 78.1286
87700 77.6617 78.1281
87800 78.3154 78.1283
87900 78.3856 78.1286
88000 77.8268 78.1283
88100 77.9657 78.1281
88200 78.4497 78.1285
88300 78.1074 78.1284
88400 78.8675 78.1293
88500 78.1003 78.1292
88600 79.2448 78.1305
88700 79.0288 78.1315
88800 79.1724 78.1327
88900 78.9289 78.1336
89000 78.36 78.1338
89100 79.2658 78.1351
89200 78.9411 78.136
89300 78.711 78.1366
89400 78.568 78.1371
89500 78.5233 78.1376
89600 78.3482 78.1378
89700 78.527 78.1382
89800 78.7666 78.1389
89900 77.9833 78.1388
90000 78.3934 78.139
90100 78.7094 78.1397
90200 78.3671 78.1399
90300 77.3939 78.1391
90400 77.2159 78.1381
90500 77.0877 78.1369
90600 77.3082 78.136
90700 78.0282 78.1359
90800 78.4018 78.1362
90900 78.0758 78.1361
91000 78.5612 78.1366
91100 78.1412 78.1366
91200 77.7415 78.1361
91300 78.6716 78.1367
91400 78.214 78.1368
91500 78.5103 78.1372
91600 78.2026 78.1373
91700 77.7341 78.1369
91800 77.9423 78.1366
91900 77.5913 78.1361
92000 76.8868 78.1347
92100 77.3473 78.1338
92200 77.3038 78.1329
92300 76.6814 78.1314
92400 76.8607 78.13
92500 76.2173 78.1279
92600 77.2672 78.127
92700 77.2563 78.1261
92800 77.3669 78.1252
92900 77.0286 78.1241
93000 76.1042 78.1219
93100 76.0905 78.1197
93200 77.4332 78.119
93300 77.3667 78.1182
93400 78.0106 78.118
93500 78.1224 78.1181
93600 78.7605 78.1187
93700 78.3101 78.1189
93800 78.6344 78.1195
93900 78.531 78.1199
94000 77.4035 78.1192
94100 78.8028 78.1199
94200 77.4972 78.1192
94300 78.3361 78.1195
94400 78.1417 78.1195
94500 78.0505 78.1194
94600 78.4125 78.1197
94700 77.955 78.1195
94800 78.6253 78.1201
94900 78.0507 78.12
95000 77.7836 78.1197
95100 77.9433 78.1195
95200 77.8807 78.1192
95300 77.4547 78.1185
95400 77.0086 78.1174
95500 77.7059 78.1169
95600 77.8424 78.1166
95700 77.5686 78.1161
95800 77.9836 78.1159
95900 77.1103 78.1149
96000 76.7637 78.1135
96100 77.1976 78.1125
96200 77.4735 78.1119
96300 77.5678 78.1113
96400 76.836 78.11
96500 77.1949 78.109
96600 77.6811 78.1086
96700 78.0626 78.1085
96800 77.9567 78.1084
96900 77.7889 78.108
97000 77.9268 78.1079
97100 77.5655 78.1073
97200 78.1214 78.1073
97300 79.1187 78.1084
97400 78.7192 78.109
97500 78.379 78.1093
97600 78.0919 78.1092
97700 78.1785 78.1093
97800 77.778 78.109
97900 78.1081 78.109
98000 77.2595 78.1081
98100 77.5881 78.1076
98200 77.2882 78.1067
98300 77.3126 78.1059
98400 77.255 78.1051
98500 77.1014 78.104
98600 77.3162 78.1032
98700 77.9035 78.103
98800 78.2021 78.1031
98900 77.8642 78.1029
99000 78.6389 78.1034
99100 78.8287 78.1042
99200 78.3485 78.1044
99300 79.1418 78.1055
99400 77.8284 78.1052
99500 77.7057 78.1048
99600 77.9714 78.1047
99700 78.042 78.1046
99800 77.6265 78.1041
99900 77.6939 78.1037
100000 77.3707 78.103
100100 77.5767 78.1024
100200 77.4918 78.1018
100300 77.3044 78.101
100400 77.3811 78.1003
100500 78.0619 78.1003
100600 78.0817 78.1003
100700 77.8105 78.1
100800 76.7821 78.0987
100900 76.9969 78.0976
101000 77.4227 78.0969
101100 77.0039 78.0958
101200 76.6827 78.0944
101300 76.5778 78.0929
101400 76.7893 78.0916
101500 76.8026 78.0904
101600 76.6227 78.0889
101700 76.4634 78.0873
101800 77.1394 78.0864
101900 77.7563 78.0861
102000 77.7395 78.0857
102100 77.873 78.0855
102200 77.5993 78.0851
102300 76.7949 78.0838
102400 77.4683 78.0832
102500 78.342 78.0834
102600 77.9577 78.0833
102700 77.8934 78.0831
102800 77.8253 78.0829
102900 77.1809 78.082
103000 77.5704 78.0815
103100 77.1732 78.0806
103200 77.7838 78.0803
103300 77.4384 78.0797
103400 76.6172 78.0783
103500 76.8658 78.0771
103600 77.7108 78.0768
103700 77.5134 78.0762
103800 77.634 78.0758
103900 78.2487 78.076
104000 77.6762 78.0756
104100 78.1052 78.0756
104200 78.2531 78.0758
104300 77.6065 78.0753
104400 78.0842 78.0754
104500 77.1553 78.0745
104600 77.8802 78.0743
104700 76.8179 78.0731
104800 77.1344 78.0722
104900 78.2511 78.0724
105000 78.3576 78.0726
105100 77.9544 78.0725
105200 78.1553 78.0726
105300 78.3189 78.0728
105400 77.7358 78.0725
105500 77.9513 78.0724
105600 78.6198 78.0729
105700 78.7424 78.0736
105800 78.9845 78.0744
105900 79.2289 78.0755
106000 79.2417 78.0766
106100 79.3359 78.0778
106200 78.8774 78.0785
106300 78.8569 78.0793
106400 79.0868 78.0802
106500 79.8058 78.0818
106600 78.4632 78.0822
106700 78.9259 78.083
106800 77.9972 78.0829
106900 77.8126 78.0827
107000 77.818 78.0824
107100 77.231 78.0816
107200 76.7206 78.0803
107300 76.9574 78.0793
107400 77.5573 78.0788
107500 77.7273 78.0785
107600 77.1473 78.0776
107700 76.8522 78.0765
107800 76.3426 78.0749
107900 76.3587 78.0733
108000 77.0311 78.0723
108100 77.2658 78.0716
108200 76.7179 78.0703
108300 76.3446 78.0687
108400 76.9 78.0677
108500 76.55 78.0663
108600 76.9807 78.0653
108700 76.5238 78.0638
108800 75.9278 78.0619
108900 77.4369 78.0613
109000 77.5128 78.0608
109100 77.5566 78.0603
109200 78.4038 78.0606
109300 78.7804 78.0613
109400 78.0821 78.0613
109500 77.8023 78.0611
109600 77.4018 78.0605
109700 77.8561 78.0603
109800 76.7763 78.0591
109900 77.7235 78.0588
110000 78.4198 78.0592
110100 77.8274 78.0589
110200 77.9785 78.0589
110300 78.4907 78.0593
110400 77.9735 78.0592
110500 78.423 78.0595
110600 77.7606 78.0592
110700 78.4013 78.0596
110800 78.7655 78.0602
110900 78.6899 78.0608
111000 79.0247 78.0616
111100 78.4235 78.062
111200 78.4849 78.0623
111300 77.9064 78.0622
111400 78.0914 78.0622
111500 77.8834 78.0621
111600 78.2 78.0622
111700 78.6458 78.0627
111800 78.5773 78.0632
111900 78.5295 78.0636
112000 77.9807 78.0635
112100 78.2845 78.0637
112200 77.947 78.0636
112300 77.2213 78.0628
112400 77.2862 78.0622
112500 77.5472 78.0617
112600 77.596 78.0613
112700 77.7395 78.061
112800 77.4312 78.0604
112900 77.4081 78.0599
113000 77.5381 78.0594
113100 77.18 78.0586
113200 76.1829 78.057
113300 76.3396 78.0555
113400 76.3888 78.054
113500 76.6192 78.0527
113600 76.6942 78.0515
113700 77.7327 78.0512
113800 77.7721 78.051
113900 77.7057 78.0507
114000 77.956 78.0506
114100 76.7867 78.0495
114200 77.1311 78.0487
114300 76.9614 78.0477
114400 76.4837 78.0464
114500 76.7052 78.0452
114600 76.8344 78.0442
114700 76.8873 78.0431
114800 77.023 78.0423
114900 77.6064 78.0419
115000 77.6514 78.0415
115100 77.0215 78.0407
115200 77.5246 78.0402
115300 77.2811 78.0395
115400 76.9446 78.0386
115500 77.0649 78.0378
115600 77.4244 78.0372
115700 77.5774 78.0368
115800 77.6371 78.0365
115900 77.8707 78.0363
116000 77.7596 78.0361
116100 78.3854 78.0364
116200 78.7777 78.037
116300 77.9354 78.0369
116400 78.3753 78.0372
116500 78.844 78.0379
116600 78.439 78.0383
116700 77.6931 78.038
116800 77.5956 78.0376
116900 77.5115 78.0372
117000 77.6422 78.0368
117100 77.9195 78.0367
117200 77.6614 78.0364
117300 78.3399 78.0367
117400 78.0486 78.0367
117500 77.8007 78.0365
117600 77.9315 78.0364
117700 79.0479 78.0372
117800 77.76 78.037
117900 77.311 78.0364
118000 78.3797 78.0367
118100 78.296 78.0369
118200 77.8317 78.0367
118300 78.6254 78.0372
118400 78.813 78.0379
118500 79.262 78.0389
118600 78.2467 78.0391
118700 78.5295 78.0395
118800 78.4283 78.0398
118900 78.4707 78.0402
119000 78.981 78.041
119100 78.5659 78.0414
119200 78.4241 78.0417
119300 77.4159 78.0412
119400 77.9517 78.0411
119500 77.8353 78.041
119600 78.3761 78.0412
119700 78.3986 78.0415
119800 77.5065 78.0411
119900 77.3484 78.0405
120000 78.2602 78.0407
120100 78.4689 78.0411
120200 78.2895 78.0413
120300 78.2178 78.0414
120400 78.2382 78.0416
120500 78.405 78.0419
120600 78.1797 78.042
120700 78.2277 78.0421
120800 78.5198 78.0425
120900 77.6023 78.0422
121000 77.4041 78.0416
121100 77.3099 78.041
121200 77.7724 78.0408
121300 77.4065 78.0403
121400 76.6239 78.0391
121500 76.5161 78.0379
121600 76.4369 78.0366
121700 76.5582 78.0353
121800 77.2363 78.0347
121900 77.6375 78.0344
122000 78.5672 78.0348
122100 78.9882 78.0356
122200 79.1789 78.0365
122300 78.3659 78.0368
122400 77.9971 78.0368
122500 77.8537 78.0366
122600 77.757 78.0364
122700 77.5176 78.036
122800 77.693 78.0357
122900 78.1702 78.0358
123000 78.0829 78.0358
123100 78.0055 78.0358
123200 78.0055 78.0358
123300 78.0071 78.0358
123400 78.1547 78.0358
123500 78.8795 78.0365
123600 78.7307 78.0371
123700 78.4086 78.0374
123800 78.2976 78.0376
123900 78.8644 78.0383
124000 78.6413 78.0388
124100 78.9921 78.0395
124200 77.803 78.0393
124300 77.8219 78.0392
124400 77.43 78.0387
124500 77.0063 78.0378
124600 77.4533 78.0374
124700 76.834 78.0364
124800 77.9146 78.0363
124900 78.4603 78.0366
125000 77.1648 78.0359
125100 76.9042 78.035
125200 76.7807 78.034
125300 76.3399 78.0327
125400 76.55 78.0315
125500 76.1125 78.03
125600 75.8893 78.0283
125700 75.6935 78.0264
125800 75.9465 78.0248
125900 76.2444 78.0234
126000 76.4158 78.0221
126100 76.2728 78.0207
126200 77.0391 78.0199
126300 76.772 78.0189
126400 76.8439 78.018
126500 76.7525 78.017
126600 77.6267 78.0167
126700 77.8804 78.0166
126800 77.7394 78.0164
126900 77.7689 78.0162
127000 76.9694 78.0153
127100 77.025 78.0146
127200 77.1526 78.0139
127300 76.7266 78.0129
127400 76.246 78.0115
127500 76.1046 78.01
127600 75.8897 78.0083
127700 76.3877 78.0071
127800 76.8331 78.0061
127900 76.3864 78.0049
128000 76.8103 78.0039
128100 77.2043 78.0033
128200 77.2411 78.0027
128300 76.8334 78.0018
128400 77.1449 78.0011
128500 76.8033 78.0002
128600 77.2778 77.9996
128700 77.7122 77.9994
128800 77.2338 77.9988
128900 76.9151 77.998
129000 76.7826 77.997
129100 77.5393 77.9967
129200 77.7455 77.9965
129300 77.4322 77.9961
129400 77.2092 77.9955
129500 76.7769 77.9945
129600 77.2471 77.9939
129700 76.4997 77.9928
129800 77.4565 77.9924
129900 77.392 77.9919
130000 78.4261 77.9922
130100 78.2283 77.9924
130200 76.899 77.9916
130300 76.5195 77.9905
130400 77.22 77.9899
130500 76.6982 77.9889
130600 76.9857 77.9881
130700 76.4795 77.987
130800 76.9409 77.9862
130900 77.3856 77.9857
131000 76.7489 77.9847
131100 77.5497 77.9844
131200 76.653 77.9834
131300 77.3648 77.9829
131400 76.6955 77.982
131500 77.4918 77.9816
131600 77.3309 77.9811
131700 77.51 77.9807
131800 77.3203 77.9802
131900 77.9395 77.9802
132000 77.3403 77.9797
132100 78.0415 77.9798
132200 78.1936 77.9799
132300 77.8137 77.9798
132400 77.6947 77.9796
132500 78.0346 77.9796
132600 78.5843 77.9801
132700 78.6644 77.9806
132800 78.3715 77.9809
132900 79.7085 77.9822
133000 79.5431 77.9834
133100 78.9432 77.9841
133200 77.7208 77.9839
133300 78.292 77.9841
133400 78.1395 77.9842
133500 79.1197 77.9851
133600 79.1632 77.986
133700 78.3534 77.9862
133800 78.0244 77.9863
133900 77.7498 77.9861
134000 78.0938 77.9862
134100 78.1466 77.9863
134200 77.6577 77.986
134300 77.8183 77.9859
134400 77.8536 77.9858
134500 77.7916 77.9857
134600 77.8261 77.9856
134700 78.2434 77.9857
134800 78.5654 77.9862
134900 78.8698 77.9868
135000 79.2825 77.9878
135100 78.6361 77.9883
135200 77.84 77.9882
135300 78.2966 77.9884
135400 78.3083 77.9886
135500 78.0776 77.9887
135600 77.7984 77.9886
135700 78.5806 77.989
135800 77.2806 77.9885
135900 78.0202 77.9885
136000 78.4537 77.9888
136100 77.8066 77.9887
136200 77.9916 77.9887
136300 78.3459 77.989
136400 77.3821 77.9885
136500 77.0786 77.9879
136600 77.2816 77.9873
136700 76.0409 77.9859
136800 75.7173 77.9843
136900 76.0441 77.9828
137000 75.9093 77.9813
137100 76.258 77.9801
137200 77.1167 77.9794
137300 76.2021 77.9781
137400 76.9463 77.9774
137500 77.1716 77.9768
137600 77.8495 77.9767
137700 77.4583 77.9763
137800 77.676 77.9761
137900 77.7702 77.976
138000 77.5549 77.9757
138100 77.0772 77.975
138200 78.1732 77.9752
138300 78.6245 77.9756
138400 77.9003 77.9756
138500 78.3713 77.9759
138600 78.2246 77.976
138700 78.0688 77.9761
138800 77.8259 77.976
138900 76.7528 77.9751
139000 76.9248 77.9744
139100 76.7478 77.9735
139200 76.8584 77.9727
139300 76.716 77.9718
139400 76.6555 77.9708
139500 76.9177 77.9701
139600 76.2609 77.9688
139700 76.881 77.9681
139800 75.8193 77.9665
139900 76.1502 77.9652
140000 77.1599 77.9647
140100 76.9648 77.9639
140200 76.4965 77.9629
140300 77.2806 77.9624
140400 77.486 77.9621
140500 77.1625 77.9615
140600 76.9599 77.9608
140700 77.1 77.9602
140800 78.048 77.9602
140900 77.4131 77.9599
141000 77.3843 77.9594
141100 76.4474 77.9584
141200 76.8097 77.9576
141300 76.8548 77.9568
141400 76.238 77.9556
141500 77.2928 77.9551
141600 78.3409 77.9554
141700 78.1469 77.9555
141800 76.6543 77.9546
141900 76.919 77.9539
142000 76.8528 77.9531
142100 77.7866 77.953
142200 77.8803 77.9529
142300 78.2844 77.9531
142400 77.573 77.9529
142500 77.285 77.9524
142600 77.3602 77.952
142700 77.5263 77.9517
142800 77.1408 77.9511
142900 76.6756 77.9502
143000 77.2563 77.9498
143100 77.4063 77.9494
143200 77.0788 77.9488
143300 77.4562 77.9484
143400 76.5315 77.9474
143500 76.6726 77.9465
143600 76.9778 77.9459
143700 77.0764 77.9453
143800 77.6951 77.9451
143900 77.928 77.9451
144000 77.7677 77.945
144100 77.107 77.9444
144200 76.9219 77.9437
144300 76.9309 77.943
144400 76.8138 77.9422
144500 76.5582 77.9412
144600 76.5748 77.9403
144700 76.2404 77.9391
144800 75.8822 77.9377
144900 75.9861 77.9363
145000 75.8628 77.9349
145100 75.8303 77.9335
145200 76.9541 77.9328
145300 77.3943 77.9324
145400 77.5426 77.9321
145500 77.8907 77.9321
145600 78.0016 77.9322
145700 78.4165 77.9325
145800 78.5076 77.9329
145900 79.0165 77.9336
146000 79.6627 77.9348
146100 79.1091 77.9356
146200 79.4077 77.9366
146300 78.4914 77.937
146400 78.4101 77.9373
146500 78.0828 77.9374
146600 78.4789 77.9378
146700 77.895 77.9378
146800 78.2086 77.938
146900 77.8338 77.9379
147000 77.6509 77.9377
147100 78.0172 77.9377
147200 78.1108 77.9379
147300 78.2537 77.9381
147400 78.2255 77.9383
147500 77.8757 77.9382
147600 77.6608 77.938
147700 77.2558 77.9376
147800 76.141 77.9364
147900 76.7243 77.9355
148000 77.1159 77.935
148100 76.5096 77.934
148200 76.3681 77.933
148300 77.578 77.9327
148400 77.8554 77.9327
148500 76.913 77.932
148600 77.4672 77.9317
148700 78.1482 77.9318
148800 78.4491 77.9322
148900 78.0401 77.9322
149000 77.5858 77.932
149100 77.6535 77.9318
149200 77.8642 77.9318
149300 78.089 77.9319
149400 77.5997 77.9317
149500 78.2646 77.9319
149600 78.1767 77.932
149700 77.9692 77.9321
149800 78.9593 77.9328
149900 78.7924 77.9333
150000 78.0017 77.9334
150100 77.8424 77.9333
150200 77.9371 77.9333
150300 77.7904 77.9332
150400 77.387 77.9329
150500 77.5705 77.9326
150600 77.7858 77.9325
150700 77.6839 77.9324
150800 78.573 77.9328
150900 77.6789 77.9326
151000 77.9939 77.9327
151100 78.1026 77.9328
151200 78.3433 77.933
151300 78.8616 77.9337
151400 78.7291 77.9342
151500 78.1871 77.9343
151600 78.2997 77.9346
151700 77.6225 77.9344
151800 77.5107 77.9341
151900 77.918 77.9341
152000 78.1285 77.9342
152100 78.9182 77.9349
152200 78.9661 77.9355
152300 78.5447 77.9359
152400 79.167 77.9367
152500 78.9352 77.9374
152600 79.4431 77.9384
152700 79.8805 77.9397
152800 80.4307 77.9413
152900 80.5398 77.943
153000 79.1645 77.9438
153100 79.4426 77.9448
153200 79.1914 77.9456
153300 78.8686 77.9462
153400 79.3132 77.9471
153500 79.9578 77.9484
153600 79.6926 77.9495
153700 78.6849 77.95
153800 78.3058 77.9502
153900 77.1691 77.9497
154000 77.2632 77.9493
154100 77.8094 77.9492
154200 77.5112 77.9489
154300 78.5817 77.9493
154400 78.8549 77.9499
154500 77.8614 77.9498
154600 77.5976 77.9496
154700 77.7351 77.9495
154800 77.3424 77.9491
154900 78.1351 77.9492
155000 77.7324 77.9491
155100 78.2105 77.9492
155200 78.332 77.9495
155300 77.7287 77.9493
155400 77.79 77.9492
155500 77.4992 77.9489
155600 78.1393 77.9491
155700 78.1505 77.9492
155800 78.1384 77.9493
155900 78.3165 77.9496
156000 77.9243 77.9495
156100 78.0561 77.9496
156200 78.508 77.95
156300 78.5826 77.9504
156400 77.7658 77.9503
156500 77.3311 77.9499
156600 77.6206 77.9496
156700 77.4876 77.9493
156800 77.573 77.9491
156900 77.7133 77.949
157000 77.4319 77.9486
157100 77.5567 77.9484
157200 77.6034 77.9482
157300 77.8167 77.9481
157400 77.0638 77.9475
157500 78.7208 77.948
157600 78.6141 77.9484
157700 78.0488 77.9485
157800 78.0093 77.9485
157900 78.1013 77.9486
158000 77.7383 77.9485
158100 78.1638 77.9486
158200 78.2628 77.9488
158300 78.9772 77.9495
158400 78.223 77.9497
158500 77.5504 77.9494
158600 77.9105 77.9494
158700 78.6123 77.9498
158800 78.5515 77.9502
158900 78.2879 77.9504
159000 78.8331 77.9509
159100 78.1825 77.9511
159200 78.3984 77.9514
159300 78.2296 77.9515
159400 78.5864 77.9519
159500 77.9216 77.9519
159600 77.7796 77.9518
159700 77.9377 77.9518
159800 77.8326 77.9517
159900 77.891 77.9517
160000 77.9623 77.9517
160100 78.0759 77.9518
160200 77.8408 77.9517
160300 77.0753 77.9512
160400 77.4076 77.9508
160500 77.5005 77.9505
160600 76.539 77.9497
160700 76.96 77.949
160800 77.8644 77.949
160900 77.8593 77.9489
161000 76.2832 77.9479
161100 76.2053 77.9468
161200 76.6939 77.946
161300 77.7173 77.9459
161400 77.8833 77.9459
161500 77.8583 77.9458
161600 78.6358 77.9462
161700 78.533 77.9466
161800 78.3407 77.9468
161900 78.3641 77.9471
162000 78.5914 77.9475
162100 78.2311 77.9477
162200 77.5107 77.9474
162300 78.1242 77.9475
162400 77.7969 77.9474
162500 78.1484 77.9475
162600 77.2391 77.9471
162700 77.331 77.9467
162800 77.0194 77.9462
162900 77.1448 77.9457
163000 77.7598 77.9456
163100 76.9153 77.9449
163200 78.3007 77.9451
163300 77.2543 77.9447
163400 76.7534 77.944
163500 77.4661 77.9437
163600 77.3205 77.9433
163700 77.6341 77.9431
163800 78.04 77.9432
163900 78.1338 77.9433
164000 78.1901 77.9435
164100 77.8269 77.9434
164200 77.4073 77.9431
164300 76.237 77.942
164400 76.3496 77.941
164500 76.6709 77.9403
164600 77.9954 77.9403
164700 78.0929 77.9404
164800 77.438 77.9401
164900 77.5368 77.9399
165000 77.4278 77.9395
165100 77.0176 77.939
165200 77.2562 77.9386
165300 77.2675 77.9382
165400 77.1449 77.9377
165500 76.8376 77.937
165600 77.1892 77.9366
165700 76.7576 77.9359
165800 77.1418 77.9354
165900 77.0814 77.9349
166000 76.9801 77.9343
166100 77.0115 77.9337
166200 77.5693 77.9335
166300 77.8122 77.9334
166400 77.6229 77.9333
166500 77.8476 77.9332
166600 78.291 77.9334
166700 77.9382 77.9334
166800 78.5799 77.9338
166900 77.9084 77.9338
167000 77.598 77.9336
167100 78.0468 77.9337
167200 77.346 77.9333
167300 77.7866 77.9332
167400 78.7898 77.9337
167500 78.6534 77.9342
167600 78.3519 77.9344
167700 77.9704 77.9344
167800 78.1541 77.9346
167900 77.6591 77.9344
168000 78.049 77.9345
168100 77.5512 77.9342
168200 77.2581 77.9338
168300 77.8099 77.9338
168400 77.6362 77.9336
168500 77.9273 77.9336
168600 77.919 77.9336
168700 77.2245 77.9332
168800 77.0472 77.9326
168900 77.058 77.9321
169000 77.1203 77.9316
169100 78.0288 77.9317
169200 77.6809 77.9315
169300 77.5096 77.9313
169400 77.9296 77.9313
169500 77.968 77.9313
169600 78.373 77.9316
169700 78.1525 77.9317
169800 78.3889 77.932
169900 77.574 77.9318
170000 78.857 77.9323
170100 78.3004 77.9325
170200 77.7713 77.9324
170300 77.2039 77.932
170400 77.1085 77.9315
170500 76.5552 77.9307
170600 77.2079 77.9303
170700 77.0645 77.9298
170800 76.5789 77.929
170900 77.0099 77.9284
171000 77.6276 77.9283
171100 77.8705 77.9282
171200 77.0257 77.9277
171300 76.9801 77.9272
171400 77.2589 77.9268
171500 77.1894 77.9263
171600 77.2111 77.9259
171700 77.6614 77.9258
171800 77.8243 77.9257
171900 77.3214 77.9254
172000 78.4378 77.9257
172100 78.1307 77.9258
172200 78.0457 77.9258
172300 77.8521 77.9258
172400 77.8511 77.9258
172500 77.6174 77.9256
172600 78.6694 77.926
172700 77.3293 77.9257
172800 76.7166 77.925
172900 76.554 77.9242
173000 76.7186 77.9235
173100 76.7528 77.9228
173200 77.0965 77.9223
173300 77.7106 77.9222
173400 77.4049 77.9219
173500 77.6996 77.9218
173600 77.7395 77.9217
173700 77.6828 77.9215
173800 77.8486 77.9215
173900 77.1029 77.921
174000 77.9067 77.921
174100 77.7515 77.9209
174200 77.2092 77.9205
174300 76.4783 77.9197
174400 77.4967 77.9194
174500 78.0921 77.9195
174600 77.6442 77.9194
174700 77.4085 77.9191
174800 77.3153 77.9187
174900 77.3841 77.9184
175000 76.6463 77.9177
175100 77.4243 77.9174
175200 76.8986 77.9168
175300 77.3565 77.9165
175400 77.4217 77.9162
175500 77.3868 77.9159
175600 77.4159 77.9157
175700 77.6699 77.9155
175800 76.8201 77.9149
175900 76.9051 77.9143
176000 77.0124 77.9138
176100 77.0259 77.9133
176200 76.5498 77.9125
176300 76.594 77.9118
176400 77.2079 77.9114
176500 77.8571 77.9113
176600 76.9812 77.9108
176700 76.4568 77.91
176800 76.6708 77.9093
176900 76.7181 77.9086
177000 77.2568 77.9083
177100 77.1385 77.9078
177200 76.4454 77.907
177300 76.2705 77.9061
177400 77.1677 77.9057
177500 77.6881 77.9055
177600 77.5298 77.9053
177700 77.2761 77.905
177800 77.3873 77.9047
177900 76.9286 77.9041
178000 76.8992 77.9036
178100 77.3691 77.9033
178200 77.8216 77.9032
178300 77.8213 77.9032
178400 77.9156 77.9032
178500 77.586 77.903
178600 78.0163 77.9031
178700 79.3753 77.9039
178800 78.0465 77.904
178900 78.2719 77.9042
179000 78.272 77.9044
179100 78.1477 77.9045
179200 77.4374 77.9043
179300 77.7704 77.9042
179400 77.7314 77.9041
179500 77.3144 77.9038
179600 77.2146 77.9034
179700 77.8186 77.9033
179800 77.6615 77.9032
179900 77.9473 77.9032
180000 78.1955 77.9034
180100 78.1963 77.9035
180200 78.4918 77.9039
180300 79.1051 77.9045
180400 79.6923 77.9055
180500 78.9244 77.9061
180600 78.6392 77.9065
180700 78.4055 77.9068
180800 78.0333 77.9068
180900 77.5228 77.9066
181000 77.6601 77.9065
181100 78.4113 77.9068
181200 78.6186 77.9072
181300 79.3906 77.908
181400 78.793 77.9085
181500 78.6991 77.9089
181600 79.0455 77.9095
181700 79.0344 77.9101
181800 78.6362 77.9105
181900 78.5745 77.9109
182000 79.0915 77.9116
182100 78.2736 77.9118
182200 77.9246 77.9118
182300 77.7345 77.9117
182400 78.3216 77.9119
182500 78.0796 77.912
182600 79.4518 77.9128
182700 79.2343 77.9136
182800 78.4712 77.9139
182900 79.5597 77.9148
183000 78.3918 77.915
183100 78.6338 77.9154
183200 79.2131 77.9161
183300 78.2061 77.9163
183400 77.9652 77.9163
183500 78.3877 77.9166
183600 78.6807 77.917
183700 77.208 77.9166
183800 77.8343 77.9165
183900 77.086 77.9161
184000 77.5303 77.9159
184100 77.9137 77.9159
184200 77.7475 77.9158
184300 77.8529 77.9158
184400 77.4623 77.9155
184500 77.572 77.9153
184600 78.0266 77.9154
184700 78.5285 77.9157
184800 77.7671 77.9156
184900 78.0935 77.9157
185000 79.1775 77.9164
185100 78.6968 77.9168
185200 77.6187 77.9167
185300 77.668 77.9165
185400 78.211 77.9167
185500 77.4341 77.9164
185600 77.4696 77.9162
185700 77.86 77.9162
185800 77.7817 77.9161
185900 77.475 77.9159
186000 78.0186 77.9159
186100 77.9969 77.916
186200 78.1777 77.9161
186300 77.6907 77.916
186400 78.129 77.9161
186500 76.8836 77.9155
186600 77.238 77.9152
186700 77.4649 77.9149
186800 77.39 77.9147
186900 77.0939 77.9142
187000 77.3682 77.9139
187100 77.959 77.9139
187200 78.0302 77.914
187300 77.7573 77.9139
187400 77.8047 77.9139
187500 78.0767 77.914
187600 78.5257 77.9143
187700 77.7228 77.9142
187800 78.2036 77.9143
187900 78.2263 77.9145
188000 77.5019 77.9143
188100 78.3401 77.9145
188200 78.1853 77.9146
188300 77.8715 77.9146
188400 78.4904 77.9149
188500 77.5502 77.9147
188600 77.1329 77.9143
188700 78.0038 77.9144
188800 78.8103 77.9148
188900 77.5342 77.9146
189000 77.7814 77.9146
189100 77.9243 77.9146
189200 77.9662 77.9146
189300 77.4582 77.9144
189400 77.429 77.9141
189500 77.6031 77.9139
189600 77.4097 77.9137
189700 78.7164 77.9141
189800 78.0333 77.9142
189900 77.9939 77.9142
190000 77.8529 77.9142
190100 78.1848 77.9143
190200 78.3218 77.9145
190300 78.2786 77.9147
190400 78.9983 77.9153
190500 78.948 77.9158
190600 78.6966 77.9162
190700 78.411 77.9165
190800 78.4133 77.9168
190900 79.029 77.9173
191000 78.2374 77.9175
191100 77.2888 77.9172
191200 77.489 77.917
191300 76.8939 77.9164
191400 76.8775 77.9159
191500 76.6069 77.9152
191600 76.7703 77.9146
191700 76.9083 77.9141
191800 76.9556 77.9136
191900 76.1989 77.9127
192000 76.7953 77.9121
192100 76.7666 77.9115
192200 76.8769 77.911
192300 76.013 77.91
192400 76.1582 77.9091
192500 76.3912 77.9083
192600 76.2161 77.9074
192700 77.0548 77.907
192800 76.3319 77.9061
192900 76.2724 77.9053
193000 76.1654 77.9044
193100 76.8861 77.9039
193200 77.3794 77.9036
193300 77.2448 77.9033
193400 76.6683 77.9026
193500 76.065 77.9017
193600 76.4729 77.9009
193700 76.8216 77.9004
193800 77.2694 77.9
193900 78.1072 77.9002
194000 77.8815 77.9001
194100 77.1029 77.8997
194200 76.8334 77.8992
194300 77.4865 77.899
194400 78.1045 77.8991
194500 78.5043 77.8994
194600 78.7993 77.8999
194700 79.043 77.9004
194800 78.5784 77.9008
194900 77.8519 77.9008
195000 77.5834 77.9006
195100 77.547 77.9004
195200 78.0734 77.9005
195300 77.8479 77.9005
195400 77.4947 77.9003
195500 77.768 77.9002
195600 78.0617 77.9003
195700 78.2063 77.9004
195800 78.7241 77.9009
195900 78.883 77.9014
196000 79.1837 77.902
196100 79.1266 77.9026
196200 77.8145 77.9026
196300 78.5428 77.9029
196400 77.4284 77.9027
196500 78.1694 77.9028
196600 77.3293 77.9025
196700 77.5041 77.9023
196800 77.465 77.9021
196900 78.2543 77.9023
197000 77.588 77.9021
197100 77.019 77.9017
197200 79.0157 77.9022
197300 78.3718 77.9025
197400 78.7039 77.9029
197500 78.4881 77.9032
197600 78.2232 77.9033
197700 78.1491 77.9035
197800 78.1673 77.9036
197900 77.9339 77.9036
198000 77.9682 77.9036
198100 77.5594 77.9035
198200 78.3812 77.9037
198300 77.7852 77.9037
198400 78.4972 77.904
198500 78.4372 77.9042
198600 78.7506 77.9046
198700 78.5732 77.905
198800 78.2877 77.9052
198900 77.9946 77.9052
199000 78.0059 77.9053
199100 78.3646 77.9055
199200 77.2538 77.9052
199300 77.4373 77.9049
199400 77.3512 77.9047
199500 78.2433 77.9048
199600 78.3506 77.9051
199700 78.3849 77.9053
199800 78.1178 77.9054
199900 79.4134 77.9062
200000 78.5277 77.9065
200100 78.8139 77.9069
200200 79.4622 77.9077
200300 79.9174 77.9087
200400 80.1976 77.9098
200500 79.0536 77.9104
200600 79.1949 77.9111
200700 78.7548 77.9115
200800 78.3965 77.9117
200900 78.4568 77.912
201000 78.1068 77.9121
201100 77.673 77.912
201200 77.516 77.9118
201300 76.8181 77.9112
201400 77.8569 77.9112
201500 76.8789 77.9107
201600 76.9234 77.9102
201700 77.0894 77.9098
201800 77.2647 77.9095
201900 76.2209 77.9086
202000 76.8258 77.9081
202100 76.938 77.9076
202200 76.7785 77.9071
202300 76.6592 77.9064
202400 77.4256 77.9062
202500 77.1814 77.9058
202600 77.5008 77.9056
202700 78.0777 77.9057
202800 77.5278 77.9055
202900 76.9852 77.9051
203000 77.4738 77.9049
203100 77.5567 77.9047
203200 78.2041 77.9049
203300 77.9483 77.9049
203400 77.2236 77.9045
203500 77.1178 77.9042
203600 77.2703 77.9038
203700 77.8613 77.9038
203800 77.7335 77.9037
203900 77.391 77.9035
204000 77.7167 77.9034
204100 78.3766 77.9036
204200 78.2454 77.9038
204300 78.0646 77.9039
204400 78.2363 77.904
204500 79.4773 77.9048
204600 79.4691 77.9056
204700 79.062 77.9061
204800 79.4161 77.9069
204900 78.7141 77.9073
205000 79.2121 77.9079
205100 79.3363 77.9086
205200 79.3973 77.9093
205300 79.2835 77.91
205400 78.9201 77.9105
205500 79.5909 77.9113
205600 79.3527 77.912
205700 78.9614 77.9125
205800 78.3327 77.9127
205900 77.8438 77.9127
206000 77.7998 77.9126
206100 77.8549 77.9126
206200 77.7475 77.9125
206300 77.7049 77.9124
206400 78.3224 77.9126
206500 76.9538 77.9122
206600 77.2169 77.9118
206700 77.1655 77.9115
206800 77.4568 77.9112
206900 77.8209 77.9112
207000 77.3 77.9109
207100 77.5705 77.9107
207200 78.5008 77.911
207300 77.3166 77.9107
207400 77.7964 77.9107
207500 78.1022 77.9108
207600 78.0808 77.9109
207700 77.8426 77.9108
207800 78.0332 77.9109
207900 77.8497 77.9108
208000 77.601 77.9107
208100 77.064 77.9103
208200 77.6472 77.9102
208300 76.9981 77.9097
208400 77.85 77.9097
208500 77.5404 77.9095
208600 77.417 77.9093
208700 77.3882 77.909
208800 77.9517 77.9091
208900 77.5114 77.9089
209000 77.7735 77.9088
209100 77.3634 77.9085
209200 76.7859 77.908
209300 77.4371 77.9078
209400 77.4189 77.9075
209500 76.8457 77.907
209600 77.2176 77.9067
209700 77.0779 77.9063
209800 77.2971 77.906
209900 77.3677 77.9058
210000 77.0273 77.9054
210100 77.2021 77.905
210200 77.3256 77.9047
210300 77.422 77.9045
210400 77.252 77.9042
210500 77.494 77.904
210600 77.7083 77.9039
210700 77.6495 77.9038
210800 77.5511 77.9036
210900 76.5774 77.903
211000 76.895 77.9025
211100 76.709 77.902
211200 76.9217 77.9015
211300 77.0687 77.9011
211400 77.0325 77.9007
211500 77.3077 77.9004
211600 77.2307 77.9001
211700 76.9126 77.8996
211800 76.559 77.899
211900 77.0539 77.8986
212000 76.5079 77.8979
212100 77.3274 77.8977
212200 78.0392 77.8977
212300 77.8055 77.8977
212400 77.6232 77.8976
212500 78.8181 77.898
212600 79.0311 77.8985
212700 78.2264 77.8987
212800 78.3293 77.8989
212900 77.9271 77.8989
213000 78.8732 77.8994
213100 78.1733 77.8995
213200 78.4124 77.8997
213300 78.3464 77.8999
213400 78.7513 77.9003
213500 78.087 77.9004
213600 78.4868 77.9007
213700 78.6965 77.9011
213800 78.9956 77.9016
213900 78.6678 77.9019
214000 78.6814 77.9023
214100 78.9194 77.9028
214200 79.2335 77.9034
214300 79.6315 77.9042
214400 79.6129 77.905
214500 79.4513 77.9057
214600 79.2462 77.9063
214700 79.0704 77.9069
214800 78.3677 77.9071
214900 78.2857 77.9073
215000 78.2341 77.9074
215100 78.4158 77.9077
215200 78.7329 77.908
215300 78.7967 77.9085
215400 78.9481 77.9089
215500 78.1848 77.9091
215600 78.373 77.9093
215700 77.9769 77.9093
215800 77.5399 77.9091
215900 77.8493 77.9091
216000 77.7854 77.9091
216100 77.5605 77.9089
216200 77.5119 77.9087
216300 77.5385 77.9085
216400 77.0944 77.9082
216500 77.3769 77.9079
216600 78.5432 77.9082
216700 78.6297 77.9085
216800 78.2825 77.9087
216900 78.9771 77.9092
217000 78.9404 77.9097
217100 78.1118 77.9098
217200 78.3559 77.91
217300 78.5722 77.9103
217400 77.7508 77.9102
217500 77.8199 77.9102
217600 77.642 77.9101
217700 77.7565 77.91
217800 77.2638 77.9097
217900 78.1179 77.9098
218000 78.204 77.9099
218100 78.2924 77.9101
218200 78.3694 77.9103
218300 79.0191 77.9108
218400 78.1035 77.9109
218500 77.5716 77.9107
218600 77.8435 77.9107
218700 78.7928 77.9111
218800 78.5534 77.9114
218900 78.2347 77.9116
219000 78.0603 77.9116
219100 77.4224 77.9114
219200 78.2227 77.9115
219300 78.2094 77.9117
219400 77.9001 77.9117
219500 77.9148 77.9117
219600 77.4296 77.9115
219700 77.7777 77.9114
219800 77.8749 77.9114
219900 77.6752 77.9113
220000 77.4996 77.9111
220100 78.2116 77.9112
220200 78.3272 77.9114
220300 78.2767 77.9116
220400 78.0163 77.9116
220500 77.7801 77.9116
220600 77.1984 77.9112
220700 77.5667 77.9111
220800 77.6761 77.911
220900 77.4728 77.9108
221000 78.1695 77.9109
221100 78.1664 77.911
221200 78.9176 77.9115
221300 78.8687 77.9119
221400 78.9372 77.9124
221500 78.3427 77.9126
221600 77.7561 77.9125
221700 76.9057 77.912
221800 77.9571 77.9121
221900 78.8801 77.9125
222000 78.5153 77.9128
222100 79.578 77.9135
222200 78.7894 77.9139
222300 79.8108 77.9148
222400 78.3488 77.915
222500 78.9259 77.9154
222600 78.4217 77.9156
222700 78.3374 77.9158
222800 78.2567 77.916
222900 79.1189 77.9165
223000 78.6102 77.9168
223100 78.9769 77.9173
223200 78.7602 77.9177
223300 77.7575 77.9176
223400 78.3115 77.9178
223500 78.545 77.9181
223600 77.9699 77.9181
223700 78.4904 77.9183
223800 78.2631 77.9185
223900 77.5907 77.9184
224000 77.9623 77.9184
224100 77.546 77.9182
224200 77.6342 77.9181
224300 77.4059 77.9179
224400 77.1742 77.9175
224500 76.9203 77.9171
224600 76.3101 77.9164
224700 76.2965 77.9156
224800 76.3685 77.915
224900 76.8201 77.9145
225000 76.7457 77.9139
225100 77.6311 77.9138
225200 77.4934 77.9136
225300 76.8575 77.9132
225400 77.221 77.9129
225500 77.7361 77.9128
225600 77.2296 77.9125
225700 78.0358 77.9125
225800 78.8188 77.9129
225900 78.5179 77.9132
226000 78.4488 77.9134
226100 77.892 77.9134
226200 78.0888 77.9135
226300 78.0914 77.9136
226400 78.3298 77.9138
226500 78.2058 77.9139
226600 78.0365 77.914
226700 78.3179 77.9141
226800 78.3893 77.9143
226900 77.6175 77.9142
227000 77.7364 77.9141
227100 77.1525 77.9138
227200 77.8504 77.9138
227300 78.3731 77.914
227400 78.0563 77.914
227500 77.4889 77.9138
227600 76.7025 77.9133
227700 77.594 77.9132
227800 77.5879 77.913
227900 77.3221 77.9128
228000 77.0926 77.9124
228100 77.5633 77.9123
228200 77.1449 77.9119
228300 77.2131 77.9116
228400 77.904 77.9116
228500 78.3003 77.9118
228600 77.1152 77.9114
228700 77.1296 77.9111
228800 77.8411 77.9111
228900 76.9615 77.9106
229000 77.013 77.9103
229100 76.3817 77.9096
229200 76.7123 77.9091
229300 76.5313 77.9085
229400 76.1608 77.9077
229500 76.5014 77.9071
229600 76.2537 77.9064
229700 77.0299 77.906
229800 76.8333 77.9055
229900 76.5314 77.9049
230000 76.9262 77.9045
230100 76.2663 77.9038
230200 76.2224 77.9031
230300 77.3303 77.9028
230400 77.2846 77.9025
230500 78.016 77.9026
230600 77.1199 77.9022
230700 77.1873 77.9019
230800 77.2291 77.9016
230900 77.5403 77.9015
231000 77.942 77.9015
231100 77.5052 77.9013
231200 77.4674 77.9011
231300 77.9555 77.9012
231400 76.9574 77.9008
231500 77.7136 77.9007
231600 77.7216 77.9006
231700 77.7153 77.9005
231800 76.8949 77.9001
231900 77.2564 77.8998
232000 76.9594 77.8994
232100 76.6429 77.8989
232200 76.7846 77.8984
232300 76.0086 77.8976
232400 76.6683 77.897
232500 76.585 77.8965
232600 77.1706 77.8962
232700 76.2173 77.8954
232800 76.8628 77.895
232900 76.5558 77.8944
233000 76.6732 77.8939
233100 76.4612 77.8933
233200 77.07 77.8929
233300 76.0552 77.8921
233400 76.2718 77.8915
233500 76.0475 77.8907
233600 77.0899 77.8903
233700 77.2126 77.89
233800 76.8281 77.8896
233900 76.9749 77.8892
234000 76.5934 77.8886
234100 77.1262 77.8883
234200 76.5747 77.8877
234300 76.8349 77.8873
234400 77.365 77.8871
234500 76.8613 77.8866
234600 77.5721 77.8865
234700 77.1179 77.8862
234800 77.7688 77.8861
234900 78.4044 77.8863
235000 77.6852 77.8863
235100 77.51 77.8861
235200 77.4223 77.8859
235300 77.4123 77.8857
235400 78.2829 77.8859
235500 78.1686 77.886
235600 77.8638 77.886
235700 78.2777 77.8861
235800 77.9978 77.8862
235900 78.0411 77.8863
236000 77.6091 77.8861
236100 77.7439 77.8861
236200 77.8194 77.8861
236300 77.9993 77.8861
236400 79.3826 77.8867
236500 80.0209 77.8876
236600 80.7227 77.8888
236700 80.227 77.8898
236800 80.3388 77.8909
236900 79.9272 77.8917
237000 79.6739 77.8925
237100 80.0937 77.8934
237200 80.8194 77.8946
237300 80.3234 77.8957
237400 80.0542 77.8966
237500 79.8568 77.8974
237600 79.641 77.8981
237700 80.3369 77.8991
237800 79.2066 77.8997
237900 79.2282 77.9003
238000 79.1961 77.9008
238100 78.6775 77.9011
238200 78.6611 77.9014
238300 78.457 77.9017
238400 78.136 77.9018
238500 78.0539 77.9018
238600 78.22 77.902
238700 77.6125 77.9019
238800 77.0908 77.9015
238900 77.7295 77.9014
239000 77.7332 77.9014
239100 76.8934 77.901
239200 77.021 77.9006
239300 76.9576 77.9002
239400 77.2655 77.8999
239500 77.5644 77.8998
239600 77.911 77.8998
239700 78.0458 77.8998
239800 77.5969 77.8997
239900 78.7656 77.9001
240000 78.6709 77.9004
240100 79.2245 77.901
240200 78.4277 77.9012
240300 78.0566 77.9012
240400 78.1584 77.9013
240500 77.8305 77.9013
240600 77.8778 77.9013
240700 76.873 77.9009
240800 77.5509 77.9007
240900 76.7842 77.9003
241000 77.0523 77.8999
241100 76.9767 77.8995
241200 76.5402 77.899
241300 76.6532 77.8985
241400 77.7923 77.8984
241500 76.967 77.898
241600 76.2839 77.8974
241700 77.155 77.8971
241800 76.2131 77.8964
241900 76.4839 77.8958
242000 76.8413 77.8953
242100 77.5521 77.8952
242200 77.4981 77.895
242300 77.2908 77.8948
242400 77.9965 77.8948
242500 77.8171 77.8948
242600 76.9762 77.8944
242700 77.7054 77.8943
242800 77.5289 77.8942
242900 77.0833 77.8939
243000 76.9239 77.8935
243100 77.1886 77.8932
243200 76.9474 77.8928
243300 77.4309 77.8926
243400 77.5072 77.8924
243500 77.7799 77.8924
243600 77.6764 77.8923
243700 77.8128 77.8923
243800 78.7609 77.8926
243900 77.6331 77.8925
244000 78.425 77.8927
244100 78.236 77.8929
244200 77.9914 77.8929
244300 76.9395 77.8925
244400 77.2425 77.8923
244500 76.4223 77.8916
244600 76.8651 77.8912
244700 77.0276 77.8909
244800 77.5125 77.8907
244900 78.3647 77.8909
245000 78.7519 77.8913
245100 78.0866 77.8913
245200 78.7814 77.8917
245300 78.5812 77.892
245400 78.3593 77.8922
245500 78.7333 77.8925
245600 78.4608 77.8928
245700 77.2936 77.8925
245800 78.2159 77.8926
245900 78.465 77.8929
246000 79.116 77.8934
246100 79.0671 77.8938
246200 79.4762 77.8945
246300 78.8287 77.8949
246400 78.8652 77.8953
246500 79.2313 77.8958
246600 79.2638 77.8964
246700 80.2678 77.8973
246800 78.5487 77.8976
246900 78.8235 77.898
247000 78.8792 77.8984
247100 78.617 77.8987
247200 78.5314 77.8989
247300 78.1196 77.899
247400 78.519 77.8992
247500 78.1987 77.8994
247600 78.5014 77.8996
247700 78.0651 77.8997
247800 78.6033 77.9
247900 79.3898 77.9006
248000 78.6301 77.9009
248100 79.0472 77.9013
248200 78.9526 77.9017
248300 79.3747 77.9023
248400 79.487 77.903
248500 79.187 77.9035
248600 79.1514 77.904
248700 78.9533 77.9044
248800 78.177 77.9045
248900 77.6338 77.9044
249000 77.4146 77.9042
249100 77.8878 77.9042
249200 78.4807 77.9044
249300 78.1701 77.9045
249400 77.9828 77.9046
249500 77.6847 77.9045
249600 78.3594 77.9047
249700 77.2891 77.9044
249800 77.256 77.9042
249900 77.5351 77.904
250000 77.065 77.9037
250100 76.521 77.9031
250200 76.3181 77.9025
250300 76.5897 77.902
250400 76.766 77.9015
250500 77.6288 77.9014
250600 78.0569 77.9015
250700 77.6535 77.9014
250800 77.3788 77.9012
250900 77.712 77.9011
251000 76.982 77.9007
251100 76.8591 77.9003
251200 76.5155 77.8998
251300 76.7722 77.8993
251400 77.7635 77.8993
251500 78.3888 77.8995
251600 78.5278 77.8997
251700 78.6175 77.9
251800 78.7462 77.9003
251900 78.4579 77.9005
252000 77.8354 77.9005
252100 77.9493 77.9005
252200 77.6704 77.9004
252300 77.2818 77.9002
252400 77.394 77.9
252500 77.391 77.8998
252600 76.7605 77.8993
252700 77.5802 77.8992
252800 77.3429 77.899
252900 78.6075 77.8993
253000 77.9159 77.8993
253100 77.3662 77.8991
253200 77.646 77.899
253300 77.2529 77.8987
253400 76.8819 77.8983
253500 77.9546 77.8983
253600 78.9105 77.8987
253700 77.9883 77.8988
253800 78.2456 77.8989
253900 79.1442 77.8994
254000 78.4686 77.8996
254100 78.3631 77.8998
254200 78.041 77.8999
254300 78.215 77.9
254400 78.2728 77.9001
254500 79.4954 77.9008
254600 78.796 77.9011
254700 78.1543 77.9012
254800 79.0927 77.9017
254900 79.2856 77.9022
255000 78.6865 77.9025
255100 78.4531 77.9027
255200 78.0082 77.9028
255300 78.2698 77.9029
255400 78.3719 77.9031
255500 77.9284 77.9031
255600 78.1917 77.9032
255700 78.103 77.9033
255800 78.1315 77.9034
255900 78.8609 77.9038
256000 78.5207 77.904
256100 78.2936 77.9042
256200 78.2574 77.9043
256300 78.3847 77.9045
256400 78.5454 77.9047
256500 78.3751 77.9049
256600 77.7916 77.9049
256700 78.1804 77.905
256800 78.1287 77.9051
256900 78.1228 77.9052
257000 78.562 77.9054
257100 79.1708 77.9059
257200 79.1185 77.9064
257300 78.9566 77.9068
257400 78.3082 77.907
257500 79.6114 77.9076
257600 79.5642 77.9083
257700 79.2454 77.9088
257800 79.455 77.9094
257900 79.2996 77.9099
258000 79.2119 77.9104
258100 78.8128 77.9108
258200 78.3112 77.9109
258300 77.8231 77.9109
258400 78.2372 77.911
258500 78.0038 77.9111
258600 77.7933 77.911
258700 77.2463 77.9107
258800 77.1581 77.9105
258900 77.3363 77.9102
259000 77.8969 77.9102
259100 76.9761 77.9099
259200 77.4838 77.9097
259300 78.2524 77.9098
259400 77.879 77.9098
259500 77.0188 77.9095
259600 77.1958 77.9092
259700 77.4104 77.909
259800 77.9533 77.909
259900 77.9405 77.909
260000 78.1458 77.9091
260100 77.7506 77.9091
260200 77.5091 77.9089
260300 77.5577 77.9088
260400 77.4194 77.9086
260500 77.3655 77.9084
260600 77.5344 77.9082
260700 77.2871 77.908
260800 77.7123 77.9079
260900 77.8653 77.9079
261000 77.922 77.9079
261100 78.4412 77.9081
261200 79.0988 77.9086
261300 78.0881 77.9087
261400 77.817 77.9086
261500 78.3564 77.9088
261600 78.6868 77.9091
261700 79.0983 77.9095
261800 78.6834 77.9098
261900 79.6626 77.9105
262000 79.2659 77.911
262100 79.9033 77.9118
262200 79.4597 77.9124
262300 78.8033 77.9127
262400 79.3884 77.9133
262500 78.7302 77.9136
262600 78.7148 77.9139
262700 77.8733 77.9139
262800 77.3757 77.9137
262900 77.7344 77.9136
263000 77.3083 77.9134
263100 78.766 77.9137
263200 78.5698 77.9139
263300 78.6569 77.9142
263400 78.3629 77.9144
263500 78.0655 77.9145
263600 77.5986 77.9143
263700 77.3143 77.9141
263800 77.8689 77.9141
263900 77.1586 77.9138
264000 77.5996 77.9137
264100 77.8813 77.9137
264200 76.8931 77.9133
264300 76.5346 77.9128
264400 77.8465 77.9127
264500 78.2257 77.9129
264600 77.3467 77.9126
264700 77.4567 77.9125
264800 77.755 77.9124
264900 77.623 77.9123
265000 77.5073 77.9122
265100 77.8307 77.9121
265200 77.2616 77.9119
265300 77.844 77.9118
265400 78.1513 77.9119
265500 77.9129 77.9119
265600 77.6799 77.9119
265700 77.1094 77.9116
265800 77.5068 77.9114
265900 78.123 77.9115
266000 77.4282 77.9113
266100 76.5214 77.9108
266200 76.8398 77.9104
266300 76.9319 77.91
266400 77.3909 77.9098
266500 78.0167 77.9098
266600 77.5488 77.9097
266700 77.3547 77.9095
266800 76.3752 77.9089
266900 76.6488 77.9085
267000 76.9651 77.9081
267100 76.6751 77.9076
267200 76.8949 77.9073
267300 77.1313 77.907
267400 76.7602 77.9065
267500 76.4224 77.906
267600 77.0117 77.9057
267700 76.4883 77.9051
267800 77.6758 77.905
267900 77.9542 77.9051
268000 78.1926 77.9052
268100 77.4104 77.905
268200 77.6214 77.9049
268300 77.9916 77.9049
268400 78.6331 77.9052
268500 78.196 77.9053
268600 78.6736 77.9056
268700 78.3482 77.9057
268800 78.4773 77.906
268900 78.8503 77.9063
269000 78.5724 77.9066
269100 77.9972 77.9066
269200 77.6076 77.9065
269300 77.43 77.9063
269400 77.8728 77.9063
269500 76.9061 77.9059
269600 77.4043 77.9057
269700 77.3632 77.9055
269800 77.5528 77.9054
269900 77.8184 77.9054
270000 78.0298 77.9054
270100 78.1309 77.9055
270200 77.5146 77.9053
270300 77.2021 77.9051
270400 76.8364 77.9047
270500 77.0811 77.9044
270600 77.0214 77.9041
270700 77.0049 77.9037
270800 76.8345 77.9033
270900 78.0225 77.9034
271000 78.6278 77.9036
271100 78.5118 77.9039
271200 78.4774 77.9041
271300 77.8032 77.904
271400 77.8205 77.904
271500 77.5589 77.9039
271600 77.9414 77.9039
271700 77.1062 77.9036
271800 77.0374 77.9033
271900 76.4881 77.9028
272000 77.2781 77.9025
272100 76.7478 77.9021
272200 77.235 77.9019
272300 77.6372 77.9018
272400 77.5937 77.9017
272500 77.321 77.9014
272600 77.8786 77.9014
272700 77.7801 77.9014
272800 77.668 77.9013
272900 77.2397 77.9011
273000 77.7164 77.901
273100 77.7163 77.9009
273200 77.2771 77.9007
273300 77.3716 77.9005
273400 77.3246 77.9003
273500 77.6278 77.9002
273600 77.478 77.9
273700 76.8902 77.8997
273800 77.7166 77.8996
273900 78.0184 77.8996
274000 77.3484 77.8994
274100 77.5227 77.8993
274200 77.9035 77.8993
274300 78.6565 77.8996
274400 78.5604 77.8998
274500 77.782 77.8998
274600 78.3959 77.9
274700 78.2466 77.9001
274800 77.6946 77.9
274900 78.2017 77.9001
275000 77.9394 77.9001
275100 76.9443 77.8998
275200 76.9074 77.8994
275300 76.8105 77.899
275400 76.9394 77.8987
275500 78.0783 77.8988
275600 78.1669 77.8989
275700 77.8053 77.8988
275800 78.0704 77.8989
275900 77.4262 77.8987
276000 78.0106 77.8988
276100 78.7663 77.8991
276200 77.4526 77.8989
276300 77.6176 77.8988
276400 77.0545 77.8985
276500 76.982 77.8982
276600 76.8143 77.8978
276700 77.0485 77.8975
276800 77.1651 77.8972
276900 77.4056 77.897
277000 77.9777 77.8971
277100 78.031 77.8971
277200 78.6548 77.8974
277300 78.4301 77.8976
277400 78.7393 77.8979
277500 77.8099 77.8978
277600 77.554 77.8977
277700 77.4098 77.8975
277800 76.9935 77.8972
277900 77.1394 77.8969
278000 76.7799 77.8965
278100 77.2732 77.8963
278200 77.3759 77.8961
278300 78.3168 77.8963
278400 78.1441 77.8964
278500 77.9585 77.8964
278600 78.3221 77.8965
278700 77.7921 77.8965
278800 77.4448 77.8963
278900 77.9007 77.8963
279000 77.854 77.8963
279100 76.9783 77.896
279200 76.6929 77.8956
279300 76.1551 77.8949
279400 76.4779 77.8944
279500 76.6925 77.894
279600 76.8587 77.8936
279700 76.6819 77.8932
279800 77.8601 77.8932
279900 77.821 77.8932
280000 77.4998 77.893
280100 77.7069 77.893
280200 77.0059 77.8926
280300 77.0055 77.8923
280400 76.584 77.8919
280500 76.784 77.8915
280600 76.6992 77.891
280700 76.1169 77.8904
280800 76.2186 77.8898
280900 76.7975 77.8894
281000 76.5413 77.8889
281100 75.9233 77.8882
281200 76.2284 77.8877
281300 76.3263 77.8871
281400 76.0554 77.8865
281500 76.3763 77.8859
281600 75.8501 77.8852
281700 76.5521 77.8847
281800 77.2675 77.8845
281900 76.9688 77.8842
282000 77.1699 77.8839
282100 76.815 77.8835
282200 76.2445 77.883
282300 77.1219 77.8827
282400 77.3104 77.8825
282500 76.3241 77.8819
282600 76.2647 77.8814
282700 76.4424 77.8809
282800 76.4578 77.8804
282900 75.4901 77.8795
283000 75.8633 77.8788
283100 75.2519 77.8779
283200 75.5543 77.877
283300 75.8882 77.8763
283400 75.5606 77.8755
283500 75.2202 77.8746
283600 75.6644 77.8738
283700 76.218 77.8732
283800 76.4871 77.8727
283900 76.549 77.8723
284000 76.713 77.8719
284100 76.9547 77.8715
284200 77.2245 77.8713
284300 77.6009 77.8712
284400 77.7232 77.8712
284500 76.4236 77.8707
284600 76.7227 77.8703
284700 76.6226 77.8698
284800 77.0588 77.8695
284900 76.3706 77.869
285000 76.2649 77.8684
285100 76.3006 77.8679
285200 76.548 77.8674
285300 75.8097 77.8667
285400 75.7978 77.866
285500 76.3165 77.8654
285600 76.5553 77.865
285700 77.3757 77.8648
285800 77.2937 77.8646
285900 77.8673 77.8646
286000 77.0932 77.8643
286100 77.2197 77.8641
286200 76.66 77.8637
286300 76.7226 77.8633
286400 76.8151 77.8629
286500 76.9187 77.8626
286600 77.3017 77.8624
286700 77.1706 77.8622
286800 77.2358 77.8619
286900 77.5388 77.8618
287000 76.9748 77.8615
287100 77.3912 77.8614
287200 77.2786 77.8612
287300 77.9132 77.8612
287400 77.5141 77.8611
287500 77.2522 77.8608
287600 78.2553 77.861
287700 77.8196 77.861
287800 77.9171 77.861
287900 77.6076 77.8609
288000 77.2896 77.8607
288100 77.4183 77.8605
288200 76.6402 77.8601
288300 76.9947 77.8598
288400 77.2656 77.8596
288500 77.4293 77.8595
288600 78.0093 77.8595
288700 76.6365 77.8591
288800 77.3096 77.8589
288900 76.9608 77.8586
289000 76.6191 77.8582
289100 76.2622 77.8576
289200 76.0118 77.857
289300 76.8186 77.8566
289400 76.8502 77.8563
289500 78.2023 77.8564
289600 79.1136 77.8568
289700 78.4561 77.857
289800 80.4983 77.8579
289900 80.4128 77.8588
290000 80.5323 77.8597
290100 80.3898 77.8606
290200 79.5919 77.8612
290300 80.2887 77.862
290400 79.1447 77.8625
290500 79.4742 77.863
290600 78.8921 77.8634
290700 77.7049 77.8633
290800 78.5409 77.8636
290900 78.1636 77.8637
291000 78.3032 77.8638
291100 78.936 77.8642
291200 78.4621 77.8644
291300 78.5304 77.8646
291400 78.6148 77.8649
291500 78.4851 77.8651
291600 78.4005 77.8653
291700 78.2504 77.8654
291800 78.9364 77.8658
291900 78.6449 77.8661
292000 78.8154 77.8664
292100 78.0686 77.8664
292200 78.3619 77.8666
292300 77.9722 77.8667
292400 78.1 77.8667
292500 78.3222 77.8669
292600 77.8425 77.8669
292700 77.9591 77.8669
292800 77.337 77.8667
292900 76.9799 77.8664
293000 77.3567 77.8663
293100 76.681 77.8659
293200 77.1735 77.8656
293300 77.9905 77.8657
293400 78.7803 77.866
293500 78.1436 77.8661
293600 78.7954 77.8664
293700 78.4892 77.8666
293800 78.5146 77.8668
293900 78.3379 77.867
294000 78.5356 77.8672
294100 78.7237 77.8675
294200 78.5858 77.8677
294300 78.6835 77.868
294400 78.4317 77.8682
294500 78.2787 77.8683
294600 78.121 77.8684
294700 78.2324 77.8686
294800 77.6049 77.8685
294900 78.2044 77.8686
295000 77.711 77.8685
295100 77.0686 77.8683
295200 77.0216 77.868
295300 77.5572 77.8679
295400 78.0284 77.8679
295500 77.9869 77.868
295600 77.5778 77.8679
295700 76.6093 77.8674
295800 76.6903 77.867
295900 77.1978 77.8668
296000 77.0706 77.8665
296100 76.9623 77.8662
296200 76.9275 77.8659
296300 77.1241 77.8657
296400 77.2519 77.8655
296500 78.564 77.8657
296600 78.0028 77.8657
296700 78.0471 77.8658
296800 78.2984 77.8659
296900 77.7575 77.8659
297000 78.2677 77.866
297100 77.8137 77.866
297200 78.3797 77.8662
297300 78.6561 77.8665
297400 78.5316 77.8667
297500 78.5769 77.8669
297600 78.3892 77.8671
297700 78.4278 77.8673
297800 78.6606 77.8676
297900 78.5277 77.8678
298000 78.2147 77.8679
298100 77.6899 77.8678
298200 77.7388 77.8678
298300 76.9941 77.8675
298400 77.6435 77.8674
298500 76.9684 77.8671
298600 77.7492 77.8671
298700 76.9689 77.8668
298800 76.9416 77.8665
298900 78.0433 77.8665
299000 77.9135 77.8666
299100 77.0896 77.8663
299200 78.3214 77.8664
299300 78.321 77.8666
299400 78.1163 77.8667
299500 78.3543 77.8668
299600 78.9817 77.8672
299700 79.2613 77.8677
299800 78.5364 77.8679
299900 79.3404 77.8684
300000 78.581 77.8686
300100 78.584 77.8689
300200 77.8407 77.8689
300300 77.6498 77.8688
300400 77.9756 77.8688
300500 78.2683 77.869
300600 78.6511 77.8692
300700 78.1776 77.8693
300800 77.7981 77.8693
300900 76.9997 77.869
301000 77.6104 77.8689
301100 77.4173 77.8688
301200 78.3434 77.8689
301300 78.0807 77.869
301400 78.2983 77.8691
301500 78.9364 77.8695
301600 78.215 77.8696
301700 78.3499 77.8698
301800 78.1132 77.8698
301900 77.2615 77.8696
302000 78.0312 77.8697
302100 78.0922 77.8698
302200 77.9428 77.8698
302300 78.3171 77.8699
302400 77.3989 77.8698
302500 77.8624 77.8698
302600 77.3419 77.8696
302700 77.7718 77.8696
302800 77.6326 77.8695
302900 76.9831 77.8692
303000 77.3034 77.869
303100 77.6789 77.869
303200 77.2582 77.8688
303300 77.4443 77.8686
303400 78.0734 77.8687
303500 78.3583 77.8688
303600 78.7247 77.8691
303700 78.2026 77.8692
303800 77.4939 77.8691
303900 78.6388 77.8694
304000 78.1245 77.8695
304100 78.4529 77.8696
304200 77.9511 77.8697
304300 77.7546 77.8696
304400 77.8958 77.8696
304500 77.8714 77.8696
304600 78.0118 77.8697
304700 78.4149 77.8699
304800 77.3782 77.8697
304900 77.4046 77.8696
305000 78.2394 77.8697
305100 77.94 77.8697
305200 78.7813 77.87
305300 79.3055 77.8705
305400 78.5763 77.8707
305500 78.6201 77.8709
305600 79.048 77.8713
305700 78.6504 77.8716
305800 77.886 77.8716
305900 78.2653 77.8717
306000 77.9014 77.8717
306100 77.6306 77.8716
306200 78.4102 77.8718
306300 78.0514 77.8719
306400 78.7211 77.8722
306500 78.7026 77.8724
306600 78.5137 77.8726
306700 78.0702 77.8727
306800 78.2019 77.8728
306900 78.3278 77.873
307000 77.7511 77.8729
307100 78.0131 77.873
307200 77.7551 77.8729
307300 78.1336 77.873
307400 78.7812 77.8733
307500 78.6469 77.8736
307600 78.7038 77.8738
307700 78.2858 77.874
307800 77.6152 77.8739
307900 77.7642 77.8738
308000 76.5207 77.8734
308100 76.867 77.8731
308200 77.3522 77.8729
308300 76.7515 77.8725
308400 77.6247 77.8725
308500 77.5904 77.8724
308600 78.7 77.8726
308700 78.5925 77.8729
308800 78.6032 77.8731
308900 79.4125 77.8736
309000 78.759 77.8739
309100 78.9098 77.8742
309200 79.0445 77.8746
309300 78.6981 77.8749
309400 78.1973 77.875
309500 78.0832 77.875
309600 78.2863 77.8752
309700 77.7607 77.8751
309800 77.9519 77.8752
309900 78.4231 77.8753
310000 78.4904 77.8755
310100 79.5593 77.8761
310200 78.0931 77.8762
310300 78.5074 77.8764
310400 77.9205 77.8764
310500 78.3238 77.8765
310600 78.5791 77.8767
310700 79.0658 77.8771
310800 78.5109 77.8773
310900 77.7115 77.8773
311000 77.9038 77.8773
311100 77.9301 77.8773
311200 78.7701 77.8776
311300 79.2946 77.878
311400 79.24 77.8785
311500 78.7209 77.8788
311600 78.1538 77.8788
311700 77.6266 77.8788
311800 77.6156 77.8787
311900 78.7089 77.8789
312000 77.9185 77.879
312100 78.2416 77.8791
312200 77.0493 77.8788
312300 77.6707 77.8787
312400 76.8752 77.8784
312500 77.2522 77.8782
312600 77.846 77.8782
312700 77.3433 77.878
312800 78.1737 77.8781
312900 77.7845 77.8781
313000 77.8486 77.8781
313100 78.0007 77.8781
313200 77.2373 77.8779
313300 77.6101 77.8778
313400 77.7635 77.8778
313500 78.4445 77.878
313600 78.2879 77.8781
313700 78.1354 77.8782
313800 78.5546 77.8784
313900 77.915 77.8784
314000 77.4459 77.8783
314100 77.5006 77.8782
314200 77.6154 77.8781
314300 77.4455 77.8779
314400 77.7173 77.8779
314500 78.4072 77.8781
314600 77.0998 77.8778
314700 78.2493 77.8779
314800 77.4655 77.8778
314900 77.5013 77.8777
315000 77.0681 77.8774
315100 77.0998 77.8772
315200 76.9603 77.8769
315300 77.1833 77.8767
315400 77.0194 77.8764
315500 76.7981 77.8761
315600 76.757 77.8757
315700 76.4829 77.8753
315800 76.3829 77.8748
315900 76.2342 77.8743
316000 76.391 77.8738
316100 76.6092 77.8734
316200 77.0341 77.8731
316300 77.2172 77.8729
316400 76.4479 77.8725
316500 76.3583 77.872
316600 76.4597 77.8715
316700 77.4109 77.8714
316800 76.8082 77.8711
316900 77.7562 77.871
317000 77.3259 77.8709
317100 76.9542 77.8706
317200 77.7149 77.8705
317300 79.0153 77.8709
317400 78.4587 77.8711
317500 77.9969 77.8711
317600 78.0648 77.8712
317700 78.8074 77.8715
317800 79.22 77.8719
317900 78.7341 77.8722
318000 79.3013 77.8726
318100 78.3807 77.8728
318200 78.2716 77.8729
318300 78.1946 77.873
318400 77.7667 77.873
318500 78.0058 77.873
318600 78.3798 77.8732
318700 76.9149 77.8729
318800 77.4611 77.8727
318900 77.3393 77.8726
319000 77.2454 77.8724
319100 77.0436 77.8721
319200 77.0818 77.8719
319300 76.936 77.8716
319400 77.0978 77.8713
319500 76.5135 77.8709
319600 76.6512 77.8705
319700 77.1128 77.8703
319800 77.5462 77.8702
319900 77.0159 77.8699
320000 76.9792 77.8696
320100 77.4017 77.8695
320200 77.8111 77.8695
320300 77.9026 77.8695
320400 77.6419 77.8694
320500 77.7285 77.8694
320600 77.6636 77.8693
320700 77.2894 77.8691
320800 77.9855 77.8692
320900 78.184 77.8693
321000 77.9133 77.8693
321100 77.7893 77.8692
321200 78.2656 77.8694
321300 78.1995 77.8695
321400 77.9414 77.8695
321500 78.9815 77.8698
321600 78.6919 77.8701
321700 78.4877 77.8703
321800 79.7219 77.8709
321900 79.1417 77.8713
322000 78.9411 77.8716
322100 79.1069 77.872
322200 78.9056 77.8723
322300 79.0422 77.8727
322400 78.5732 77.8729
322500 79.0071 77.8732
322600 79.064 77.8736
322700 78.3757 77.8737
322800 78.0902 77.8738
322900 77.8471 77.8738
323000 77.1091 77.8736
323100 77.269 77.8734
323200 77.97 77.8734
323300 77.2056 77.8732
323400 76.6889 77.8728
323500 77.1423 77.8726
323600 77.5311 77.8725
323700 77.7162 77.8725
323800 78.0505 77.8725
323900 78.5075 77.8727
324000 77.3122 77.8725
324100 77.6139 77.8725
324200 78.2005 77.8726
324300 77.7505 77.8725
324400 77.2915 77.8723
324500 77.2075 77.8721
324600 76.636 77.8718
324700 76.3561 77.8713
324800 76.3354 77.8708
324900 76.7296 77.8705
325000 76.546 77.8701
325100 76.5678 77.8697
325200 77.5636 77.8696
325300 76.5588 77.8692
325400 76.9162 77.8689
325500 77.5109 77.8688
325600 77.7019 77.8687
325700 77.3542 77.8686
325800 77.52 77.8684
325900 77.5069 77.8683
326000 76.8771 77.868
326100 77.6561 77.868
326200 77.7408 77.8679
326300 77.9748 77.868
326400 77.1754 77.8677
326500 77.683 77.8677
326600 77.8504 77.8677
326700 78.475 77.8679
326800 78.0233 77.8679
326900 77.7612 77.8679
327000 77.8551 77.8679
327100 77.7789 77.8679
327200 78.5216 77.8681
327300 78.3034 77.8682
327400 77.0872 77.8679
327500 77.2048 77.8677
327600 77.4762 77.8676
327700 77.6223 77.8676
327800 77.0496 77.8673
327900 77.2001 77.8671
328000 77.9928 77.8671
328100 77.7056 77.8671
328200 77.8545 77.8671
328300 78.1915 77.8672
328400 77.3253 77.867
328500 77.868 77.867
328600 77.9492 77.867
328700 77.5182 77.8669
328800 78.2502 77.8671
328900 77.5117 77.8669
329000 78.2923 77.8671
329100 78.8284 77.8674
329200 79.0613 77.8677
329300 78.9363 77.8681
329400 78.872 77.8684
329500 78.566 77.8686
329600 78.5315 77.8688
329700 78.1806 77.8689
329800 78.2557 77.869
329900 78.7163 77.8692
330000 79.0849 77.8696
330100 79.269 77.87
330200 79.2473 77.8704
330300 78.959 77.8708
330400 78.245 77.8709
330500 78.5511 77.8711
330600 77.8797 77.8711
330700 78.4584 77.8713
330800 78.2137 77.8714
330900 78.6372 77.8716
331000 77.8573 77.8716
331100 78.2071 77.8717
331200 77.6743 77.8717
331300 78.0347 77.8717
331400 77.0061 77.8714
331500 77.6439 77.8714
331600 77.9449 77.8714
331700 78.4641 77.8716
331800 78.2598 77.8717
331900 78.0925 77.8718
332000 78.1307 77.8718
332100 79.2816 77.8723
332200 78.4166 77.8724
332300 78.3918 77.8726
332400 78.1868 77.8727
332500 77.7816 77.8726
332600 77.6268 77.8726
332700 76.9896 77.8723
332800 77.2134 77.8721
332900 77.4018 77.872
333000 77.2302 77.8718
333100 77.1766 77.8716
333200 77.4839 77.8714
333300 77.6294 77.8714
333400 78.1899 77.8715
333500 77.9693 77.8715
333600 77.7124 77.8715
333700 77.3379 77.8713
333800 77.7797 77.8713
333900 77.4363 77.8711
334000 77.9932 77.8712
334100 77.1924 77.871
334200 77.9378 77.871
334300 78.6831 77.8712
334400 77.9931 77.8713
334500 77.7606 77.8712
334600 78.0754 77.8713
334700 78.1046 77.8714
334800 77.9725 77.8714
334900 77.5303 77.8713
335000 77.7674 77.8713
335100 78.297 77.8714
335200 78.8214 77.8717
335300 78.1516 77.8718
335400 77.6625 77.8717
335500 77.7462 77.8717
335600 78.288 77.8718
335700 77.6656 77.8717
335800 78.5068 77.8719
335900 78.9351 77.8722
336000 77.5322 77.8721
336100 76.9584 77.8719
336200 77.7036 77.8718
336300 78.4766 77.872
336400 78.7752 77.8722
336500 78.0385 77.8723
336600 77.8244 77.8723
336700 78.6272 77.8725
336800 78.8459 77.8728
336900 78.6402 77.873
337000 78.659 77.8733
337100 78.7792 77.8735
337200 78.2998 77.8737
337300 78.2221 77.8738
337400 78.4725 77.8739
337500 78.9483 77.8743
337600 78.8758 77.8746
337700 77.8766 77.8746
337800 78.2614 77.8747
337900 78.0814 77.8747
338000 77.4298 77.8746
338100 78.8985 77.8749
338200 78.9249 77.8752
338300 79.2492 77.8756
338400 78.9486 77.8759
338500 79.047 77.8763
338600 78.0355 77.8763
338700 78.6477 77.8766
338800 79.0189 77.8769
338900 78.3871 77.877
339000 78.2706 77.8772
339100 77.6637 77.8771
339200 77.7833 77.8771
339300 77.0743 77.8768
339400 77.8905 77.8768
339500 77.9271 77.8768
339600 78.1247 77.8769
339700 78.0204 77.877
339800 78.1051 77.877
339900 78.4427 77.8772
340000 77.8131 77.8772
340100 77.1903 77.877
340200 77.7198 77.8769
340300 77.4984 77.8768
340400 77.4868 77.8767
340500 78.6401 77.8769
340600 78.0284 77.877
340700 77.9794 77.877
340800 77.1886 77.8768
340900 77.6465 77.8767
341000 77.9631 77.8768
341100 78.1795 77.8768
341200 77.5827 77.8768
341300 78.1458 77.8768
341400 77.8102 77.8768
341500 77.708 77.8768
341600 77.0718 77.8765
341700 77.6641 77.8765
341800 78.3928 77.8766
341900 78.1153 77.8767
342000 78.3991 77.8768
342100 78.2476 77.877
342200 78.6878 77.8772
342300 78.7175 77.8774
342400 78.8188 77.8777
342500 78.4779 77.8779
342600 78.2866 77.878
342700 78.537 77.8782
342800 77.9334 77.8782
342900 77.1268 77.878
343000 78.1062 77.8781
343100 77.6072 77.878
343200 77.9654 77.878
343300 77.5536 77.8779
343400 77.9279 77.8779
343500 78.3879 77.8781
343600 78.1885 77.8782
343700 78.6977 77.8784
343800 79.307 77.8788
343900 78.5086 77.879
344000 78.6199 77.8792
344100 78.3467 77.8794
344200 78.0915 77.8794
344300 77.8458 77.8794
344400 78.5122 77.8796
344500 77.825 77.8796
344600 78.8253 77.8799
344700 78.5607 77.88
344800 78.7303 77.8803
344900 78.9386 77.8806
345000 79.3645 77.881
345100 79.3392 77.8815
345200 80.3014 77.8822
345300 79.8498 77.8827
345400 79.4628 77.8832
345500 78.9052 77.8835
345600 78.089 77.8835
345700 77.0608 77.8833
345800 78.3308 77.8834
345900 77.6464 77.8834
346000 76.6384 77.883
346100 76.9391 77.8827
346200 76.9938 77.8825
346300 77.8058 77.8824
346400 78.5606 77.8826
346500 77.9762 77.8827
346600 78.9336 77.883
346700 78.5151 77.8832
346800 78.4093 77.8833
346900 78.4876 77.8835
347000 78.103 77.8835
347100 78.1204 77.8836
347200 78.9352 77.8839
347300 79.2764 77.8843
347400 78.3587 77.8845
347500 78.0881 77.8845
347600 78.3716 77.8847
347700 78.5452 77.8848
347800 78.8919 77.8851
347900 79.1379 77.8855
348000 78.6279 77.8857
348100 78.6245 77.8859
348200 78.3027 77.886
348300 78.8676 77.8863
348400 78.5667 77.8865
348500 78.6488 77.8867
348600 78.0047 77.8868
348700 77.6606 77.8867
348800 78.1003 77.8868
348900 78.3342 77.8869
349000 78.1935 77.887
349100 78.1716 77.8871
349200 77.7552 77.887
349300 78.3487 77.8872
349400 78.6451 77.8874
349500 77.9424 77.8874
349600 77.6276 77.8873
349700 77.0535 77.8871
349800 78.1005 77.8871
349900 78.8214 77.8874
350000 79.5521 77.8879
350100 79.2469 77.8883
350200 79.1927 77.8886
350300 78.6208 77.8888
350400 78.7935 77.8891
350500 78.6199 77.8893
350600 77.7483 77.8893
350700 77.8613 77.8893
350800 77.9785 77.8893
350900 78.145 77.8894
351000 78.1997 77.8895
351100 77.981 77.8895
351200 78.0107 77.8895
351300 78.489 77.8897
351400 79.112 77.89
351500 78.6629 77.8903
351600 78.041 77.8903
351700 78.034 77.8903
351800 78.7686 77.8906
351900 79.0303 77.8909
352000 80.1778 77.8916
352100 79.3281 77.892
352200 79.9815 77.8926
352300 79.4772 77.893
352400 79.941 77.8936
352500 79.8746 77.8942
352600 79.5056 77.8946
352700 78.8991 77.8949
352800 78.5965 77.8951
352900 78.8239 77.8954
353000 79.6251 77.8958
353100 79.2143 77.8962
353200 78.4418 77.8964
353300 78.6968 77.8966
353400 78.577 77.8968
353500 79.004 77.8971
353600 80.0573 77.8977
353700 80.1534 77.8984
353800 79.5109 77.8988
353900 78.845 77.8991
354000 78.0561 77.8991
354100 79.0183 77.8994
354200 78.3864 77.8996
354300 77.9941 77.8996
354400 77.7409 77.8996
354500 77.8315 77.8995
354600 78.4385 77.8997
354700 77.9735 77.8997
354800 77.7115 77.8997
354900 77.6326 77.8996
355000 77.7013 77.8995
355100 77.7818 77.8995
355200 77.6157 77.8994
355300 77.6228 77.8993
355400 78.0223 77.8994
355500 77.4199 77.8992
355600 76.9956 77.899
355700 76.7739 77.8987
355800 76.7035 77.8983
355900 77.0703 77.8981
356000 77.3962 77.898
356100 76.7094 77.8976
356200 76.8313 77.8973
356300 78.0115 77.8974
356400 77.9516 77.8974
356500 79.0024 77.8977
356600 78.1609 77.8978
356700 78.2157 77.8978
356800 77.4156 77.8977
356900 77.4578 77.8976
357000 76.532 77.8972
357100 76.9913 77.897
357200 77.1475 77.8967
357300 76.7436 77.8964
357400 76.788 77.8961
357500 76.6459 77.8958
357600 77.5695 77.8957
357700 76.6396 77.8953
357800 76.4884 77.8949
357900 77.0359 77.8947
358000 77.0548 77.8944
358100 76.9012 77.8942
358200 77.1823 77.894
358300 77.3579 77.8938
358400 77.1138 77.8936
358500 76.9377 77.8933
358600 77.5242 77.8932
358700 76.6243 77.8929
358800 76.827 77.8926
358900 75.9305 77.892
359000 76.7157 77.8917
359100 76.4918 77.8913
359200 77.0831 77.8911
359300 77.2518 77.8909
359400 77.0872 77.8907
359500 76.8036 77.8904
359600 76.7541 77.8901
359700 76.168 77.8896
359800 76.8131 77.8893
359900 76.5024 77.8889
360000 76.5793 77.8885
360100 76.0097 77.888
360200 76.5333 77.8877
360300 76.6685 77.8873
360400 77.0622 77.8871
360500 77.0063 77.8868
360600 76.3373 77.8864
360700 75.9754 77.8859
360800 75.5805 77.8852
360900 76.3442 77.8848
361000 77.089 77.8846
361100 77.233 77.8844
361200 77.0548 77.8842
361300 77.0764 77.884
361400 77.337 77.8838
361500 77.252 77.8836
361600 77.8072 77.8836
361700 77.3615 77.8835
361800 76.7181 77.8831
361900 76.8205 77.8829
362000 77.9298 77.8829
362100 78.7448 77.8831
362200 78.8944 77.8834
362300 78.4062 77.8835
362400 78.3841 77.8837
362500 77.6962 77.8836
362600 78.0155 77.8836
362700 77.8255 77.8836
362800 78.6108 77.8838
362900 77.6394 77.8838
363000 77.3963 77.8836
363100 76.6663 77.8833
363200 77.393 77.8832
363300 77.8566 77.8832
363400 77.7958 77.8831
363500 77.7321 77.8831
363600 77.7816 77.8831
363700 77.4789 77.883
363800 77.8886 77.883
363900 77.8471 77.8829
364000 77.8879 77.8829
364100 77.7811 77.8829
364200 77.9797 77.8829
364300 78.1069 77.883
364400 78.1418 77.8831
364500 77.919 77.8831
364600 78.2458 77.8832
364700 78.4415 77.8833
364800 78.0909 77.8834
364900 78.6034 77.8836
365000 77.91 77.8836
365100 78.3141 77.8837
365200 77.8343 77.8837
365300 78.1741 77.8838
365400 77.1849 77.8836
365500 77.3706 77.8835
365600 77.1135 77.8832
365700 76.8804 77.883
365800 75.9856 77.8824
365900 76.5544 77.8821
366000 77.5699 77.882
366100 78.0538 77.882
366200 78.7676 77.8823
366300 76.6905 77.882
366400 77.0178 77.8817
366500 77.5187 77.8816
366600 77.2927 77.8815
366700 77.2948 77.8813
366800 77.0529 77.8811
366900 77.271 77.8809
367000 77.6242 77.8808
367100 78.1883 77.8809
367200 78.6737 77.8811
367300 79.201 77.8815
367400 78.8377 77.8818
367500 78.1131 77.8818
367600 77.9332 77.8818
367700 78.5175 77.882
367800 77.8944 77.882
367900 77.9156 77.882
368000 77.953 77.882
368100 78.1307 77.8821
368200 77.7429 77.8821
368300 77.1481 77.8819
368400 76.7817 77.8816
368500 76.8168 77.8813
368600 77.3659 77.8811
368700 77.8203 77.8811
368800 77.8434 77.8811
368900 77.7907 77.8811
369000 78.0121 77.8811
369100 77.1955 77.8809
369200 77.6989 77.8809
369300 77.4404 77.8808
369400 77.6569 77.8807
369500 77.9799 77.8807
369600 77.3155 77.8806
369700 76.6745 77.8803
369800 76.6375 77.8799
369900 76.7098 77.8796
370000 77.1171 77.8794
370100 77.3736 77.8793
370200 76.6444 77.8789
370300 76.3923 77.8785
370400 77.0134 77.8783
370500 77.518 77.8782
370600 77.865 77.8782
370700 76.9819 77.878
370800 77.124 77.8778
370900 77.266 77.8776
371000 76.8754 77.8773
371100 77.0984 77.8771
371200 77.5914 77.877
371300 77.4061 77.8769
371400 76.3137 77.8765
371500 77.1336 77.8763
371600 77.155 77.8761
371700 77.922 77.8761
371800 76.9597 77.8759
371900 77.071 77.8756
372000 77.2256 77.8755
372100 76.6174 77.8751
372200 76.4669 77.8748
372300 76.464 77.8744
372400 77.1989 77.8742
372500 77.4748 77.8741
372600 77.785 77.8741
372700 77.2249 77.8739
372800 77.0484 77.8737
372900 77.0214 77.8734
373000 77.0812 77.8732
373100 78.107 77.8733
373200 78.4583 77.8734
373300 77.394 77.8733
373400 77.0641 77.8731
373500 77.7502 77.8731
373600 77.9043 77.8731
373700 78.5386 77.8733
373800 78.6695 77.8735
373900 79.3788 77.8739
374000 78.3683 77.874
374100 77.6766 77.8739
374200 77.8199 77.8739
374300 78.1401 77.874
374400 77.5716 77.8739
374500 77.016 77.8737
374600 77.1627 77.8735
374700 78.0896 77.8736
374800 77.7678 77.8735
374900 78.0118 77.8736
375000 78.7775 77.8738
375100 78.7731 77.874
375200 77.8365 77.874
375300 78.1274 77.8741
375400 78.4016 77.8742
375500 78.9212 77.8745
375600 78.7233 77.8748
375700 78.3925 77.8749
375800 77.604 77.8748
375900 78.4623 77.875
376000 77.8839 77.875
376100 77.9644 77.875
376200 77.5811 77.8749
376300 76.7448 77.8746
376400 77.0588 77.8744
376500 76.8306 77.8741
376600 78.6865 77.8743
376700 78.9398 77.8746
376800 78.6224 77.8748
376900 77.6703 77.8748
377000 77.0689 77.8746
377100 77.4278 77.8744
377200 76.0507 77.874
377300 76.7014 77.8736
377400 77.6096 77.8736
377500 77.7988 77.8736
377600 77.7705 77.8735
377700 77.8762 77.8735
377800 78.2669 77.8736
377900 77.2383 77.8735
378000 76.9353 77.8732
378100 77.794 77.8732
378200 77.3163 77.873
378300 77.2128 77.8729
378400 77.2148 77.8727
378500 77.7098 77.8727
378600 77.7205 77.8726
378700 78.2081 77.8727
378800 78.9161 77.873
378900 79.4394 77.8734
379000 79.5166 77.8738
379100 78.5353 77.874
379200 78.5387 77.8742
379300 77.5977 77.8741
379400 77.6769 77.8741
379500 77.0879 77.8738
379600 77.0009 77.8736
379700 77.5434 77.8735
379800 77.963 77.8736
379900 77.8347 77.8735
380000 77.6239 77.8735
380100 77.4248 77.8734
380200 76.9705 77.8731
380300 76.399 77.8727
380400 77.1415 77.8725
380500 76.9705 77.8723
380600 76.8184 77.872
380700 76.8546 77.8718
380800 76.1017 77.8713
380900 76.8779 77.871
381000 76.5069 77.8707
381100 77.1947 77.8705
381200 77.602 77.8704
381300 77.3724 77.8703
381400 77.3412 77.8702
381500 78.2554 77.8703
381600 77.4657 77.8702
381700 77.2812 77.87
381800 78.056 77.87
381900 78.0166 77.8701
382000 76.8218 77.8698
382100 77.1628 77.8696
382200 77.1819 77.8694
382300 76.7345 77.8691
382400 76.6025 77.8688
382500 77.2952 77.8687
382600 76.847 77.8684
382700 76.317 77.868
382800 77.2296 77.8678
382900 76.535 77.8675
383000 76.7457 77.8672
383100 76.1111 77.8667
383200 76.7692 77.8664
383300 77.8737 77.8664
383400 76.8774 77.8662
383500 77.3189 77.866
383600 77.1925 77.8659
383700 77.4257 77.8658
383800 76.9181 77.8655
383900 78.0407 77.8656
384000 77.8259 77.8655
384100 79.0022 77.8658
384200 78.3312 77.866
384300 78.44 77.8661
384400 78.9256 77.8664
384500 79.2348 77.8667
384600 78.0219 77.8668
384700 78.844 77.867
384800 78.8432 77.8673
384900 78.7463 77.8675
385000 79.0018 77.8678
385100 78.0415 77.8679
385200 77.3768 77.8677
385300 77.4338 77.8676
385400 77.1356 77.8674
385500 77.5404 77.8673
385600 77.0763 77.8671
385700 77.0308 77.8669
385800 77.4026 77.8668
385900 78.1032 77.8669
386000 78.0203 77.8669
386100 77.4366 77.8668
386200 77.45 77.8667
386300 77.9 77.8667
386400 77.6918 77.8666
386500 77.9899 77.8667
386600 77.6291 77.8666
386700 77.2605 77.8665
386800 77.9099 77.8665
386900 77.7926 77.8665
387000 78.7102 77.8667
387100 78.0389 77.8667
387200 78.2514 77.8668
387300 78.5845 77.867
387400 78.74 77.8672
387500 78.1927 77.8673
387600 78.9664 77.8676
387700 78.8918 77.8679
387800 78.5791 77.868
387900 78.3777 77.8682
388000 78.4462 77.8683
388100 78.3503 77.8684
388200 78.3525 77.8686
388300 77.4731 77.8685
388400 77.4123 77.8683
388500 76.843 77.8681
388600 76.7294 77.8678
388700 78.0278 77.8678
388800 77.9209 77.8678
388900 77.3872 77.8677
389000 77.2817 77.8676
389100 77.6734 77.8675
389200 78.0038 77.8676
389300 78.0705 77.8676
389400 77.7429 77.8676
389500 77.6775 77.8675
389600 77.7559 77.8675
389700 78.4806 77.8677
389800 77.9484 77.8677
389900 78.1074 77.8677
390000 77.3987 77.8676
390100 77.5177 77.8675
390200 77.3892 77.8674
390300 77.5927 77.8673
390400 77.9692 77.8674
390500 78.4067 77.8675
390600 78.4639 77.8677
390700 78.611 77.8678
390800 78.5992 77.868
390900 78.4005 77.8682
391000 78.0951 77.8682
391100 78.2371 77.8683
391200 78.1497 77.8684
391300 77.8441 77.8684
391400 77.8795 77.8684
391500 77.9079 77.8684
391600 77.9213 77.8684
391700 78.3894 77.8685
391800 77.9483 77.8686
391900 77.8027 77.8685
392000 77.4711 77.8684
392100 77.1719 77.8683
392200 77.5755 77.8682
392300 78.3042 77.8683
392400 78.1907 77.8684
392500 77.2472 77.8682
392600 77.9401 77.8682
392700 77.5499 77.8682
392800 77.7178 77.8681
392900 77.9043 77.8681
393000 77.7223 77.8681
393100 77.0613 77.8679
393200 77.7598 77.8679
393300 78.445 77.868
393400 78.6042 77.8682
393500 78.6856 77.8684
393600 79.1385 77.8687
393700 78.2766 77.8688
393800 77.3656 77.8687
393900 77.2617 77.8686
394000 77.6773 77.8685
394100 77.0941 77.8683
394200 76.8626 77.8681
394300 77.3809 77.8679
394400 76.5919 77.8676
394500 76.7071 77.8673
394600 77.368 77.8672
394700 77.5979 77.8671
394800 78.1855 77.8672
394900 78.1876 77.8673
395000 78.2712 77.8674
395100 77.975 77.8674
395200 78.2343 77.8675
395300 77.9341 77.8675
395400 77.4234 77.8674
395500 77.3687 77.8673
395600 77.0539 77.8671
395700 77.7361 77.867
395800 77.6822 77.867
395900 78.4285 77.8671
396000 78.3193 77.8673
396100 79.3135 77.8676
396200 78.4984 77.8678
396300 78.5977 77.868
396400 78.5751 77.8681
396500 78.7474 77.8684
396600 78.7899 77.8686
396700 79.2412 77.8689
396800 78.8528 77.8692
396900 78.4992 77.8693
397000 78.329 77.8695
397100 78.1832 77.8695
397200 77.859 77.8695
397300 78.8556 77.8698
397400 78.9315 77.8701
397500 78.7697 77.8703
397600 78.7074 77.8705
397700 78.1199 77.8706
397800 78.135 77.8706
397900 78.0423 77.8707
398000 78.216 77.8707
398100 77.7986 77.8707
398200 77.8513 77.8707
398300 77.5792 77.8707
398400 77.7507 77.8706
398500 77.8347 77.8706
398600 77.9401 77.8706
398700 77.8524 77.8706
398800 78.786 77.8709
398900 78.0749 77.8709
399000 78.6049 77.8711
399100 77.8211 77.8711
399200 77.6957 77.871
399300 78.5336 77.8712
399400 78.6362 77.8714
399500 78.4958 77.8715
399600 78.77 77.8718
399700 78.3904 77.8719
399800 77.7197 77.8719
399900 77.6248 77.8718
400000 77.3811 77.8717
