# z rho/M
-87.118 0
-86.618 0
-86.118 0
-85.618 0
-85.118 0
-84.618 0
-84.118 0
-83.618 0
-83.118 0
-82.618 0
-82.118 0
-81.618 0
-81.118 0
-80.618 0
-80.118 0
-79.618 0
-79.118 0
-78.618 0
-78.118 0
-77.618 0
-77.118 0
-76.618 0
-76.118 0
-75.618 0
-75.118 0
-74.618 0
-74.118 0
-73.618 0
-73.118 0
-72.618 0
-72.118 0
-71.618 0
-71.118 0
-70.618 0
-70.118 0
-69.618 0
-69.118 0
-68.618 0
-68.118 0
-67.618 0
-67.118 0
-66.618 0
-66.118 0
-65.618 0
-65.118 0
-64.618 0
-64.118 0
-63.618 0
-63.118 0
-62.618 0
-62.118 0
-61.618 0
-61.118 0
-60.618 0
-60.118 0
-59.618 0
-59.118 0
-58.618 0
-58.118 0
-57.618 0
-57.118 0
-56.618 0
-56.118 0
-55.618 0
-55.118 0
-54.618 0
-54.118 0
-53.618 0
-53.118 0
-52.618 0
-52.118 0
-51.618 0
-51.118 0
-50.618 0
-50.118 0
-49.618 0
-49.118 0
-48.618 0
-48.118 0
-47.618 0
-47.118 0
-46.618 0
-46.118 0
-45.618 0
-45.118 0
-44.618 0
-44.118 0
-43.618 0
-43.118 0
-42.618 0
-42.118 0
-41.618 0
-41.118 0
-40.618 0
-40.118 0
-39.618 0
-39.118 0
-38.618 0
-38.118 0
-37.618 0
-37.118 0
-36.618 0
-36.118 0
-35.618 0
-35.118 0
-34.618 0
-34.118 0
-33.618 0
-33.118 0
-32.618 0
-32.118 0
-31.618 0
-31.118 0
-30.618 0.000274324
-30.118 0
-29.618 0
-29.118 0.000274324
-28.618 0.000548648
-28.118 0
-27.618 0
-27.118 0.000274324
-26.618 0
-26.118 0
-25.618 0
-25.118 0
-24.618 0.000822972
-24.118 0.00192027
-23.618 0.00274324
-23.118 0.00192027
-22.618 0.00329189
-22.118 0.00740675
-21.618 0.00795539
-21.118 0.00987566
-20.618 0.0145392
-20.118 0.0233175
-19.618 0.028804
-19.118 0.039777
-18.618 0.0655634
-18.118 0.104517
-17.618 0.141825
-17.118 0.205469
-16.618 0.2842
-16.118 0.399141
-15.618 0.534109
-15.118 0.733268
-14.618 0.902526
-14.118 1.16258
-13.618 1.4284
-13.118 1.68078
-12.618 1.95456
-12.118 2.1699
-11.618 2.48702
-11.118 2.63406
-10.618 2.73638
-10.118 2.86504
-9.61805 2.92813
-9.11805 2.92676
-8.61805 2.94761
-8.11805 2.89467
-7.61805 2.93746
-7.11805 2.88589
-6.61805 3.00138
-6.11805 2.98986
-5.61805 3.10233
-5.11805 3.22962
-4.61805 3.34511
-4.11805 3.30451
-3.61805 3.35992
-3.11805 3.30039
-2.61805 3.21233
-2.11805 3.1934
-1.61805 2.99123
-1.11805 2.9199
-0.618049 2.86202
-0.118049 2.79673
0.381951 2.79865
0.881951 2.94706
1.38195 3.00165
1.88195 3.15939
2.38195 3.19121
2.88195 3.30121
3.38195 3.37693
3.88195 3.34127
4.38195 3.27022
4.88195 3.25074
5.38195 3.09849
5.88195 3.03073
6.38195 2.96297
6.88195 2.91798
7.38195 2.88369
7.88195 2.86943
8.38195 2.88177
8.88195 2.92155
9.38195 2.92566
9.88195 2.86257
10.382 2.81703
10.882 2.68014
11.382 2.41954
11.882 2.21105
12.382 1.9189
12.882 1.69807
13.382 1.38616
13.882 1.10525
14.382 0.903349
14.882 0.6998
15.382 0.53164
15.882 0.411486
16.382 0.307791
16.882 0.231255
17.382 0.154993
17.882 0.10342
18.382 0.0798283
18.882 0.0512986
19.382 0.0326445
19.882 0.029627
20.382 0.0139905
20.882 0.0120703
21.382 0.010973
21.882 0.00603513
22.382 0.00630945
22.882 0.00438918
23.382 0.00329189
23.882 0.00219459
24.382 0.0010973
24.882 0.000274324
25.382 0.000274324
25.882 0.0010973
26.382 0.000822972
26.882 0.000548648
27.382 0.000274324
27.882 0
28.382 0
28.882 0
29.382 0.000274324
29.882 0
30.382 0.000274324
30.882 0.000548648
31.382 0
31.882 0.000274324
32.382 0
32.882 0.000274324
33.382 0
33.882 0
34.382 0
34.882 0.000274324
35.382 0
35.882 0
36.382 0
36.882 0
37.382 0
37.882 0
38.382 0
38.882 0
39.382 0
39.882 0
40.382 0
40.882 0
41.382 0
41.882 0
42.382 0
42.882 0
43.382 0
43.882 0
44.382 0
44.882 0
45.382 0
45.882 0
46.382 0
46.882 0
47.382 0
47.882 0
48.382 0
48.882 0
49.382 0
49.882 0
50.382 0
50.882 0
51.382 0
51.882 0
52.382 0
52.882 0
53.382 0
53.882 0
54.382 0
54.882 0
55.382 0
55.882 0
56.382 0
56.882 0
57.382 0
57.882 0
58.382 0
58.882 0
59.382 0
59.882 0
60.382 0
60.882 0
61.382 0
61.882 0
62.382 0
62.882 0
63.382 0
63.882 0
64.382 0
64.882 0
65.382 0
65.882 0
66.382 0
66.882 0
67.382 0
67.882 0
68.382 0
68.882 0
69.382 0
69.882 0
70.382 0
70.882 0
71.382 0
71.882 0
72.382 0
72.882 0
73.382 0
73.882 0
74.382 0
74.882 0
75.382 0
75.882 0
76.382 0
76.882 0
77.382 0
77.882 0
78.382 0
78.882 0
79.382 0
79.882 0
80.382 0
80.882 0
81.382 0
81.882 0
82.382 0
82.882 0
83.382 0
83.882 0
84.382 0
84.882 0
85.382 0
85.882 0
86.382 0
86.882 0
