# z rho/M
-88.0692 0
-87.5692 0
-87.0692 0
-86.5692 0
-86.0692 0
-85.5692 0
-85.0692 0
-84.5692 0
-84.0692 0
-83.5692 0
-83.0692 0
-82.5692 0
-82.0692 0
-81.5692 0
-81.0692 0
-80.5692 0
-80.0692 0
-79.5692 0
-79.0692 0
-78.5692 0
-78.0692 0
-77.5692 0
-77.0692 0
-76.5692 0
-76.0692 0
-75.5692 0
-75.0692 0
-74.5692 0
-74.0692 0
-73.5692 0
-73.0692 0
-72.5692 0
-72.0692 0
-71.5692 0
-71.0692 0
-70.5692 0
-70.0692 0
-69.5692 0
-69.0692 0
-68.5692 0
-68.0692 0
-67.5692 0
-67.0692 0
-66.5692 0
-66.0692 0
-65.5692 0
-65.0692 0
-64.5692 0
-64.0692 0
-63.5692 0
-63.0692 0
-62.5692 0
-62.0692 0
-61.5692 0
-61.0692 0
-60.5692 0
-60.0692 0
-59.5692 0
-59.0692 0
-58.5692 0
-58.0692 0
-57.5692 0
-57.0692 0
-56.5692 0
-56.0692 0
-55.5692 0
-55.0692 0
-54.5692 0
-54.0692 0
-53.5692 0
-53.0692 0
-52.5692 0
-52.0692 0
-51.5692 0
-51.0692 0
-50.5692 0
-50.0692 0
-49.5692 0
-49.0692 0
-48.5692 0
-48.0692 0
-47.5692 0
-47.0692 0
-46.5692 0
-46.0692 0
-45.5692 0
-45.0692 0
-44.5692 0
-44.0692 0
-43.5692 0
-43.0692 0
-42.5692 0
-42.0692 0
-41.5692 0
-41.0692 0
-40.5692 0
-40.0692 0
-39.5692 0
-39.0692 0
-38.5692 0
-38.0692 0
-37.5692 0
-37.0692 0
-36.5692 0
-36.0692 0
-35.5692 0
-35.0692 0
-34.5692 0
-34.0692 0
-33.5692 0
-33.0692 0
-32.5692 0
-32.0692 0
-31.5692 0
-31.0692 0
-30.5692 0.000277319
-30.0692 0
-29.5692 0
-29.0692 0
-28.5692 0.000277319
-28.0692 0
-27.5692 0.000277319
-27.0692 0
-26.5692 0
-26.0692 0.000831957
-25.5692 0.000554638
-25.0692 0.000554638
-24.5692 0.000554638
-24.0692 0.000554638
-23.5692 0.00249587
-23.0692 0.00166391
-22.5692 0.00305051
-22.0692 0.00471442
-21.5692 0.00859689
-21.0692 0.00693297
-20.5692 0.0158072
-20.0692 0.0235721
-19.5692 0.032169
-19.0692 0.0496401
-18.5692 0.0745988
-18.0692 0.107045
-17.5692 0.148643
-17.0692 0.199947
-16.5692 0.285084
-16.0692 0.392406
-15.5692 0.539385
-15.0692 0.721861
-14.5692 0.887143
-14.0692 1.16557
-13.5692 1.41599
-13.0692 1.7044
-12.5692 2.04578
-12.0692 2.25821
-11.5692 2.49365
-11.0692 2.69859
-10.5692 2.83975
-10.0692 2.9687
-9.56917 2.95428
-9.06917 2.88744
-8.56917 2.97119
-8.06917 2.90325
-7.56917 2.91545
-7.06917 2.91989
-6.56917 3.00392
-6.06917 3.08129
-5.56917 3.14702
-5.06917 3.22661
-4.56917 3.30647
-4.06917 3.36249
-3.56917 3.36166
-3.06917 3.34724
-2.56917 3.3184
-2.06917 3.1387
-1.56917 3.03858
-1.06917 2.90935
-0.569174 2.88495
-0.0691736 2.83891
0.430826 2.86443
0.930826 2.92987
1.43083 3.02555
1.93083 3.157
2.43083 3.31757
2.93083 3.34779
3.43083 3.35279
3.93083 3.37802
4.43083 3.35334
4.93083 3.19471
5.43083 3.14923
5.93083 3.06715
6.43083 3.01723
6.93083 2.88994
7.43083 2.92932
7.93083 2.93708
8.43083 2.91434
8.93083 2.98783
9.43083 2.92433
9.93083 2.91739
10.4308 2.81701
10.9308 2.63924
11.4308 2.49282
11.9308 2.26986
12.4308 2.02387
12.9308 1.71855
13.4308 1.40712
13.9308 1.16197
14.4308 0.953977
14.9308 0.731567
15.4308 0.517477
15.9308 0.427071
16.4308 0.277319
16.9308 0.224351
17.4308 0.155299
17.9308 0.103163
18.4308 0.0640607
18.9308 0.0460349
19.4308 0.0324463
19.9308 0.0180257
20.4308 0.0135886
20.9308 0.00610102
21.4308 0.00471442
21.9308 0.00526906
22.4308 0.00305051
22.9308 0.00249587
23.4308 0.00138659
23.9308 0.000831957
24.4308 0.000554638
24.9308 0.000554638
25.4308 0
25.9308 0.000277319
26.4308 0
26.9308 0
27.4308 0
27.9308 0
28.4308 0
28.9308 0
29.4308 0
29.9308 0
30.4308 0
30.9308 0
31.4308 0
31.9308 0
32.4308 0
32.9308 0
33.4308 0
33.9308 0
34.4308 0
34.9308 0
35.4308 0
35.9308 0
36.4308 0
36.9308 0
37.4308 0
37.9308 0
38.4308 0
38.9308 0
39.4308 0
39.9308 0
40.4308 0
40.9308 0
41.4308 0
41.9308 0
42.4308 0
42.9308 0
43.4308 0
43.9308 0
44.4308 0
44.9308 0
45.4308 0
45.9308 0
46.4308 0
46.9308 0
47.4308 0
47.9308 0
48.4308 0
48.9308 0
49.4308 0
49.9308 0
50.4308 0
50.9308 0
51.4308 0
51.9308 0
52.4308 0
52.9308 0
53.4308 0
53.9308 0
54.4308 0
54.9308 0
55.4308 0
55.9308 0
56.4308 0
56.9308 0
57.4308 0
57.9308 0
58.4308 0
58.9308 0
59.4308 0
59.9308 0
60.4308 0
60.9308 0
61.4308 0
61.9308 0
62.4308 0
62.9308 0
63.4308 0
63.9308 0
64.4308 0
64.9308 0
65.4308 0
65.9308 0
66.4308 0
66.9308 0
67.4308 0
67.9308 0
68.4308 0
68.9308 0
69.4308 0
69.9308 0
70.4308 0
70.9308 0
71.4308 0
71.9308 0
72.4308 0
72.9308 0
73.4308 0
73.9308 0
74.4308 0
74.9308 0
75.4308 0
75.9308 0
76.4308 0
76.9308 0
77.4308 0
77.9308 0
78.4308 0
78.9308 0
79.4308 0
79.9308 0
80.4308 0
80.9308 0
81.4308 0
81.9308 0
82.4308 0
82.9308 0
83.4308 0
83.9308 0
84.4308 0
84.9308 0
85.4308 0
85.9308 0
86.4308 0
86.9308 0
87.4308 0
87.9308 0
